#         T/K          A/kJ          G/kJ
 2.500000E+02  7.895133E+01  7.895645E+01
 2.502500E+02  7.891060E+01  7.891571E+01
 2.505000E+02  7.886983E+01  7.887495E+01
 2.507500E+02  7.882905E+01  7.883416E+01
 2.510000E+02  7.878823E+01  7.879335E+01
 2.512500E+02  7.874740E+01  7.875251E+01
 2.515000E+02  7.870653E+01  7.871165E+01
 2.517500E+02  7.866564E+01  7.867076E+01
 2.520000E+02  7.862473E+01  7.862985E+01
 2.522500E+02  7.858379E+01  7.858891E+01
 2.525000E+02  7.854282E+01  7.854794E+01
 2.527500E+02  7.850183E+01  7.850695E+01
 2.530000E+02  7.846082E+01  7.846594E+01
 2.532500E+02  7.841978E+01  7.842490E+01
 2.535000E+02  7.837871E+01  7.838383E+01
 2.537500E+02  7.833762E+01  7.834274E+01
 2.540000E+02  7.829650E+01  7.830162E+01
 2.542500E+02  7.825536E+01  7.826048E+01
 2.545000E+02  7.821420E+01  7.821932E+01
 2.547500E+02  7.817300E+01  7.817813E+01
 2.550000E+02  7.813179E+01  7.813691E+01
 2.552500E+02  7.809055E+01  7.809567E+01
 2.555000E+02  7.804928E+01  7.805440E+01
 2.557500E+02  7.800799E+01  7.801311E+01
 2.560000E+02  7.796667E+01  7.797180E+01
 2.562500E+02  7.792533E+01  7.793045E+01
 2.565000E+02  7.788396E+01  7.788909E+01
 2.567500E+02  7.784257E+01  7.784770E+01
 2.570000E+02  7.780116E+01  7.780628E+01
 2.572500E+02  7.775972E+01  7.776484E+01
 2.575000E+02  7.771825E+01  7.772338E+01
 2.577500E+02  7.767676E+01  7.768189E+01
 2.580000E+02  7.763525E+01  7.764037E+01
 2.582500E+02  7.759371E+01  7.759884E+01
 2.585000E+02  7.755214E+01  7.755727E+01
 2.587500E+02  7.751056E+01  7.751568E+01
 2.590000E+02  7.746894E+01  7.747407E+01
 2.592500E+02  7.742731E+01  7.743243E+01
 2.595000E+02  7.738564E+01  7.739077E+01
 2.597500E+02  7.734396E+01  7.734909E+01
 2.600000E+02  7.730225E+01  7.730738E+01
 2.602500E+02  7.726051E+01  7.726564E+01
 2.605000E+02  7.721875E+01  7.722388E+01
 2.607500E+02  7.717697E+01  7.718210E+01
 2.610000E+02  7.713516E+01  7.714029E+01
 2.612500E+02  7.709332E+01  7.709846E+01
 2.615000E+02  7.705147E+01  7.705660E+01
 2.617500E+02  7.700959E+01  7.701472E+01
 2.620000E+02  7.696768E+01  7.697281E+01
 2.622500E+02  7.692575E+01  7.693088E+01
 2.625000E+02  7.688380E+01  7.688893E+01
 2.627500E+02  7.684182E+01  7.684695E+01
 2.630000E+02  7.679982E+01  7.680495E+01
 2.632500E+02  7.675779E+01  7.676293E+01
 2.635000E+02  7.671574E+01  7.672088E+01
 2.637500E+02  7.667367E+01  7.667880E+01
 2.640000E+02  7.663157E+01  7.663670E+01
 2.642500E+02  7.658944E+01  7.659458E+01
 2.645000E+02  7.654730E+01  7.655244E+01
 2.647500E+02  7.650513E+01  7.651027E+01
 2.650000E+02  7.646293E+01  7.646807E+01
 2.652500E+02  7.642072E+01  7.642585E+01
 2.655000E+02  7.637847E+01  7.638361E+01
 2.657500E+02  7.633621E+01  7.634135E+01
 2.660000E+02  7.629392E+01  7.629906E+01
 2.662500E+02  7.625161E+01  7.625675E+01
 2.665000E+02  7.620927E+01  7.621441E+01
 2.667500E+02  7.616691E+01  7.617205E+01
 2.670000E+02  7.612453E+01  7.612967E+01
 2.672500E+02  7.608212E+01  7.608726E+01
 2.675000E+02  7.603969E+01  7.604483E+01
 2.677500E+02  7.599723E+01  7.600238E+01
 2.680000E+02  7.595475E+01  7.595990E+01
 2.682500E+02  7.591225E+01  7.591740E+01
 2.685000E+02  7.586973E+01  7.587487E+01
 2.687500E+02  7.582718E+01  7.583232E+01
 2.690000E+02  7.578461E+01  7.578975E+01
 2.692500E+02  7.574201E+01  7.574716E+01
 2.695000E+02  7.569939E+01  7.570454E+01
 2.697500E+02  7.565675E+01  7.566190E+01
 2.700000E+02  7.561408E+01  7.561923E+01
 2.702500E+02  7.557140E+01  7.557654E+01
 2.705000E+02  7.552868E+01  7.553383E+01
 2.707500E+02  7.548595E+01  7.549110E+01
 2.710000E+02  7.544319E+01  7.544834E+01
 2.712500E+02  7.540041E+01  7.540556E+01
 2.715000E+02  7.535760E+01  7.536275E+01
 2.717500E+02  7.531478E+01  7.531992E+01
 2.720000E+02  7.527192E+01  7.527707E+01
 2.722500E+02  7.522905E+01  7.523420E+01
 2.725000E+02  7.518615E+01  7.519130E+01
 2.727500E+02  7.514323E+01  7.514838E+01
 2.730000E+02  7.510029E+01  7.510544E+01
 2.732500E+02  7.505732E+01  7.506248E+01
 2.735000E+02  7.501434E+01  7.501949E+01
 2.737500E+02  7.497132E+01  7.497648E+01
 2.740000E+02  7.492829E+01  7.493344E+01
 2.742500E+02  7.488523E+01  7.489039E+01
 2.745000E+02  7.484215E+01  7.484731E+01
 2.747500E+02  7.479905E+01  7.480420E+01
 2.750000E+02  7.475592E+01  7.476108E+01
 2.752500E+02  7.471277E+01  7.471793E+01
 2.755000E+02  7.466960E+01  7.467476E+01
 2.757500E+02  7.462641E+01  7.463157E+01
 2.760000E+02  7.458319E+01  7.458835E+01
 2.762500E+02  7.453995E+01  7.454511E+01
 2.765000E+02  7.449669E+01  7.450185E+01
 2.767500E+02  7.445341E+01  7.445857E+01
 2.770000E+02  7.441010E+01  7.441526E+01
 2.772500E+02  7.436677E+01  7.437193E+01
 2.775000E+02  7.432342E+01  7.432858E+01
 2.777500E+02  7.428005E+01  7.428520E+01
 2.780000E+02  7.423665E+01  7.424181E+01
 2.782500E+02  7.419323E+01  7.419839E+01
 2.785000E+02  7.414979E+01  7.415495E+01
 2.787500E+02  7.410632E+01  7.411149E+01
 2.790000E+02  7.406284E+01  7.406800E+01
 2.792500E+02  7.401933E+01  7.402449E+01
 2.795000E+02  7.397580E+01  7.398096E+01
 2.797500E+02  7.393225E+01  7.393741E+01
 2.800000E+02  7.388867E+01  7.389383E+01
 2.802500E+02  7.384507E+01  7.385024E+01
 2.805000E+02  7.380145E+01  7.380662E+01
 2.807500E+02  7.375781E+01  7.376298E+01
 2.810000E+02  7.371415E+01  7.371931E+01
 2.812500E+02  7.367046E+01  7.367563E+01
 2.815000E+02  7.362676E+01  7.363192E+01
 2.817500E+02  7.358303E+01  7.358819E+01
 2.820000E+02  7.353927E+01  7.354444E+01
 2.822500E+02  7.349550E+01  7.350067E+01
 2.825000E+02  7.345170E+01  7.345687E+01
 2.827500E+02  7.340789E+01  7.341305E+01
 2.830000E+02  7.336405E+01  7.336921E+01
 2.832500E+02  7.332018E+01  7.332535E+01
 2.835000E+02  7.327630E+01  7.328147E+01
 2.837500E+02  7.323239E+01  7.323756E+01
 2.840000E+02  7.318847E+01  7.319364E+01
 2.842500E+02  7.314452E+01  7.314969E+01
 2.845000E+02  7.310055E+01  7.310572E+01
 2.847500E+02  7.305656E+01  7.306173E+01
 2.850000E+02  7.301254E+01  7.301771E+01
 2.852500E+02  7.296851E+01  7.297368E+01
 2.855000E+02  7.292445E+01  7.292962E+01
 2.857500E+02  7.288037E+01  7.288554E+01
 2.860000E+02  7.283627E+01  7.284144E+01
 2.862500E+02  7.279215E+01  7.279732E+01
 2.865000E+02  7.274800E+01  7.275317E+01
 2.867500E+02  7.270384E+01  7.270901E+01
 2.870000E+02  7.265965E+01  7.266482E+01
 2.872500E+02  7.261544E+01  7.262061E+01
 2.875000E+02  7.257121E+01  7.257638E+01
 2.877500E+02  7.252696E+01  7.253213E+01
 2.880000E+02  7.248268E+01  7.248786E+01
 2.882500E+02  7.243839E+01  7.244357E+01
 2.885000E+02  7.239407E+01  7.239925E+01
 2.887500E+02  7.234974E+01  7.235491E+01
 2.890000E+02  7.230538E+01  7.231056E+01
 2.892500E+02  7.226100E+01  7.226618E+01
 2.895000E+02  7.221660E+01  7.222178E+01
 2.897500E+02  7.217218E+01  7.217735E+01
 2.900000E+02  7.212773E+01  7.213291E+01
 2.902500E+02  7.208327E+01  7.208845E+01
 2.905000E+02  7.203878E+01  7.204396E+01
 2.907500E+02  7.199427E+01  7.199945E+01
 2.910000E+02  7.194975E+01  7.195493E+01
 2.912500E+02  7.190520E+01  7.191038E+01
 2.915000E+02  7.186062E+01  7.186581E+01
 2.917500E+02  7.181603E+01  7.182122E+01
 2.920000E+02  7.177142E+01  7.177660E+01
 2.922500E+02  7.172679E+01  7.173197E+01
 2.925000E+02  7.168213E+01  7.168731E+01
 2.927500E+02  7.163746E+01  7.164264E+01
 2.930000E+02  7.159276E+01  7.159794E+01
 2.932500E+02  7.154804E+01  7.155322E+01
 2.935000E+02  7.150330E+01  7.150849E+01
 2.937500E+02  7.145854E+01  7.146373E+01
 2.940000E+02  7.141376E+01  7.141895E+01
 2.942500E+02  7.136896E+01  7.137415E+01
 2.945000E+02  7.132414E+01  7.132932E+01
 2.947500E+02  7.127929E+01  7.128448E+01
 2.950000E+02  7.123443E+01  7.123962E+01
 2.952500E+02  7.118954E+01  7.119473E+01
 2.955000E+02  7.114464E+01  7.114983E+01
 2.957500E+02  7.109971E+01  7.110490E+01
 2.960000E+02  7.105476E+01  7.105995E+01
 2.962500E+02  7.100980E+01  7.101499E+01
 2.965000E+02  7.096481E+01  7.097000E+01
 2.967500E+02  7.091980E+01  7.092499E+01
 2.970000E+02  7.087477E+01  7.087996E+01
 2.972500E+02  7.082972E+01  7.083491E+01
 2.975000E+02  7.078465E+01  7.078984E+01
 2.977500E+02  7.073955E+01  7.074475E+01
 2.980000E+02  7.069444E+01  7.069963E+01
 2.982500E+02  7.064931E+01  7.065450E+01
 2.985000E+02  7.060415E+01  7.060935E+01
 2.987500E+02  7.055898E+01  7.056417E+01
 2.990000E+02  7.051379E+01  7.051898E+01
 2.992500E+02  7.046857E+01  7.047377E+01
 2.995000E+02  7.042334E+01  7.042853E+01
 2.997500E+02  7.037808E+01  7.038327E+01
 3.000000E+02  7.033280E+01  7.033800E+01
 3.002500E+02  7.028751E+01  7.029270E+01
 3.005000E+02  7.024219E+01  7.024738E+01
 3.007500E+02  7.019685E+01  7.020205E+01
 3.010000E+02  7.015149E+01  7.015669E+01
 3.012500E+02  7.010611E+01  7.011131E+01
 3.015000E+02  7.006071E+01  7.006591E+01
 3.017500E+02  7.001530E+01  7.002049E+01
 3.020000E+02  6.996986E+01  6.997506E+01
 3.022500E+02  6.992440E+01  6.992960E+01
 3.025000E+02  6.987892E+01  6.988412E+01
 3.027500E+02  6.983342E+01  6.983862E+01
 3.030000E+02  6.978790E+01  6.979310E+01
 3.032500E+02  6.974236E+01  6.974756E+01
 3.035000E+02  6.969679E+01  6.970200E+01
 3.037500E+02  6.965121E+01  6.965642E+01
 3.040000E+02  6.960561E+01  6.961081E+01
 3.042500E+02  6.955999E+01  6.956519E+01
 3.045000E+02  6.951435E+01  6.951955E+01
 3.047500E+02  6.946869E+01  6.947389E+01
 3.050000E+02  6.942301E+01  6.942821E+01
 3.052500E+02  6.937730E+01  6.938251E+01
 3.055000E+02  6.933158E+01  6.933679E+01
 3.057500E+02  6.928584E+01  6.929105E+01
 3.060000E+02  6.924008E+01  6.924529E+01
 3.062500E+02  6.919430E+01  6.919950E+01
 3.065000E+02  6.914850E+01  6.915370E+01
 3.067500E+02  6.910267E+01  6.910788E+01
 3.070000E+02  6.905683E+01  6.906204E+01
 3.072500E+02  6.901097E+01  6.901618E+01
 3.075000E+02  6.896509E+01  6.897030E+01
 3.077500E+02  6.891919E+01  6.892440E+01
 3.080000E+02  6.887327E+01  6.887847E+01
 3.082500E+02  6.882732E+01  6.883253E+01
 3.085000E+02  6.878136E+01  6.878657E+01
 3.087500E+02  6.873538E+01  6.874059E+01
 3.090000E+02  6.868938E+01  6.869459E+01
 3.092500E+02  6.864336E+01  6.864857E+01
 3.095000E+02  6.859732E+01  6.860253E+01
 3.097500E+02  6.855126E+01  6.855647E+01
 3.100000E+02  6.850518E+01  6.851039E+01
 3.102500E+02  6.845908E+01  6.846429E+01
 3.105000E+02  6.841296E+01  6.841817E+01
 3.107500E+02  6.836682E+01  6.837203E+01
 3.110000E+02  6.832066E+01  6.832587E+01
 3.112500E+02  6.827448E+01  6.827970E+01
 3.115000E+02  6.822828E+01  6.823350E+01
 3.117500E+02  6.818206E+01  6.818728E+01
 3.120000E+02  6.813583E+01  6.814104E+01
 3.122500E+02  6.808957E+01  6.809478E+01
 3.125000E+02  6.804329E+01  6.804851E+01
 3.127500E+02  6.799699E+01  6.800221E+01
 3.130000E+02  6.795068E+01  6.795589E+01
 3.132500E+02  6.790434E+01  6.790956E+01
 3.135000E+02  6.785798E+01  6.786320E+01
 3.137500E+02  6.781161E+01  6.781683E+01
 3.140000E+02  6.776521E+01  6.777043E+01
 3.142500E+02  6.771880E+01  6.772402E+01
 3.145000E+02  6.767237E+01  6.767759E+01
 3.147500E+02  6.762591E+01  6.763113E+01
 3.150000E+02  6.757944E+01  6.758466E+01
 3.152500E+02  6.753295E+01  6.753817E+01
 3.155000E+02  6.748643E+01  6.749166E+01
 3.157500E+02  6.743990E+01  6.744512E+01
 3.160000E+02  6.739335E+01  6.739857E+01
 3.162500E+02  6.734678E+01  6.735200E+01
 3.165000E+02  6.730019E+01  6.730541E+01
 3.167500E+02  6.725358E+01  6.725880E+01
 3.170000E+02  6.720695E+01  6.721218E+01
 3.172500E+02  6.716030E+01  6.716553E+01
 3.175000E+02  6.711364E+01  6.711886E+01
 3.177500E+02  6.706695E+01  6.707217E+01
 3.180000E+02  6.702024E+01  6.702547E+01
 3.182500E+02  6.697352E+01  6.697874E+01
 3.185000E+02  6.692677E+01  6.693200E+01
 3.187500E+02  6.688001E+01  6.688523E+01
 3.190000E+02  6.683322E+01  6.683845E+01
 3.192500E+02  6.678642E+01  6.679165E+01
 3.195000E+02  6.673960E+01  6.674482E+01
 3.197500E+02  6.669275E+01  6.669798E+01
 3.200000E+02  6.664589E+01  6.665112E+01
 3.202500E+02  6.659901E+01  6.660424E+01
 3.205000E+02  6.655211E+01  6.655734E+01
 3.207500E+02  6.650519E+01  6.651042E+01
 3.210000E+02  6.645825E+01  6.646348E+01
 3.212500E+02  6.641130E+01  6.641653E+01
 3.215000E+02  6.636432E+01  6.636955E+01
 3.217500E+02  6.631732E+01  6.632256E+01
 3.220000E+02  6.627031E+01  6.627554E+01
 3.222500E+02  6.622327E+01  6.622851E+01
 3.225000E+02  6.617622E+01  6.618145E+01
 3.227500E+02  6.612915E+01  6.613438E+01
 3.230000E+02  6.608205E+01  6.608729E+01
 3.232500E+02  6.603494E+01  6.604018E+01
 3.235000E+02  6.598781E+01  6.599305E+01
 3.237500E+02  6.594066E+01  6.594590E+01
 3.240000E+02  6.589349E+01  6.589873E+01
 3.242500E+02  6.584631E+01  6.585154E+01
 3.245000E+02  6.579910E+01  6.580434E+01
 3.247500E+02  6.575187E+01  6.575711E+01
 3.250000E+02  6.570463E+01  6.570986E+01
 3.252500E+02  6.565736E+01  6.566260E+01
 3.255000E+02  6.561008E+01  6.561532E+01
 3.257500E+02  6.556278E+01  6.556802E+01
 3.260000E+02  6.551545E+01  6.552069E+01
 3.262500E+02  6.546811E+01  6.547335E+01
 3.265000E+02  6.542075E+01  6.542599E+01
 3.267500E+02  6.537338E+01  6.537862E+01
 3.270000E+02  6.532598E+01  6.533122E+01
 3.272500E+02  6.527856E+01  6.528380E+01
 3.275000E+02  6.523112E+01  6.523637E+01
 3.277500E+02  6.518367E+01  6.518891E+01
 3.280000E+02  6.513619E+01  6.514144E+01
 3.282500E+02  6.508870E+01  6.509394E+01
 3.285000E+02  6.504119E+01  6.504643E+01
 3.287500E+02  6.499366E+01  6.499890E+01
 3.290000E+02  6.494611E+01  6.495135E+01
 3.292500E+02  6.489854E+01  6.490378E+01
 3.295000E+02  6.485095E+01  6.485620E+01
 3.297500E+02  6.480334E+01  6.480859E+01
 3.300000E+02  6.475572E+01  6.476096E+01
 3.302500E+02  6.470807E+01  6.471332E+01
 3.305000E+02  6.466041E+01  6.466565E+01
 3.307500E+02  6.461273E+01  6.461797E+01
 3.310000E+02  6.456502E+01  6.457027E+01
 3.312500E+02  6.451730E+01  6.452255E+01
 3.315000E+02  6.446956E+01  6.447481E+01
 3.317500E+02  6.442180E+01  6.442705E+01
 3.320000E+02  6.437403E+01  6.437928E+01
 3.322500E+02  6.432623E+01  6.433148E+01
 3.325000E+02  6.427841E+01  6.428366E+01
 3.327500E+02  6.423058E+01  6.423583E+01
 3.330000E+02  6.418273E+01  6.418798E+01
 3.332500E+02  6.413485E+01  6.414011E+01
 3.335000E+02  6.408696E+01  6.409222E+01
 3.337500E+02  6.403905E+01  6.404431E+01
 3.340000E+02  6.399112E+01  6.399638E+01
 3.342500E+02  6.394318E+01  6.394843E+01
 3.345000E+02  6.389521E+01  6.390046E+01
 3.347500E+02  6.384723E+01  6.385248E+01
 3.350000E+02  6.379922E+01  6.380448E+01
 3.352500E+02  6.375120E+01  6.375645E+01
 3.355000E+02  6.370316E+01  6.370841E+01
 3.357500E+02  6.365510E+01  6.366035E+01
 3.360000E+02  6.360702E+01  6.361227E+01
 3.362500E+02  6.355892E+01  6.356417E+01
 3.365000E+02  6.351080E+01  6.351606E+01
 3.367500E+02  6.346266E+01  6.346792E+01
 3.370000E+02  6.341451E+01  6.341977E+01
 3.372500E+02  6.336634E+01  6.337159E+01
 3.375000E+02  6.331814E+01  6.332340E+01
 3.377500E+02  6.326993E+01  6.327519E+01
 3.380000E+02  6.322170E+01  6.322696E+01
 3.382500E+02  6.317345E+01  6.317871E+01
 3.385000E+02  6.312518E+01  6.313045E+01
 3.387500E+02  6.307690E+01  6.308216E+01
 3.390000E+02  6.302859E+01  6.303385E+01
 3.392500E+02  6.298027E+01  6.298553E+01
 3.395000E+02  6.293193E+01  6.293719E+01
 3.397500E+02  6.288356E+01  6.288883E+01
 3.400000E+02  6.283518E+01  6.284045E+01
 3.402500E+02  6.278678E+01  6.279205E+01
 3.405000E+02  6.273837E+01  6.274363E+01
 3.407500E+02  6.268993E+01  6.269519E+01
 3.410000E+02  6.264147E+01  6.264674E+01
 3.412500E+02  6.259300E+01  6.259827E+01
 3.415000E+02  6.254451E+01  6.254977E+01
 3.417500E+02  6.249600E+01  6.250126E+01
 3.420000E+02  6.244747E+01  6.245273E+01
 3.422500E+02  6.239892E+01  6.240418E+01
 3.425000E+02  6.235035E+01  6.235562E+01
 3.427500E+02  6.230176E+01  6.230703E+01
 3.430000E+02  6.225316E+01  6.225842E+01
 3.432500E+02  6.220453E+01  6.220980E+01
 3.435000E+02  6.215589E+01  6.216116E+01
 3.437500E+02  6.210723E+01  6.211250E+01
 3.440000E+02  6.205855E+01  6.206382E+01
 3.442500E+02  6.200985E+01  6.201512E+01
 3.445000E+02  6.196113E+01  6.196640E+01
 3.447500E+02  6.191239E+01  6.191767E+01
 3.450000E+02  6.186364E+01  6.186891E+01
 3.452500E+02  6.181486E+01  6.182014E+01
 3.455000E+02  6.176607E+01  6.177134E+01
 3.457500E+02  6.171726E+01  6.172253E+01
 3.460000E+02  6.166843E+01  6.167370E+01
 3.462500E+02  6.161958E+01  6.162486E+01
 3.465000E+02  6.157071E+01  6.157599E+01
 3.467500E+02  6.152183E+01  6.152710E+01
 3.470000E+02  6.147292E+01  6.147820E+01
 3.472500E+02  6.142400E+01  6.142928E+01
 3.475000E+02  6.137506E+01  6.138033E+01
 3.477500E+02  6.132610E+01  6.133137E+01
 3.480000E+02  6.127712E+01  6.128239E+01
 3.482500E+02  6.122812E+01  6.123340E+01
 3.485000E+02  6.117910E+01  6.118438E+01
 3.487500E+02  6.113007E+01  6.113534E+01
 3.490000E+02  6.108101E+01  6.108629E+01
 3.492500E+02  6.103194E+01  6.103722E+01
 3.495000E+02  6.098285E+01  6.098813E+01
 3.497500E+02  6.093374E+01  6.093902E+01
 3.500000E+02  6.088461E+01  6.088989E+01
 3.502500E+02  6.083546E+01  6.084074E+01
 3.505000E+02  6.078629E+01  6.079157E+01
 3.507500E+02  6.073711E+01  6.074239E+01
 3.510000E+02  6.068790E+01  6.069319E+01
 3.512500E+02  6.063868E+01  6.064396E+01
 3.515000E+02  6.058944E+01  6.059472E+01
 3.517500E+02  6.054018E+01  6.054546E+01
 3.520000E+02  6.049090E+01  6.049619E+01
 3.522500E+02  6.044160E+01  6.044689E+01
 3.525000E+02  6.039229E+01  6.039757E+01
 3.527500E+02  6.034295E+01  6.034824E+01
 3.530000E+02  6.029360E+01  6.029889E+01
 3.532500E+02  6.024423E+01  6.024951E+01
 3.535000E+02  6.019484E+01  6.020012E+01
 3.537500E+02  6.014543E+01  6.015072E+01
 3.540000E+02  6.009600E+01  6.010129E+01
 3.542500E+02  6.004655E+01  6.005184E+01
 3.545000E+02  5.999709E+01  6.000238E+01
 3.547500E+02  5.994760E+01  5.995289E+01
 3.550000E+02  5.989810E+01  5.990339E+01
 3.552500E+02  5.984858E+01  5.985387E+01
 3.555000E+02  5.979904E+01  5.980433E+01
 3.557500E+02  5.974948E+01  5.975477E+01
 3.560000E+02  5.969990E+01  5.970519E+01
 3.562500E+02  5.965031E+01  5.965560E+01
 3.565000E+02  5.960069E+01  5.960598E+01
 3.567500E+02  5.955106E+01  5.955635E+01
 3.570000E+02  5.950140E+01  5.950670E+01
 3.572500E+02  5.945173E+01  5.945703E+01
 3.575000E+02  5.940204E+01  5.940734E+01
 3.577500E+02  5.935234E+01  5.935763E+01
 3.580000E+02  5.930261E+01  5.930790E+01
 3.582500E+02  5.925286E+01  5.925816E+01
 3.585000E+02  5.920310E+01  5.920840E+01
 3.587500E+02  5.915332E+01  5.915861E+01
 3.590000E+02  5.910351E+01  5.910881E+01
 3.592500E+02  5.905369E+01  5.905899E+01
 3.595000E+02  5.900385E+01  5.900915E+01
 3.597500E+02  5.895400E+01  5.895930E+01
 3.600000E+02  5.890412E+01  5.890942E+01
 3.602500E+02  5.885422E+01  5.885952E+01
 3.605000E+02  5.880431E+01  5.880961E+01
 3.607500E+02  5.875438E+01  5.875968E+01
 3.610000E+02  5.870443E+01  5.870973E+01
 3.612500E+02  5.865446E+01  5.865976E+01
 3.615000E+02  5.860447E+01  5.860977E+01
 3.617500E+02  5.855446E+01  5.855976E+01
 3.620000E+02  5.850443E+01  5.850974E+01
 3.622500E+02  5.845439E+01  5.845969E+01
 3.625000E+02  5.840433E+01  5.840963E+01
 3.627500E+02  5.835424E+01  5.835955E+01
 3.630000E+02  5.830414E+01  5.830945E+01
 3.632500E+02  5.825402E+01  5.825933E+01
 3.635000E+02  5.820388E+01  5.820919E+01
 3.637500E+02  5.815373E+01  5.815903E+01
 3.640000E+02  5.810355E+01  5.810886E+01
 3.642500E+02  5.805336E+01  5.805866E+01
 3.645000E+02  5.800314E+01  5.800845E+01
 3.647500E+02  5.795291E+01  5.795822E+01
 3.650000E+02  5.790266E+01  5.790797E+01
 3.652500E+02  5.785239E+01  5.785770E+01
 3.655000E+02  5.780210E+01  5.780741E+01
 3.657500E+02  5.775180E+01  5.775711E+01
 3.660000E+02  5.770147E+01  5.770678E+01
 3.662500E+02  5.765113E+01  5.765644E+01
 3.665000E+02  5.760076E+01  5.760607E+01
 3.667500E+02  5.755038E+01  5.755569E+01
 3.670000E+02  5.749998E+01  5.750529E+01
 3.672500E+02  5.744956E+01  5.745487E+01
 3.675000E+02  5.739912E+01  5.740444E+01
 3.677500E+02  5.734867E+01  5.735398E+01
 3.680000E+02  5.729819E+01  5.730350E+01
 3.682500E+02  5.724770E+01  5.725301E+01
 3.685000E+02  5.719718E+01  5.720250E+01
 3.687500E+02  5.714665E+01  5.715197E+01
 3.690000E+02  5.709610E+01  5.710142E+01
 3.692500E+02  5.704553E+01  5.705085E+01
 3.695000E+02  5.699494E+01  5.700026E+01
 3.697500E+02  5.694434E+01  5.694965E+01
 3.700000E+02  5.689371E+01  5.689903E+01
 3.702500E+02  5.684307E+01  5.684838E+01
 3.705000E+02  5.679240E+01  5.679772E+01
 3.707500E+02  5.674172E+01  5.674704E+01
 3.710000E+02  5.669102E+01  5.669634E+01
 3.712500E+02  5.664030E+01  5.664562E+01
 3.715000E+02  5.658956E+01  5.659488E+01
 3.717500E+02  5.653880E+01  5.654413E+01
 3.720000E+02  5.648803E+01  5.649335E+01
 3.722500E+02  5.643723E+01  5.644256E+01
 3.725000E+02  5.638642E+01  5.639174E+01
 3.727500E+02  5.633559E+01  5.634091E+01
 3.730000E+02  5.628474E+01  5.629006E+01
 3.732500E+02  5.623387E+01  5.623919E+01
 3.735000E+02  5.618298E+01  5.618830E+01
 3.737500E+02  5.613207E+01  5.613740E+01
 3.740000E+02  5.608114E+01  5.608647E+01
 3.742500E+02  5.603020E+01  5.603553E+01
 3.745000E+02  5.597924E+01  5.598456E+01
 3.747500E+02  5.592825E+01  5.593358E+01
 3.750000E+02  5.587725E+01  5.588258E+01
 3.752500E+02  5.582623E+01  5.583156E+01
 3.755000E+02  5.577519E+01  5.578052E+01
 3.757500E+02  5.572413E+01  5.572946E+01
 3.760000E+02  5.567306E+01  5.567839E+01
 3.762500E+02  5.562196E+01  5.562729E+01
 3.765000E+02  5.557085E+01  5.557618E+01
 3.767500E+02  5.551971E+01  5.552504E+01
 3.770000E+02  5.546856E+01  5.547389E+01
 3.772500E+02  5.541739E+01  5.542272E+01
 3.775000E+02  5.536620E+01  5.537153E+01
 3.777500E+02  5.531499E+01  5.532032E+01
 3.780000E+02  5.526376E+01  5.526910E+01
 3.782500E+02  5.521252E+01  5.521785E+01
 3.785000E+02  5.516125E+01  5.516659E+01
 3.787500E+02  5.510997E+01  5.511530E+01
 3.790000E+02  5.505866E+01  5.506400E+01
 3.792500E+02  5.500734E+01  5.501268E+01
 3.795000E+02  5.495600E+01  5.496134E+01
 3.797500E+02  5.490464E+01  5.490998E+01
 3.800000E+02  5.485326E+01  5.485860E+01
 3.802500E+02  5.480187E+01  5.480721E+01
 3.805000E+02  5.475045E+01  5.475579E+01
 3.807500E+02  5.469901E+01  5.470436E+01
 3.810000E+02  5.464756E+01  5.465290E+01
 3.812500E+02  5.459609E+01  5.460143E+01
 3.815000E+02  5.454460E+01  5.454994E+01
 3.817500E+02  5.449309E+01  5.449843E+01
 3.820000E+02  5.444156E+01  5.444690E+01
 3.822500E+02  5.439001E+01  5.439535E+01
 3.825000E+02  5.433844E+01  5.434378E+01
 3.827500E+02  5.428685E+01  5.429220E+01
 3.830000E+02  5.423525E+01  5.424059E+01
 3.832500E+02  5.418362E+01  5.418897E+01
 3.835000E+02  5.413198E+01  5.413733E+01
 3.837500E+02  5.408032E+01  5.408567E+01
 3.840000E+02  5.402864E+01  5.403399E+01
 3.842500E+02  5.397694E+01  5.398229E+01
 3.845000E+02  5.392522E+01  5.393057E+01
 3.847500E+02  5.387348E+01  5.387883E+01
 3.850000E+02  5.382173E+01  5.382708E+01
 3.852500E+02  5.376995E+01  5.377530E+01
 3.855000E+02  5.371816E+01  5.372351E+01
 3.857500E+02  5.366634E+01  5.367169E+01
 3.860000E+02  5.361451E+01  5.361986E+01
 3.862500E+02  5.356266E+01  5.356801E+01
 3.865000E+02  5.351079E+01  5.351614E+01
 3.867500E+02  5.345890E+01  5.346425E+01
 3.870000E+02  5.340699E+01  5.341235E+01
 3.872500E+02  5.335507E+01  5.336042E+01
 3.875000E+02  5.330312E+01  5.330847E+01
 3.877500E+02  5.325115E+01  5.325651E+01
 3.880000E+02  5.319917E+01  5.320453E+01
 3.882500E+02  5.314717E+01  5.315252E+01
 3.885000E+02  5.309515E+01  5.310050E+01
 3.887500E+02  5.304311E+01  5.304846E+01
 3.890000E+02  5.299105E+01  5.299640E+01
 3.892500E+02  5.293897E+01  5.294433E+01
 3.895000E+02  5.288687E+01  5.289223E+01
 3.897500E+02  5.283475E+01  5.284011E+01
 3.900000E+02  5.278262E+01  5.278798E+01
 3.902500E+02  5.273046E+01  5.273582E+01
 3.905000E+02  5.267829E+01  5.268365E+01
 3.907500E+02  5.262610E+01  5.263146E+01
 3.910000E+02  5.257388E+01  5.257925E+01
 3.912500E+02  5.252165E+01  5.252702E+01
 3.915000E+02  5.246940E+01  5.247477E+01
 3.917500E+02  5.241714E+01  5.242250E+01
 3.920000E+02  5.236485E+01  5.237021E+01
 3.922500E+02  5.231254E+01  5.231791E+01
 3.925000E+02  5.226022E+01  5.226558E+01
 3.927500E+02  5.220787E+01  5.221324E+01
 3.930000E+02  5.215551E+01  5.216088E+01
 3.932500E+02  5.210313E+01  5.210849E+01
 3.935000E+02  5.205073E+01  5.205609E+01
 3.937500E+02  5.199830E+01  5.200367E+01
 3.940000E+02  5.194587E+01  5.195123E+01
 3.942500E+02  5.189341E+01  5.189878E+01
 3.945000E+02  5.184093E+01  5.184630E+01
 3.947500E+02  5.178843E+01  5.179380E+01
 3.950000E+02  5.173592E+01  5.174129E+01
 3.952500E+02  5.168338E+01  5.168876E+01
 3.955000E+02  5.163083E+01  5.163620E+01
 3.957500E+02  5.157826E+01  5.158363E+01
 3.960000E+02  5.152567E+01  5.153104E+01
 3.962500E+02  5.147305E+01  5.147843E+01
 3.965000E+02  5.142043E+01  5.142580E+01
 3.967500E+02  5.136778E+01  5.137315E+01
 3.970000E+02  5.131511E+01  5.132048E+01
 3.972500E+02  5.126242E+01  5.126780E+01
 3.975000E+02  5.120972E+01  5.121509E+01
 3.977500E+02  5.115699E+01  5.116237E+01
 3.980000E+02  5.110425E+01  5.110963E+01
 3.982500E+02  5.105149E+01  5.105686E+01
 3.985000E+02  5.099870E+01  5.100408E+01
 3.987500E+02  5.094590E+01  5.095128E+01
 3.990000E+02  5.089308E+01  5.089846E+01
 3.992500E+02  5.084024E+01  5.084562E+01
 3.995000E+02  5.078739E+01  5.079277E+01
 3.997500E+02  5.073451E+01  5.073989E+01
 4.000000E+02  5.068161E+01  5.068700E+01
 4.002500E+02  5.062870E+01  5.063408E+01
 4.005000E+02  5.057576E+01  5.058115E+01
 4.007500E+02  5.052281E+01  5.052820E+01
 4.010000E+02  5.046984E+01  5.047522E+01
 4.012500E+02  5.041685E+01  5.042223E+01
 4.015000E+02  5.036384E+01  5.036922E+01
 4.017500E+02  5.031081E+01  5.031619E+01
 4.020000E+02  5.025776E+01  5.026315E+01
 4.022500E+02  5.020469E+01  5.021008E+01
 4.025000E+02  5.015161E+01  5.015699E+01
 4.027500E+02  5.009850E+01  5.010389E+01
 4.030000E+02  5.004538E+01  5.005077E+01
 4.032500E+02  4.999223E+01  4.999762E+01
 4.035000E+02  4.993907E+01  4.994446E+01
 4.037500E+02  4.988589E+01  4.989128E+01
 4.040000E+02  4.983269E+01  4.983808E+01
 4.042500E+02  4.977947E+01  4.978486E+01
 4.045000E+02  4.972623E+01  4.973162E+01
 4.047500E+02  4.967297E+01  4.967837E+01
 4.050000E+02  4.961969E+01  4.962509E+01
 4.052500E+02  4.956640E+01  4.957179E+01
 4.055000E+02  4.951308E+01  4.951848E+01
 4.057500E+02  4.945975E+01  4.946515E+01
 4.060000E+02  4.940640E+01  4.941179E+01
 4.062500E+02  4.935303E+01  4.935842E+01
 4.065000E+02  4.929963E+01  4.930503E+01
 4.067500E+02  4.924622E+01  4.925162E+01
 4.070000E+02  4.919280E+01  4.919819E+01
 4.072500E+02  4.913935E+01  4.914475E+01
 4.075000E+02  4.908588E+01  4.909128E+01
 4.077500E+02  4.903239E+01  4.903780E+01
 4.080000E+02  4.897889E+01  4.898429E+01
 4.082500E+02  4.892536E+01  4.893077E+01
 4.085000E+02  4.887182E+01  4.887722E+01
 4.087500E+02  4.881826E+01  4.882366E+01
 4.090000E+02  4.876468E+01  4.877008E+01
 4.092500E+02  4.871108E+01  4.871648E+01
 4.095000E+02  4.865746E+01  4.866286E+01
 4.097500E+02  4.860382E+01  4.860923E+01
 4.100000E+02  4.855016E+01  4.855557E+01
 4.102500E+02  4.849649E+01  4.850189E+01
 4.105000E+02  4.844279E+01  4.844820E+01
 4.107500E+02  4.838908E+01  4.839449E+01
 4.110000E+02  4.833534E+01  4.834075E+01
 4.112500E+02  4.828159E+01  4.828700E+01
 4.115000E+02  4.822782E+01  4.823323E+01
 4.117500E+02  4.817403E+01  4.817944E+01
 4.120000E+02  4.812022E+01  4.812563E+01
 4.122500E+02  4.806639E+01  4.807180E+01
 4.125000E+02  4.801254E+01  4.801796E+01
 4.127500E+02  4.795868E+01  4.796409E+01
 4.130000E+02  4.790479E+01  4.791021E+01
 4.132500E+02  4.785089E+01  4.785630E+01
 4.135000E+02  4.779696E+01  4.780238E+01
 4.137500E+02  4.774302E+01  4.774844E+01
 4.140000E+02  4.768906E+01  4.769448E+01
 4.142500E+02  4.763508E+01  4.764050E+01
 4.145000E+02  4.758108E+01  4.758650E+01
 4.147500E+02  4.752706E+01  4.753248E+01
 4.150000E+02  4.747303E+01  4.747845E+01
 4.152500E+02  4.741897E+01  4.742439E+01
 4.155000E+02  4.736490E+01  4.737032E+01
 4.157500E+02  4.731080E+01  4.731622E+01
 4.160000E+02  4.725669E+01  4.726211E+01
 4.162500E+02  4.720256E+01  4.720798E+01
 4.165000E+02  4.714841E+01  4.715383E+01
 4.167500E+02  4.709424E+01  4.709966E+01
 4.170000E+02  4.704005E+01  4.704547E+01
 4.172500E+02  4.698584E+01  4.699127E+01
 4.175000E+02  4.693161E+01  4.693704E+01
 4.177500E+02  4.687737E+01  4.688280E+01
 4.180000E+02  4.682310E+01  4.682853E+01
 4.182500E+02  4.676882E+01  4.677425E+01
 4.185000E+02  4.671452E+01  4.671995E+01
 4.187500E+02  4.666020E+01  4.666563E+01
 4.190000E+02  4.660586E+01  4.661129E+01
 4.192500E+02  4.655150E+01  4.655693E+01
 4.195000E+02  4.649712E+01  4.650255E+01
 4.197500E+02  4.644272E+01  4.644816E+01
 4.200000E+02  4.638831E+01  4.639374E+01
 4.202500E+02  4.633387E+01  4.633931E+01
 4.205000E+02  4.627942E+01  4.628485E+01
 4.207500E+02  4.622495E+01  4.623038E+01
 4.210000E+02  4.617046E+01  4.617589E+01
 4.212500E+02  4.611595E+01  4.612138E+01
 4.215000E+02  4.606142E+01  4.606686E+01
 4.217500E+02  4.600687E+01  4.601231E+01
 4.220000E+02  4.595231E+01  4.595774E+01
 4.222500E+02  4.589772E+01  4.590316E+01
 4.225000E+02  4.584312E+01  4.584856E+01
 4.227500E+02  4.578849E+01  4.579393E+01
 4.230000E+02  4.573385E+01  4.573929E+01
 4.232500E+02  4.567919E+01  4.568463E+01
 4.235000E+02  4.562451E+01  4.562995E+01
 4.237500E+02  4.556981E+01  4.557526E+01
 4.240000E+02  4.551510E+01  4.552054E+01
 4.242500E+02  4.546036E+01  4.546581E+01
 4.245000E+02  4.540561E+01  4.541105E+01
 4.247500E+02  4.535083E+01  4.535628E+01
 4.250000E+02  4.529604E+01  4.530149E+01
 4.252500E+02  4.524123E+01  4.524668E+01
 4.255000E+02  4.518640E+01  4.519185E+01
 4.257500E+02  4.513155E+01  4.513700E+01
 4.260000E+02  4.507669E+01  4.508214E+01
 4.262500E+02  4.502180E+01  4.502725E+01
 4.265000E+02  4.496690E+01  4.497235E+01
 4.267500E+02  4.491197E+01  4.491742E+01
 4.270000E+02  4.485703E+01  4.486248E+01
 4.272500E+02  4.480207E+01  4.480752E+01
 4.275000E+02  4.474709E+01  4.475254E+01
 4.277500E+02  4.469209E+01  4.469755E+01
 4.280000E+02  4.463708E+01  4.464253E+01
 4.282500E+02  4.458204E+01  4.458750E+01
 4.285000E+02  4.452699E+01  4.453244E+01
 4.287500E+02  4.447192E+01  4.447737E+01
 4.290000E+02  4.441683E+01  4.442228E+01
 4.292500E+02  4.436172E+01  4.436717E+01
 4.295000E+02  4.430659E+01  4.431204E+01
 4.297500E+02  4.425144E+01  4.425690E+01
 4.300000E+02  4.419627E+01  4.420173E+01
 4.302500E+02  4.414109E+01  4.414655E+01
 4.305000E+02  4.408589E+01  4.409135E+01
 4.307500E+02  4.403067E+01  4.403613E+01
 4.310000E+02  4.397543E+01  4.398089E+01
 4.312500E+02  4.392017E+01  4.392563E+01
 4.315000E+02  4.386489E+01  4.387035E+01
 4.317500E+02  4.380959E+01  4.381506E+01
 4.320000E+02  4.375428E+01  4.375974E+01
 4.322500E+02  4.369895E+01  4.370441E+01
 4.325000E+02  4.364360E+01  4.364906E+01
 4.327500E+02  4.358823E+01  4.359369E+01
 4.330000E+02  4.353284E+01  4.353830E+01
 4.332500E+02  4.347743E+01  4.348290E+01
 4.335000E+02  4.342200E+01  4.342747E+01
 4.337500E+02  4.336656E+01  4.337203E+01
 4.340000E+02  4.331110E+01  4.331657E+01
 4.342500E+02  4.325562E+01  4.326109E+01
 4.345000E+02  4.320012E+01  4.320559E+01
 4.347500E+02  4.314460E+01  4.315007E+01
 4.350000E+02  4.308906E+01  4.309454E+01
 4.352500E+02  4.303351E+01  4.303898E+01
 4.355000E+02  4.297794E+01  4.298341E+01
 4.357500E+02  4.292235E+01  4.292782E+01
 4.360000E+02  4.286674E+01  4.287221E+01
 4.362500E+02  4.281111E+01  4.281658E+01
 4.365000E+02  4.275546E+01  4.276094E+01
 4.367500E+02  4.269980E+01  4.270527E+01
 4.370000E+02  4.264411E+01  4.264959E+01
 4.372500E+02  4.258841E+01  4.259389E+01
 4.375000E+02  4.253269E+01  4.253817E+01
 4.377500E+02  4.247695E+01  4.248243E+01
 4.380000E+02  4.242120E+01  4.242668E+01
 4.382500E+02  4.236542E+01  4.237090E+01
 4.385000E+02  4.230963E+01  4.231511E+01
 4.387500E+02  4.225382E+01  4.225930E+01
 4.390000E+02  4.219799E+01  4.220347E+01
 4.392500E+02  4.214214E+01  4.214762E+01
 4.395000E+02  4.208627E+01  4.209176E+01
 4.397500E+02  4.203039E+01  4.203587E+01
 4.400000E+02  4.197449E+01  4.197997E+01
 4.402500E+02  4.191856E+01  4.192405E+01
 4.405000E+02  4.186263E+01  4.186811E+01
 4.407500E+02  4.180667E+01  4.181216E+01
 4.410000E+02  4.175069E+01  4.175618E+01
 4.412500E+02  4.169470E+01  4.170019E+01
 4.415000E+02  4.163869E+01  4.164418E+01
 4.417500E+02  4.158266E+01  4.158815E+01
 4.420000E+02  4.152661E+01  4.153210E+01
 4.422500E+02  4.147054E+01  4.147604E+01
 4.425000E+02  4.141446E+01  4.141995E+01
 4.427500E+02  4.135836E+01  4.136385E+01
 4.430000E+02  4.130223E+01  4.130773E+01
 4.432500E+02  4.124610E+01  4.125159E+01
 4.435000E+02  4.118994E+01  4.119544E+01
 4.437500E+02  3.748382E+01  4.113688E+01
 4.440000E+02  3.740592E+01  4.106110E+01
 4.442500E+02  3.732802E+01  4.098529E+01
 4.445000E+02  3.725010E+01  4.090948E+01
 4.447500E+02  3.717217E+01  4.083365E+01
 4.450000E+02  3.709423E+01  4.075781E+01
 4.452500E+02  3.701628E+01  4.068196E+01
 4.455000E+02  3.693831E+01  4.060610E+01
 4.457500E+02  3.686033E+01  4.053022E+01
 4.460000E+02  3.678234E+01  4.045434E+01
 4.462500E+02  3.670433E+01  4.037843E+01
 4.465000E+02  3.662632E+01  4.030252E+01
 4.467500E+02  3.654829E+01  4.022660E+01
 4.470000E+02  3.647025E+01  4.015066E+01
 4.472500E+02  3.639220E+01  4.007471E+01
 4.475000E+02  3.631413E+01  3.999875E+01
 4.477500E+02  3.623605E+01  3.992277E+01
 4.480000E+02  3.615796E+01  3.984679E+01
 4.482500E+02  3.607986E+01  3.977079E+01
 4.485000E+02  3.600175E+01  3.969477E+01
 4.487500E+02  3.592362E+01  3.961875E+01
 4.490000E+02  3.584548E+01  3.954271E+01
 4.492500E+02  3.576733E+01  3.946667E+01
 4.495000E+02  3.568917E+01  3.939061E+01
 4.497500E+02  3.561099E+01  3.931453E+01
 4.500000E+02  3.553280E+01  3.923845E+01
 4.502500E+02  3.545460E+01  3.916235E+01
 4.505000E+02  3.537639E+01  3.908624E+01
 4.507500E+02  3.529817E+01  3.901012E+01
 4.510000E+02  3.521993E+01  3.893398E+01
 4.512500E+02  3.514168E+01  3.885784E+01
 4.515000E+02  3.506342E+01  3.878168E+01
 4.517500E+02  3.498515E+01  3.870551E+01
 4.520000E+02  3.490686E+01  3.862932E+01
 4.522500E+02  3.482856E+01  3.855313E+01
 4.525000E+02  3.475025E+01  3.847692E+01
 4.527500E+02  3.467193E+01  3.840070E+01
 4.530000E+02  3.459359E+01  3.832447E+01
 4.532500E+02  3.451525E+01  3.824822E+01
 4.535000E+02  3.443689E+01  3.817196E+01
 4.537500E+02  3.435852E+01  3.809569E+01
 4.540000E+02  3.428013E+01  3.801941E+01
 4.542500E+02  3.420174E+01  3.794312E+01
 4.545000E+02  3.412333E+01  3.786681E+01
 4.547500E+02  3.404491E+01  3.779049E+01
 4.550000E+02  3.396648E+01  3.771416E+01
 4.552500E+02  3.388803E+01  3.763782E+01
 4.555000E+02  3.380957E+01  3.756147E+01
 4.557500E+02  3.373111E+01  3.748510E+01
 4.560000E+02  3.365262E+01  3.740872E+01
 4.562500E+02  3.357413E+01  3.733233E+01
 4.565000E+02  3.349562E+01  3.725592E+01
 4.567500E+02  3.341711E+01  3.717951E+01
 4.570000E+02  3.333858E+01  3.710308E+01
 4.572500E+02  3.326003E+01  3.702664E+01
 4.575000E+02  3.318148E+01  3.695019E+01
 4.577500E+02  3.310291E+01  3.687372E+01
 4.580000E+02  3.302434E+01  3.679725E+01
 4.582500E+02  3.294574E+01  3.672076E+01
 4.585000E+02  3.286714E+01  3.664425E+01
 4.587500E+02  3.278853E+01  3.656774E+01
 4.590000E+02  3.270990E+01  3.649121E+01
 4.592500E+02  3.263126E+01  3.641468E+01
 4.595000E+02  3.255261E+01  3.633813E+01
 4.597500E+02  3.247394E+01  3.626156E+01
 4.600000E+02  3.239527E+01  3.618499E+01
 4.602500E+02  3.231658E+01  3.610840E+01
 4.605000E+02  3.223788E+01  3.603180E+01
 4.607500E+02  3.215917E+01  3.595519E+01
 4.610000E+02  3.208044E+01  3.587857E+01
 4.612500E+02  3.200171E+01  3.580194E+01
 4.615000E+02  3.192296E+01  3.572529E+01
 4.617500E+02  3.184420E+01  3.564863E+01
 4.620000E+02  3.176542E+01  3.557196E+01
 4.622500E+02  3.168664E+01  3.549527E+01
 4.625000E+02  3.160784E+01  3.541858E+01
 4.627500E+02  3.152903E+01  3.534187E+01
 4.630000E+02  3.145021E+01  3.526515E+01
 4.632500E+02  3.137138E+01  3.518842E+01
 4.635000E+02  3.129253E+01  3.511167E+01
 4.637500E+02  3.121367E+01  3.503491E+01
 4.640000E+02  3.113480E+01  3.495815E+01
 4.642500E+02  3.105592E+01  3.488136E+01
 4.645000E+02  3.097703E+01  3.480457E+01
 4.647500E+02  3.089812E+01  3.472777E+01
 4.650000E+02  3.081920E+01  3.465095E+01
 4.652500E+02  3.074027E+01  3.457412E+01
 4.655000E+02  3.066133E+01  3.449728E+01
 4.657500E+02  3.058238E+01  3.442043E+01
 4.660000E+02  3.050341E+01  3.434356E+01
 4.662500E+02  3.042443E+01  3.426668E+01
 4.665000E+02  3.034544E+01  3.418979E+01
 4.667500E+02  3.026644E+01  3.411289E+01
 4.670000E+02  3.018743E+01  3.403598E+01
 4.672500E+02  3.010840E+01  3.395905E+01
 4.675000E+02  3.002936E+01  3.388211E+01
 4.677500E+02  2.995031E+01  3.380516E+01
 4.680000E+02  2.987125E+01  3.372820E+01
 4.682500E+02  2.979217E+01  3.365123E+01
 4.685000E+02  2.971309E+01  3.357424E+01
 4.687500E+02  2.963399E+01  3.349724E+01
 4.690000E+02  2.955488E+01  3.342023E+01
 4.692500E+02  2.947575E+01  3.334321E+01
 4.695000E+02  2.939662E+01  3.326617E+01
 4.697500E+02  2.931747E+01  3.318913E+01
 4.700000E+02  2.923831E+01  3.311207E+01
 4.702500E+02  2.915914E+01  3.303500E+01
 4.705000E+02  2.907996E+01  3.295791E+01
 4.707500E+02  2.900076E+01  3.288082E+01
 4.710000E+02  2.892155E+01  3.280371E+01
 4.712500E+02  2.884234E+01  3.272659E+01
 4.715000E+02  2.876310E+01  3.264946E+01
 4.717500E+02  2.868386E+01  3.257232E+01
 4.720000E+02  2.860461E+01  3.249516E+01
 4.722500E+02  2.852534E+01  3.241800E+01
 4.725000E+02  2.844606E+01  3.234082E+01
 4.727500E+02  2.836677E+01  3.226363E+01
 4.730000E+02  2.828747E+01  3.218642E+01
 4.732500E+02  2.820815E+01  3.210921E+01
 4.735000E+02  2.812882E+01  3.203198E+01
 4.737500E+02  2.804949E+01  3.195474E+01
 4.740000E+02  2.797013E+01  3.187749E+01
 4.742500E+02  2.789077E+01  3.180023E+01
 4.745000E+02  2.781140E+01  3.172295E+01
 4.747500E+02  2.773201E+01  3.164567E+01
 4.750000E+02  2.765261E+01  3.156837E+01
 4.752500E+02  2.757320E+01  3.149106E+01
 4.755000E+02  2.749378E+01  3.141373E+01
 4.757500E+02  2.741434E+01  3.133640E+01
 4.760000E+02  2.733490E+01  3.125905E+01
 4.762500E+02  2.725544E+01  3.118169E+01
 4.765000E+02  2.717597E+01  3.110432E+01
 4.767500E+02  2.709648E+01  3.102694E+01
 4.770000E+02  2.701699E+01  3.094955E+01
 4.772500E+02  2.693748E+01  3.087214E+01
 4.775000E+02  2.685797E+01  3.079472E+01
 4.777500E+02  2.677843E+01  3.071729E+01
 4.780000E+02  2.669889E+01  3.063985E+01
 4.782500E+02  2.661934E+01  3.056239E+01
 4.785000E+02  2.653977E+01  3.048493E+01
 4.787500E+02  2.646019E+01  3.040745E+01
 4.790000E+02  2.638061E+01  3.032996E+01
 4.792500E+02  2.630100E+01  3.025245E+01
 4.795000E+02  2.622139E+01  3.017494E+01
 4.797500E+02  2.614176E+01  3.009741E+01
 4.800000E+02  2.606213E+01  3.001988E+01
 4.802500E+02  2.598248E+01  2.994233E+01
 4.805000E+02  2.590282E+01  2.986476E+01
 4.807500E+02  2.582314E+01  2.978719E+01
 4.810000E+02  2.574346E+01  2.970960E+01
 4.812500E+02  2.566376E+01  2.963201E+01
 4.815000E+02  2.558405E+01  2.955440E+01
 4.817500E+02  2.550433E+01  2.947678E+01
 4.820000E+02  2.542460E+01  2.939914E+01
 4.822500E+02  2.534485E+01  2.932150E+01
 4.825000E+02  2.526510E+01  2.924384E+01
 4.827500E+02  2.518533E+01  2.916617E+01
 4.830000E+02  2.510555E+01  2.908849E+01
 4.832500E+02  2.502576E+01  2.901080E+01
 4.835000E+02  2.494595E+01  2.893309E+01
 4.837500E+02  2.486614E+01  2.885538E+01
 4.840000E+02  2.478631E+01  2.877765E+01
 4.842500E+02  2.470647E+01  2.869991E+01
 4.845000E+02  2.462662E+01  2.862215E+01
 4.847500E+02  2.454676E+01  2.854439E+01
 4.850000E+02  2.446688E+01  2.846661E+01
 4.852500E+02  2.438700E+01  2.838883E+01
 4.855000E+02  2.430710E+01  2.831103E+01
 4.857500E+02  2.422719E+01  2.823321E+01
 4.860000E+02  2.414727E+01  2.815539E+01
 4.862500E+02  2.406733E+01  2.807756E+01
 4.865000E+02  2.398739E+01  2.799971E+01
 4.867500E+02  2.390743E+01  2.792185E+01
 4.870000E+02  2.382746E+01  2.784398E+01
 4.872500E+02  2.374748E+01  2.776610E+01
 4.875000E+02  2.366748E+01  2.768820E+01
 4.877500E+02  2.358748E+01  2.761030E+01
 4.880000E+02  2.350746E+01  2.753238E+01
 4.882500E+02  2.342743E+01  2.745445E+01
 4.885000E+02  2.334739E+01  2.737651E+01
 4.887500E+02  2.326734E+01  2.729855E+01
 4.890000E+02  2.318728E+01  2.722059E+01
 4.892500E+02  2.310720E+01  2.714261E+01
 4.895000E+02  2.302711E+01  2.706462E+01
 4.897500E+02  2.294701E+01  2.698662E+01
 4.900000E+02  2.286690E+01  2.690861E+01
 4.902500E+02  2.278678E+01  2.683058E+01
 4.905000E+02  2.270665E+01  2.675254E+01
 4.907500E+02  2.262650E+01  2.667450E+01
 4.910000E+02  2.254634E+01  2.659644E+01
 4.912500E+02  2.246617E+01  2.651836E+01
 4.915000E+02  2.238599E+01  2.644028E+01
 4.917500E+02  2.230579E+01  2.636219E+01
 4.920000E+02  2.222559E+01  2.628408E+01
 4.922500E+02  2.214537E+01  2.620596E+01
 4.925000E+02  2.206514E+01  2.612783E+01
 4.927500E+02  2.198490E+01  2.604969E+01
 4.930000E+02  2.190465E+01  2.597153E+01
 4.932500E+02  2.182439E+01  2.589337E+01
 4.935000E+02  2.174411E+01  2.581519E+01
 4.937500E+02  2.166382E+01  2.573700E+01
 4.940000E+02  2.158352E+01  2.565880E+01
 4.942500E+02  2.150321E+01  2.558058E+01
 4.945000E+02  2.142289E+01  2.550236E+01
 4.947500E+02  2.134255E+01  2.542412E+01
 4.950000E+02  2.126221E+01  2.534588E+01
 4.952500E+02  2.118185E+01  2.526762E+01
 4.955000E+02  2.110148E+01  2.518934E+01
 4.957500E+02  2.102110E+01  2.511106E+01
 4.960000E+02  2.094071E+01  2.503276E+01
 4.962500E+02  2.086030E+01  2.495446E+01
 4.965000E+02  2.077988E+01  2.487614E+01
 4.967500E+02  2.069946E+01  2.479781E+01
 4.970000E+02  2.061902E+01  2.471947E+01
 4.972500E+02  2.053856E+01  2.464111E+01
 4.975000E+02  2.045810E+01  2.456275E+01
 4.977500E+02  2.037763E+01  2.448437E+01
 4.980000E+02  2.029714E+01  2.440598E+01
 4.982500E+02  2.021664E+01  2.432758E+01
 4.985000E+02  2.013613E+01  2.424917E+01
 4.987500E+02  2.005561E+01  2.417074E+01
 4.990000E+02  1.997507E+01  2.409231E+01
 4.992500E+02  1.989453E+01  2.401386E+01
 4.995000E+02  1.981397E+01  2.393540E+01
 4.997500E+02  1.973340E+01  2.385693E+01
 5.000000E+02  1.965282E+01  2.377844E+01
