#         T/K          U/kJ          H/kJ      S/J*K^-1
 2.500000E+02  1.196745E+02  1.196796E+02  1.628927E+02
 2.502500E+02  1.197000E+02  1.197051E+02  1.629945E+02
 2.505000E+02  1.197255E+02  1.197306E+02  1.630965E+02
 2.507500E+02  1.197511E+02  1.197562E+02  1.631985E+02
 2.510000E+02  1.197766E+02  1.197817E+02  1.633003E+02
 2.512500E+02  1.198021E+02  1.198073E+02  1.634020E+02
 2.515000E+02  1.198277E+02  1.198328E+02  1.635036E+02
 2.517500E+02  1.198532E+02  1.198583E+02  1.636051E+02
 2.520000E+02  1.198788E+02  1.198839E+02  1.637065E+02
 2.522500E+02  1.199043E+02  1.199094E+02  1.638078E+02
 2.525000E+02  1.199298E+02  1.199350E+02  1.639090E+02
 2.527500E+02  1.199554E+02  1.199605E+02  1.640100E+02
 2.530000E+02  1.199809E+02  1.199860E+02  1.641110E+02
 2.532500E+02  1.200064E+02  1.200115E+02  1.642118E+02
 2.535000E+02  1.200319E+02  1.200371E+02  1.643125E+02
 2.537500E+02  1.200574E+02  1.200626E+02  1.644131E+02
 2.540000E+02  1.200830E+02  1.200881E+02  1.645136E+02
 2.542500E+02  1.201085E+02  1.201136E+02  1.646140E+02
 2.545000E+02  1.201340E+02  1.201391E+02  1.647143E+02
 2.547500E+02  1.201595E+02  1.201646E+02  1.648144E+02
 2.550000E+02  1.201850E+02  1.201901E+02  1.649145E+02
 2.552500E+02  1.202105E+02  1.202156E+02  1.650144E+02
 2.555000E+02  1.202360E+02  1.202411E+02  1.651142E+02
 2.557500E+02  1.202614E+02  1.202666E+02  1.652139E+02
 2.560000E+02  1.202869E+02  1.202920E+02  1.653135E+02
 2.562500E+02  1.203124E+02  1.203175E+02  1.654130E+02
 2.565000E+02  1.203379E+02  1.203430E+02  1.655123E+02
 2.567500E+02  1.203633E+02  1.203685E+02  1.656116E+02
 2.570000E+02  1.203888E+02  1.203939E+02  1.657107E+02
 2.572500E+02  1.204143E+02  1.204194E+02  1.658097E+02
 2.575000E+02  1.204397E+02  1.204448E+02  1.659086E+02
 2.577500E+02  1.204652E+02  1.204703E+02  1.660074E+02
 2.580000E+02  1.204906E+02  1.204957E+02  1.661061E+02
 2.582500E+02  1.205160E+02  1.205212E+02  1.662046E+02
 2.585000E+02  1.205415E+02  1.205466E+02  1.663031E+02
 2.587500E+02  1.205669E+02  1.205720E+02  1.664014E+02
 2.590000E+02  1.205923E+02  1.205975E+02  1.664996E+02
 2.592500E+02  1.206178E+02  1.206229E+02  1.665977E+02
 2.595000E+02  1.206432E+02  1.206483E+02  1.666957E+02
 2.597500E+02  1.206686E+02  1.206737E+02  1.667935E+02
 2.600000E+02  1.206940E+02  1.206991E+02  1.668913E+02
 2.602500E+02  1.207194E+02  1.207245E+02  1.669889E+02
 2.605000E+02  1.207448E+02  1.207499E+02  1.670864E+02
 2.607500E+02  1.207702E+02  1.207753E+02  1.671838E+02
 2.610000E+02  1.207955E+02  1.208007E+02  1.672811E+02
 2.612500E+02  1.208209E+02  1.208260E+02  1.673783E+02
 2.615000E+02  1.208463E+02  1.208514E+02  1.674754E+02
 2.617500E+02  1.208716E+02  1.208768E+02  1.675723E+02
 2.620000E+02  1.208970E+02  1.209021E+02  1.676691E+02
 2.622500E+02  1.209223E+02  1.209275E+02  1.677658E+02
 2.625000E+02  1.209477E+02  1.209528E+02  1.678624E+02
 2.627500E+02  1.209730E+02  1.209782E+02  1.679589E+02
 2.630000E+02  1.209984E+02  1.210035E+02  1.680553E+02
 2.632500E+02  1.210237E+02  1.210288E+02  1.681515E+02
 2.635000E+02  1.210490E+02  1.210541E+02  1.682477E+02
 2.637500E+02  1.210743E+02  1.210794E+02  1.683437E+02
 2.640000E+02  1.210996E+02  1.211048E+02  1.684396E+02
 2.642500E+02  1.211249E+02  1.211301E+02  1.685354E+02
 2.645000E+02  1.211502E+02  1.211553E+02  1.686310E+02
 2.647500E+02  1.211755E+02  1.211806E+02  1.687266E+02
 2.650000E+02  1.212008E+02  1.212059E+02  1.688220E+02
 2.652500E+02  1.212260E+02  1.212312E+02  1.689174E+02
 2.655000E+02  1.212513E+02  1.212565E+02  1.690126E+02
 2.657500E+02  1.212766E+02  1.212817E+02  1.691077E+02
 2.660000E+02  1.213018E+02  1.213070E+02  1.692027E+02
 2.662500E+02  1.213271E+02  1.213322E+02  1.692975E+02
 2.665000E+02  1.213523E+02  1.213575E+02  1.693923E+02
 2.667500E+02  1.213775E+02  1.213827E+02  1.694869E+02
 2.670000E+02  1.214028E+02  1.214079E+02  1.695815E+02
 2.672500E+02  1.214280E+02  1.214331E+02  1.696759E+02
 2.675000E+02  1.214532E+02  1.214583E+02  1.697702E+02
 2.677500E+02  1.214784E+02  1.214836E+02  1.698644E+02
 2.680000E+02  1.215036E+02  1.215088E+02  1.699584E+02
 2.682500E+02  1.215288E+02  1.215339E+02  1.700524E+02
 2.685000E+02  1.215540E+02  1.215591E+02  1.701462E+02
 2.687500E+02  1.215792E+02  1.215843E+02  1.702400E+02
 2.690000E+02  1.216043E+02  1.216095E+02  1.703336E+02
 2.692500E+02  1.216295E+02  1.216346E+02  1.704271E+02
 2.695000E+02  1.216547E+02  1.216598E+02  1.705205E+02
 2.697500E+02  1.216798E+02  1.216850E+02  1.706137E+02
 2.700000E+02  1.217049E+02  1.217101E+02  1.707069E+02
 2.702500E+02  1.217301E+02  1.217352E+02  1.708000E+02
 2.705000E+02  1.217552E+02  1.217604E+02  1.708929E+02
 2.707500E+02  1.217803E+02  1.217855E+02  1.709857E+02
 2.710000E+02  1.218054E+02  1.218106E+02  1.710784E+02
 2.712500E+02  1.218306E+02  1.218357E+02  1.711710E+02
 2.715000E+02  1.218557E+02  1.218608E+02  1.712635E+02
 2.717500E+02  1.218807E+02  1.218859E+02  1.713559E+02
 2.720000E+02  1.219058E+02  1.219110E+02  1.714482E+02
 2.722500E+02  1.219309E+02  1.219361E+02  1.715403E+02
 2.725000E+02  1.219560E+02  1.219611E+02  1.716324E+02
 2.727500E+02  1.219810E+02  1.219862E+02  1.717243E+02
 2.730000E+02  1.220061E+02  1.220112E+02  1.718161E+02
 2.732500E+02  1.220311E+02  1.220363E+02  1.719078E+02
 2.735000E+02  1.220562E+02  1.220613E+02  1.719995E+02
 2.737500E+02  1.220812E+02  1.220864E+02  1.720909E+02
 2.740000E+02  1.221062E+02  1.221114E+02  1.721823E+02
 2.742500E+02  1.221313E+02  1.221364E+02  1.722736E+02
 2.745000E+02  1.221563E+02  1.221614E+02  1.723648E+02
 2.747500E+02  1.221813E+02  1.221864E+02  1.724558E+02
 2.750000E+02  1.222063E+02  1.222114E+02  1.725468E+02
 2.752500E+02  1.222313E+02  1.222364E+02  1.726376E+02
 2.755000E+02  1.222563E+02  1.222614E+02  1.727283E+02
 2.757500E+02  1.222812E+02  1.222864E+02  1.728190E+02
 2.760000E+02  1.223062E+02  1.223114E+02  1.729095E+02
 2.762500E+02  1.223312E+02  1.223363E+02  1.729999E+02
 2.765000E+02  1.223561E+02  1.223613E+02  1.730902E+02
 2.767500E+02  1.223811E+02  1.223862E+02  1.731804E+02
 2.770000E+02  1.224060E+02  1.224112E+02  1.732705E+02
 2.772500E+02  1.224310E+02  1.224361E+02  1.733605E+02
 2.775000E+02  1.224559E+02  1.224610E+02  1.734503E+02
 2.777500E+02  1.224808E+02  1.224860E+02  1.735401E+02
 2.780000E+02  1.225057E+02  1.225109E+02  1.736298E+02
 2.782500E+02  1.225306E+02  1.225358E+02  1.737193E+02
 2.785000E+02  1.225555E+02  1.225607E+02  1.738088E+02
 2.787500E+02  1.225804E+02  1.225856E+02  1.738981E+02
 2.790000E+02  1.226053E+02  1.226105E+02  1.739874E+02
 2.792500E+02  1.226302E+02  1.226354E+02  1.740765E+02
 2.795000E+02  1.226551E+02  1.226602E+02  1.741655E+02
 2.797500E+02  1.226799E+02  1.226851E+02  1.742545E+02
 2.800000E+02  1.227048E+02  1.227100E+02  1.743433E+02
 2.802500E+02  1.227296E+02  1.227348E+02  1.744320E+02
 2.805000E+02  1.227545E+02  1.227597E+02  1.745206E+02
 2.807500E+02  1.227793E+02  1.227845E+02  1.746092E+02
 2.810000E+02  1.228042E+02  1.228093E+02  1.746976E+02
 2.812500E+02  1.228290E+02  1.228342E+02  1.747859E+02
 2.815000E+02  1.228538E+02  1.228590E+02  1.748741E+02
 2.817500E+02  1.228786E+02  1.228838E+02  1.749622E+02
 2.820000E+02  1.229034E+02  1.229086E+02  1.750502E+02
 2.822500E+02  1.229282E+02  1.229334E+02  1.751382E+02
 2.825000E+02  1.229530E+02  1.229582E+02  1.752260E+02
 2.827500E+02  1.229778E+02  1.229830E+02  1.753137E+02
 2.830000E+02  1.230026E+02  1.230078E+02  1.754013E+02
 2.832500E+02  1.230274E+02  1.230326E+02  1.754888E+02
 2.835000E+02  1.230522E+02  1.230573E+02  1.755762E+02
 2.837500E+02  1.230769E+02  1.230821E+02  1.756635E+02
 2.840000E+02  1.231017E+02  1.231069E+02  1.757508E+02
 2.842500E+02  1.231264E+02  1.231316E+02  1.758379E+02
 2.845000E+02  1.231512E+02  1.231564E+02  1.759249E+02
 2.847500E+02  1.231759E+02  1.231811E+02  1.760118E+02
 2.850000E+02  1.232007E+02  1.232058E+02  1.760986E+02
 2.852500E+02  1.232254E+02  1.232306E+02  1.761854E+02
 2.855000E+02  1.232501E+02  1.232553E+02  1.762720E+02
 2.857500E+02  1.232748E+02  1.232800E+02  1.763586E+02
 2.860000E+02  1.232995E+02  1.233047E+02  1.764450E+02
 2.862500E+02  1.233242E+02  1.233294E+02  1.765313E+02
 2.865000E+02  1.233489E+02  1.233541E+02  1.766176E+02
 2.867500E+02  1.233736E+02  1.233788E+02  1.767038E+02
 2.870000E+02  1.233983E+02  1.234035E+02  1.767898E+02
 2.872500E+02  1.234230E+02  1.234282E+02  1.768758E+02
 2.875000E+02  1.234477E+02  1.234529E+02  1.769617E+02
 2.877500E+02  1.234724E+02  1.234775E+02  1.770475E+02
 2.880000E+02  1.234970E+02  1.235022E+02  1.771332E+02
 2.882500E+02  1.235217E+02  1.235269E+02  1.772188E+02
 2.885000E+02  1.235464E+02  1.235515E+02  1.773043E+02
 2.887500E+02  1.235710E+02  1.235762E+02  1.773897E+02
 2.890000E+02  1.235957E+02  1.236008E+02  1.774750E+02
 2.892500E+02  1.236203E+02  1.236255E+02  1.775603E+02
 2.895000E+02  1.236449E+02  1.236501E+02  1.776454E+02
 2.897500E+02  1.236696E+02  1.236748E+02  1.777305E+02
 2.900000E+02  1.236942E+02  1.236994E+02  1.778154E+02
 2.902500E+02  1.237188E+02  1.237240E+02  1.779003E+02
 2.905000E+02  1.237435E+02  1.237486E+02  1.779851E+02
 2.907500E+02  1.237681E+02  1.237733E+02  1.780698E+02
 2.910000E+02  1.237927E+02  1.237979E+02  1.781544E+02
 2.912500E+02  1.238173E+02  1.238225E+02  1.782390E+02
 2.915000E+02  1.238419E+02  1.238471E+02  1.783234E+02
 2.917500E+02  1.238665E+02  1.238717E+02  1.784078E+02
 2.920000E+02  1.238911E+02  1.238963E+02  1.784920E+02
 2.922500E+02  1.239157E+02  1.239209E+02  1.785762E+02
 2.925000E+02  1.239403E+02  1.239455E+02  1.786603E+02
 2.927500E+02  1.239649E+02  1.239700E+02  1.787443E+02
 2.930000E+02  1.239894E+02  1.239946E+02  1.788282E+02
 2.932500E+02  1.240140E+02  1.240192E+02  1.789121E+02
 2.935000E+02  1.240386E+02  1.240438E+02  1.789958E+02
 2.937500E+02  1.240631E+02  1.240683E+02  1.790795E+02
 2.940000E+02  1.240877E+02  1.240929E+02  1.791631E+02
 2.942500E+02  1.241123E+02  1.241175E+02  1.792466E+02
 2.945000E+02  1.241368E+02  1.241420E+02  1.793300E+02
 2.947500E+02  1.241614E+02  1.241666E+02  1.794134E+02
 2.950000E+02  1.241859E+02  1.241911E+02  1.794966E+02
 2.952500E+02  1.242105E+02  1.242157E+02  1.795798E+02
 2.955000E+02  1.242350E+02  1.242402E+02  1.796629E+02
 2.957500E+02  1.242596E+02  1.242648E+02  1.797459E+02
 2.960000E+02  1.242841E+02  1.242893E+02  1.798289E+02
 2.962500E+02  1.243087E+02  1.243138E+02  1.799117E+02
 2.965000E+02  1.243332E+02  1.243384E+02  1.799945E+02
 2.967500E+02  1.243577E+02  1.243629E+02  1.800772E+02
 2.970000E+02  1.243822E+02  1.243874E+02  1.801599E+02
 2.972500E+02  1.244068E+02  1.244120E+02  1.802424E+02
 2.975000E+02  1.244313E+02  1.244365E+02  1.803249E+02
 2.977500E+02  1.244558E+02  1.244610E+02  1.804073E+02
 2.980000E+02  1.244803E+02  1.244855E+02  1.804896E+02
 2.982500E+02  1.245049E+02  1.245100E+02  1.805718E+02
 2.985000E+02  1.245294E+02  1.245346E+02  1.806540E+02
 2.987500E+02  1.245539E+02  1.245591E+02  1.807361E+02
 2.990000E+02  1.245784E+02  1.245836E+02  1.808181E+02
 2.992500E+02  1.246029E+02  1.246081E+02  1.809000E+02
 2.995000E+02  1.246274E+02  1.246326E+02  1.809819E+02
 2.997500E+02  1.246519E+02  1.246571E+02  1.810637E+02
 3.000000E+02  1.246764E+02  1.246816E+02  1.811454E+02
 3.002500E+02  1.247009E+02  1.247061E+02  1.812270E+02
 3.005000E+02  1.247254E+02  1.247306E+02  1.813086E+02
 3.007500E+02  1.247499E+02  1.247551E+02  1.813901E+02
 3.010000E+02  1.247744E+02  1.247796E+02  1.814716E+02
 3.012500E+02  1.247989E+02  1.248041E+02  1.815529E+02
 3.015000E+02  1.248234E+02  1.248286E+02  1.816342E+02
 3.017500E+02  1.248479E+02  1.248531E+02  1.817154E+02
 3.020000E+02  1.248724E+02  1.248776E+02  1.817966E+02
 3.022500E+02  1.248969E+02  1.249021E+02  1.818776E+02
 3.025000E+02  1.249214E+02  1.249266E+02  1.819586E+02
 3.027500E+02  1.249459E+02  1.249511E+02  1.820396E+02
 3.030000E+02  1.249704E+02  1.249756E+02  1.821205E+02
 3.032500E+02  1.249949E+02  1.250001E+02  1.822013E+02
 3.035000E+02  1.250194E+02  1.250246E+02  1.822820E+02
 3.037500E+02  1.250439E+02  1.250491E+02  1.823627E+02
 3.040000E+02  1.250684E+02  1.250736E+02  1.824433E+02
 3.042500E+02  1.250929E+02  1.250981E+02  1.825238E+02
 3.045000E+02  1.251174E+02  1.251226E+02  1.826043E+02
 3.047500E+02  1.251418E+02  1.251470E+02  1.826847E+02
 3.050000E+02  1.251663E+02  1.251715E+02  1.827650E+02
 3.052500E+02  1.251908E+02  1.251960E+02  1.828453E+02
 3.055000E+02  1.252153E+02  1.252205E+02  1.829255E+02
 3.057500E+02  1.252398E+02  1.252450E+02  1.830057E+02
 3.060000E+02  1.252643E+02  1.252695E+02  1.830857E+02
 3.062500E+02  1.252888E+02  1.252940E+02  1.831658E+02
 3.065000E+02  1.253133E+02  1.253185E+02  1.832457E+02
 3.067500E+02  1.253378E+02  1.253430E+02  1.833256E+02
 3.070000E+02  1.253623E+02  1.253675E+02  1.834055E+02
 3.072500E+02  1.253868E+02  1.253920E+02  1.834852E+02
 3.075000E+02  1.254113E+02  1.254165E+02  1.835649E+02
 3.077500E+02  1.254358E+02  1.254410E+02  1.836446E+02
 3.080000E+02  1.254603E+02  1.254655E+02  1.837242E+02
 3.082500E+02  1.254848E+02  1.254900E+02  1.838037E+02
 3.085000E+02  1.255093E+02  1.255145E+02  1.838832E+02
 3.087500E+02  1.255338E+02  1.255390E+02  1.839626E+02
 3.090000E+02  1.255583E+02  1.255636E+02  1.840420E+02
 3.092500E+02  1.255829E+02  1.255881E+02  1.841213E+02
 3.095000E+02  1.256074E+02  1.256126E+02  1.842005E+02
 3.097500E+02  1.256319E+02  1.256371E+02  1.842797E+02
 3.100000E+02  1.256564E+02  1.256616E+02  1.843588E+02
 3.102500E+02  1.256809E+02  1.256861E+02  1.844379E+02
 3.105000E+02  1.257055E+02  1.257107E+02  1.845169E+02
 3.107500E+02  1.257300E+02  1.257352E+02  1.845959E+02
 3.110000E+02  1.257545E+02  1.257597E+02  1.846748E+02
 3.112500E+02  1.257790E+02  1.257843E+02  1.847536E+02
 3.115000E+02  1.258036E+02  1.258088E+02  1.848324E+02
 3.117500E+02  1.258281E+02  1.258333E+02  1.849112E+02
 3.120000E+02  1.258527E+02  1.258579E+02  1.849899E+02
 3.122500E+02  1.258772E+02  1.258824E+02  1.850685E+02
 3.125000E+02  1.259018E+02  1.259070E+02  1.851471E+02
 3.127500E+02  1.259263E+02  1.259315E+02  1.852256E+02
 3.130000E+02  1.259509E+02  1.259561E+02  1.853041E+02
 3.132500E+02  1.259754E+02  1.259806E+02  1.853825E+02
 3.135000E+02  1.260000E+02  1.260052E+02  1.854609E+02
 3.137500E+02  1.260245E+02  1.260298E+02  1.855392E+02
 3.140000E+02  1.260491E+02  1.260543E+02  1.856175E+02
 3.142500E+02  1.260737E+02  1.260789E+02  1.856957E+02
 3.145000E+02  1.260983E+02  1.261035E+02  1.857739E+02
 3.147500E+02  1.261228E+02  1.261281E+02  1.858520E+02
 3.150000E+02  1.261474E+02  1.261526E+02  1.859301E+02
 3.152500E+02  1.261720E+02  1.261772E+02  1.860082E+02
 3.155000E+02  1.261966E+02  1.262018E+02  1.860861E+02
 3.157500E+02  1.262212E+02  1.262264E+02  1.861641E+02
 3.160000E+02  1.262458E+02  1.262510E+02  1.862420E+02
 3.162500E+02  1.262704E+02  1.262756E+02  1.863198E+02
 3.165000E+02  1.262950E+02  1.263003E+02  1.863976E+02
 3.167500E+02  1.263196E+02  1.263249E+02  1.864754E+02
 3.170000E+02  1.263443E+02  1.263495E+02  1.865531E+02
 3.172500E+02  1.263689E+02  1.263741E+02  1.866307E+02
 3.175000E+02  1.263935E+02  1.263988E+02  1.867083E+02
 3.177500E+02  1.264182E+02  1.264234E+02  1.867859E+02
 3.180000E+02  1.264428E+02  1.264480E+02  1.868634E+02
 3.182500E+02  1.264675E+02  1.264727E+02  1.869409E+02
 3.185000E+02  1.264921E+02  1.264973E+02  1.870184E+02
 3.187500E+02  1.265168E+02  1.265220E+02  1.870958E+02
 3.190000E+02  1.265414E+02  1.265467E+02  1.871731E+02
 3.192500E+02  1.265661E+02  1.265713E+02  1.872504E+02
 3.195000E+02  1.265908E+02  1.265960E+02  1.873277E+02
 3.197500E+02  1.266155E+02  1.266207E+02  1.874049E+02
 3.200000E+02  1.266402E+02  1.266454E+02  1.874821E+02
 3.202500E+02  1.266649E+02  1.266701E+02  1.875593E+02
 3.205000E+02  1.266896E+02  1.266948E+02  1.876364E+02
 3.207500E+02  1.267143E+02  1.267195E+02  1.877135E+02
 3.210000E+02  1.267390E+02  1.267442E+02  1.877905E+02
 3.212500E+02  1.267637E+02  1.267690E+02  1.878675E+02
 3.215000E+02  1.267885E+02  1.267937E+02  1.879445E+02
 3.217500E+02  1.268132E+02  1.268184E+02  1.880214E+02
 3.220000E+02  1.268379E+02  1.268432E+02  1.880982E+02
 3.222500E+02  1.268627E+02  1.268679E+02  1.881751E+02
 3.225000E+02  1.268875E+02  1.268927E+02  1.882519E+02
 3.227500E+02  1.269122E+02  1.269175E+02  1.883287E+02
 3.230000E+02  1.269370E+02  1.269422E+02  1.884054E+02
 3.232500E+02  1.269618E+02  1.269670E+02  1.884821E+02
 3.235000E+02  1.269866E+02  1.269918E+02  1.885588E+02
 3.237500E+02  1.270114E+02  1.270166E+02  1.886354E+02
 3.240000E+02  1.270362E+02  1.270414E+02  1.887120E+02
 3.242500E+02  1.270610E+02  1.270662E+02  1.887885E+02
 3.245000E+02  1.270858E+02  1.270910E+02  1.888650E+02
 3.247500E+02  1.271106E+02  1.271159E+02  1.889415E+02
 3.250000E+02  1.271355E+02  1.271407E+02  1.890180E+02
 3.252500E+02  1.271603E+02  1.271656E+02  1.890944E+02
 3.255000E+02  1.271852E+02  1.271904E+02  1.891708E+02
 3.257500E+02  1.272100E+02  1.272153E+02  1.892472E+02
 3.260000E+02  1.272349E+02  1.272401E+02  1.893235E+02
 3.262500E+02  1.272598E+02  1.272650E+02  1.893998E+02
 3.265000E+02  1.272847E+02  1.272899E+02  1.894760E+02
 3.267500E+02  1.273096E+02  1.273148E+02  1.895523E+02
 3.270000E+02  1.273345E+02  1.273397E+02  1.896285E+02
 3.272500E+02  1.273594E+02  1.273646E+02  1.897046E+02
 3.275000E+02  1.273843E+02  1.273896E+02  1.897808E+02
 3.277500E+02  1.274093E+02  1.274145E+02  1.898569E+02
 3.280000E+02  1.274342E+02  1.274395E+02  1.899330E+02
 3.282500E+02  1.274592E+02  1.274644E+02  1.900090E+02
 3.285000E+02  1.274841E+02  1.274894E+02  1.900851E+02
 3.287500E+02  1.275091E+02  1.275144E+02  1.901611E+02
 3.290000E+02  1.275341E+02  1.275393E+02  1.902370E+02
 3.292500E+02  1.275591E+02  1.275643E+02  1.903130E+02
 3.295000E+02  1.275841E+02  1.275893E+02  1.903889E+02
 3.297500E+02  1.276091E+02  1.276144E+02  1.904648E+02
 3.300000E+02  1.276341E+02  1.276394E+02  1.905406E+02
 3.302500E+02  1.276592E+02  1.276644E+02  1.906165E+02
 3.305000E+02  1.276842E+02  1.276895E+02  1.906923E+02
 3.307500E+02  1.277093E+02  1.277145E+02  1.907681E+02
 3.310000E+02  1.277343E+02  1.277396E+02  1.908438E+02
 3.312500E+02  1.277594E+02  1.277647E+02  1.909196E+02
 3.315000E+02  1.277845E+02  1.277897E+02  1.909953E+02
 3.317500E+02  1.278096E+02  1.278148E+02  1.910710E+02
 3.320000E+02  1.278347E+02  1.278400E+02  1.911466E+02
 3.322500E+02  1.278598E+02  1.278651E+02  1.912223E+02
 3.325000E+02  1.278850E+02  1.278902E+02  1.912979E+02
 3.327500E+02  1.279101E+02  1.279154E+02  1.913735E+02
 3.330000E+02  1.279353E+02  1.279405E+02  1.914491E+02
 3.332500E+02  1.279604E+02  1.279657E+02  1.915246E+02
 3.335000E+02  1.279856E+02  1.279909E+02  1.916002E+02
 3.337500E+02  1.280108E+02  1.280161E+02  1.916757E+02
 3.340000E+02  1.280360E+02  1.280413E+02  1.917511E+02
 3.342500E+02  1.280612E+02  1.280665E+02  1.918266E+02
 3.345000E+02  1.280865E+02  1.280917E+02  1.919021E+02
 3.347500E+02  1.281117E+02  1.281169E+02  1.919775E+02
 3.350000E+02  1.281369E+02  1.281422E+02  1.920529E+02
 3.352500E+02  1.281622E+02  1.281675E+02  1.921283E+02
 3.355000E+02  1.281875E+02  1.281927E+02  1.922036E+02
 3.357500E+02  1.282128E+02  1.282180E+02  1.922790E+02
 3.360000E+02  1.282381E+02  1.282433E+02  1.923543E+02
 3.362500E+02  1.282634E+02  1.282686E+02  1.924296E+02
 3.365000E+02  1.282887E+02  1.282940E+02  1.925049E+02
 3.367500E+02  1.283141E+02  1.283193E+02  1.925802E+02
 3.370000E+02  1.283394E+02  1.283447E+02  1.926555E+02
 3.372500E+02  1.283648E+02  1.283700E+02  1.927307E+02
 3.375000E+02  1.283901E+02  1.283954E+02  1.928059E+02
 3.377500E+02  1.284155E+02  1.284208E+02  1.928812E+02
 3.380000E+02  1.284409E+02  1.284462E+02  1.929563E+02
 3.382500E+02  1.284664E+02  1.284716E+02  1.930315E+02
 3.385000E+02  1.284918E+02  1.284971E+02  1.931067E+02
 3.387500E+02  1.285172E+02  1.285225E+02  1.931818E+02
 3.390000E+02  1.285427E+02  1.285480E+02  1.932570E+02
 3.392500E+02  1.285682E+02  1.285734E+02  1.933321E+02
 3.395000E+02  1.285937E+02  1.285989E+02  1.934072E+02
 3.397500E+02  1.286192E+02  1.286244E+02  1.934823E+02
 3.400000E+02  1.286447E+02  1.286499E+02  1.935573E+02
 3.402500E+02  1.286702E+02  1.286755E+02  1.936324E+02
 3.405000E+02  1.286958E+02  1.287010E+02  1.937075E+02
 3.407500E+02  1.287213E+02  1.287266E+02  1.937825E+02
 3.410000E+02  1.287469E+02  1.287522E+02  1.938575E+02
 3.412500E+02  1.287725E+02  1.287777E+02  1.939325E+02
 3.415000E+02  1.287981E+02  1.288033E+02  1.940075E+02
 3.417500E+02  1.288237E+02  1.288290E+02  1.940825E+02
 3.420000E+02  1.288493E+02  1.288546E+02  1.941575E+02
 3.422500E+02  1.288750E+02  1.288802E+02  1.942325E+02
 3.425000E+02  1.289006E+02  1.289059E+02  1.943074E+02
 3.427500E+02  1.289263E+02  1.289316E+02  1.943824E+02
 3.430000E+02  1.289520E+02  1.289573E+02  1.944573E+02
 3.432500E+02  1.289777E+02  1.289830E+02  1.945322E+02
 3.435000E+02  1.290034E+02  1.290087E+02  1.946071E+02
 3.437500E+02  1.290292E+02  1.290344E+02  1.946820E+02
 3.440000E+02  1.290549E+02  1.290602E+02  1.947569E+02
 3.442500E+02  1.290807E+02  1.290860E+02  1.948318E+02
 3.445000E+02  1.291065E+02  1.291118E+02  1.949067E+02
 3.447500E+02  1.291323E+02  1.291376E+02  1.949815E+02
 3.450000E+02  1.291581E+02  1.291634E+02  1.950564E+02
 3.452500E+02  1.291839E+02  1.291892E+02  1.951313E+02
 3.455000E+02  1.292098E+02  1.292151E+02  1.952061E+02
 3.457500E+02  1.292356E+02  1.292409E+02  1.952809E+02
 3.460000E+02  1.292615E+02  1.292668E+02  1.953558E+02
 3.462500E+02  1.292874E+02  1.292927E+02  1.954306E+02
 3.465000E+02  1.293133E+02  1.293186E+02  1.955054E+02
 3.467500E+02  1.293393E+02  1.293445E+02  1.955802E+02
 3.470000E+02  1.293652E+02  1.293705E+02  1.956550E+02
 3.472500E+02  1.293912E+02  1.293965E+02  1.957298E+02
 3.475000E+02  1.294172E+02  1.294224E+02  1.958046E+02
 3.477500E+02  1.294432E+02  1.294484E+02  1.958794E+02
 3.480000E+02  1.294692E+02  1.294744E+02  1.959542E+02
 3.482500E+02  1.294952E+02  1.295005E+02  1.960289E+02
 3.485000E+02  1.295212E+02  1.295265E+02  1.961037E+02
 3.487500E+02  1.295473E+02  1.295526E+02  1.961785E+02
 3.490000E+02  1.295734E+02  1.295787E+02  1.962532E+02
 3.492500E+02  1.295995E+02  1.296048E+02  1.963280E+02
 3.495000E+02  1.296256E+02  1.296309E+02  1.964027E+02
 3.497500E+02  1.296517E+02  1.296570E+02  1.964775E+02
 3.500000E+02  1.296779E+02  1.296832E+02  1.965522E+02
 3.502500E+02  1.297041E+02  1.297093E+02  1.966270E+02
 3.505000E+02  1.297302E+02  1.297355E+02  1.967017E+02
 3.507500E+02  1.297564E+02  1.297617E+02  1.967765E+02
 3.510000E+02  1.297827E+02  1.297880E+02  1.968512E+02
 3.512500E+02  1.298089E+02  1.298142E+02  1.969259E+02
 3.515000E+02  1.298352E+02  1.298405E+02  1.970007E+02
 3.517500E+02  1.298614E+02  1.298667E+02  1.970754E+02
 3.520000E+02  1.298877E+02  1.298930E+02  1.971501E+02
 3.522500E+02  1.299141E+02  1.299193E+02  1.972248E+02
 3.525000E+02  1.299404E+02  1.299457E+02  1.972996E+02
 3.527500E+02  1.299667E+02  1.299720E+02  1.973743E+02
 3.530000E+02  1.299931E+02  1.299984E+02  1.974490E+02
 3.532500E+02  1.300195E+02  1.300248E+02  1.975237E+02
 3.535000E+02  1.300459E+02  1.300512E+02  1.975985E+02
 3.537500E+02  1.300723E+02  1.300776E+02  1.976732E+02
 3.540000E+02  1.300988E+02  1.301040E+02  1.977479E+02
 3.542500E+02  1.301252E+02  1.301305E+02  1.978226E+02
 3.545000E+02  1.301517E+02  1.301570E+02  1.978973E+02
 3.547500E+02  1.301782E+02  1.301835E+02  1.979721E+02
 3.550000E+02  1.302047E+02  1.302100E+02  1.980468E+02
 3.552500E+02  1.302312E+02  1.302365E+02  1.981215E+02
 3.555000E+02  1.302578E+02  1.302631E+02  1.981962E+02
 3.557500E+02  1.302844E+02  1.302897E+02  1.982710E+02
 3.560000E+02  1.303110E+02  1.303163E+02  1.983457E+02
 3.562500E+02  1.303376E+02  1.303429E+02  1.984204E+02
 3.565000E+02  1.303642E+02  1.303695E+02  1.984952E+02
 3.567500E+02  1.303909E+02  1.303962E+02  1.985699E+02
 3.570000E+02  1.304175E+02  1.304228E+02  1.986446E+02
 3.572500E+02  1.304442E+02  1.304495E+02  1.987194E+02
 3.575000E+02  1.304709E+02  1.304762E+02  1.987941E+02
 3.577500E+02  1.304977E+02  1.305030E+02  1.988689E+02
 3.580000E+02  1.305244E+02  1.305297E+02  1.989436E+02
 3.582500E+02  1.305512E+02  1.305565E+02  1.990184E+02
 3.585000E+02  1.305780E+02  1.305833E+02  1.990931E+02
 3.587500E+02  1.306048E+02  1.306101E+02  1.991679E+02
 3.590000E+02  1.306316E+02  1.306369E+02  1.992427E+02
 3.592500E+02  1.306585E+02  1.306638E+02  1.993174E+02
 3.595000E+02  1.306854E+02  1.306906E+02  1.993922E+02
 3.597500E+02  1.307122E+02  1.307175E+02  1.994670E+02
 3.600000E+02  1.307392E+02  1.307445E+02  1.995418E+02
 3.602500E+02  1.307661E+02  1.307714E+02  1.996165E+02
 3.605000E+02  1.307930E+02  1.307983E+02  1.996913E+02
 3.607500E+02  1.308200E+02  1.308253E+02  1.997661E+02
 3.610000E+02  1.308470E+02  1.308523E+02  1.998409E+02
 3.612500E+02  1.308740E+02  1.308793E+02  1.999157E+02
 3.615000E+02  1.309011E+02  1.309064E+02  1.999905E+02
 3.617500E+02  1.309281E+02  1.309334E+02  2.000654E+02
 3.620000E+02  1.309552E+02  1.309605E+02  2.001402E+02
 3.622500E+02  1.309823E+02  1.309876E+02  2.002150E+02
 3.625000E+02  1.310094E+02  1.310147E+02  2.002899E+02
 3.627500E+02  1.310365E+02  1.310418E+02  2.003647E+02
 3.630000E+02  1.310637E+02  1.310690E+02  2.004395E+02
 3.632500E+02  1.310909E+02  1.310962E+02  2.005144E+02
 3.635000E+02  1.311181E+02  1.311234E+02  2.005893E+02
 3.637500E+02  1.311453E+02  1.311506E+02  2.006641E+02
 3.640000E+02  1.311725E+02  1.311779E+02  2.007390E+02
 3.642500E+02  1.311998E+02  1.312051E+02  2.008139E+02
 3.645000E+02  1.312271E+02  1.312324E+02  2.008888E+02
 3.647500E+02  1.312544E+02  1.312597E+02  2.009637E+02
 3.650000E+02  1.312817E+02  1.312870E+02  2.010386E+02
 3.652500E+02  1.313091E+02  1.313144E+02  2.011135E+02
 3.655000E+02  1.313365E+02  1.313418E+02  2.011884E+02
 3.657500E+02  1.313639E+02  1.313692E+02  2.012633E+02
 3.660000E+02  1.313913E+02  1.313966E+02  2.013382E+02
 3.662500E+02  1.314187E+02  1.314240E+02  2.014132E+02
 3.665000E+02  1.314462E+02  1.314515E+02  2.014881E+02
 3.667500E+02  1.314736E+02  1.314790E+02  2.015631E+02
 3.670000E+02  1.315011E+02  1.315065E+02  2.016381E+02
 3.672500E+02  1.315287E+02  1.315340E+02  2.017130E+02
 3.675000E+02  1.315562E+02  1.315615E+02  2.017880E+02
 3.677500E+02  1.315838E+02  1.315891E+02  2.018630E+02
 3.680000E+02  1.316114E+02  1.316167E+02  2.019380E+02
 3.682500E+02  1.316390E+02  1.316443E+02  2.020130E+02
 3.685000E+02  1.316666E+02  1.316719E+02  2.020880E+02
 3.687500E+02  1.316943E+02  1.316996E+02  2.021630E+02
 3.690000E+02  1.317220E+02  1.317273E+02  2.022381E+02
 3.692500E+02  1.317497E+02  1.317550E+02  2.023131E+02
 3.695000E+02  1.317774E+02  1.317827E+02  2.023882E+02
 3.697500E+02  1.318051E+02  1.318104E+02  2.024632E+02
 3.700000E+02  1.318329E+02  1.318382E+02  2.025383E+02
 3.702500E+02  1.318607E+02  1.318660E+02  2.026134E+02
 3.705000E+02  1.318885E+02  1.318938E+02  2.026885E+02
 3.707500E+02  1.319163E+02  1.319216E+02  2.027636E+02
 3.710000E+02  1.319442E+02  1.319495E+02  2.028387E+02
 3.712500E+02  1.319721E+02  1.319774E+02  2.029138E+02
 3.715000E+02  1.320000E+02  1.320053E+02  2.029889E+02
 3.717500E+02  1.320279E+02  1.320332E+02  2.030641E+02
 3.720000E+02  1.320558E+02  1.320611E+02  2.031392E+02
 3.722500E+02  1.320838E+02  1.320891E+02  2.032144E+02
 3.725000E+02  1.321118E+02  1.321171E+02  2.032896E+02
 3.727500E+02  1.321398E+02  1.321451E+02  2.033647E+02
 3.730000E+02  1.321678E+02  1.321732E+02  2.034399E+02
 3.732500E+02  1.321959E+02  1.322012E+02  2.035151E+02
 3.735000E+02  1.322240E+02  1.322293E+02  2.035904E+02
 3.737500E+02  1.322521E+02  1.322574E+02  2.036656E+02
 3.740000E+02  1.322802E+02  1.322855E+02  2.037408E+02
 3.742500E+02  1.323084E+02  1.323137E+02  2.038161E+02
 3.745000E+02  1.323365E+02  1.323419E+02  2.038913E+02
 3.747500E+02  1.323647E+02  1.323701E+02  2.039666E+02
 3.750000E+02  1.323929E+02  1.323983E+02  2.040418E+02
 3.752500E+02  1.324212E+02  1.324265E+02  2.041171E+02
 3.755000E+02  1.324494E+02  1.324548E+02  2.041924E+02
 3.757500E+02  1.324777E+02  1.324831E+02  2.042677E+02
 3.760000E+02  1.325060E+02  1.325114E+02  2.043431E+02
 3.762500E+02  1.325344E+02  1.325397E+02  2.044184E+02
 3.765000E+02  1.325627E+02  1.325681E+02  2.044937E+02
 3.767500E+02  1.325911E+02  1.325964E+02  2.045691E+02
 3.770000E+02  1.326195E+02  1.326248E+02  2.046444E+02
 3.772500E+02  1.326479E+02  1.326533E+02  2.047198E+02
 3.775000E+02  1.326764E+02  1.326817E+02  2.047952E+02
 3.777500E+02  1.327049E+02  1.327102E+02  2.048706E+02
 3.780000E+02  1.327333E+02  1.327387E+02  2.049460E+02
 3.782500E+02  1.327619E+02  1.327672E+02  2.050214E+02
 3.785000E+02  1.327904E+02  1.327957E+02  2.050968E+02
 3.787500E+02  1.328190E+02  1.328243E+02  2.051723E+02
 3.790000E+02  1.328475E+02  1.328529E+02  2.052477E+02
 3.792500E+02  1.328762E+02  1.328815E+02  2.053232E+02
 3.795000E+02  1.329048E+02  1.329101E+02  2.053987E+02
 3.797500E+02  1.329335E+02  1.329388E+02  2.054742E+02
 3.800000E+02  1.329621E+02  1.329675E+02  2.055497E+02
 3.802500E+02  1.329908E+02  1.329962E+02  2.056252E+02
 3.805000E+02  1.330196E+02  1.330249E+02  2.057007E+02
 3.807500E+02  1.330483E+02  1.330536E+02  2.057762E+02
 3.810000E+02  1.330771E+02  1.330824E+02  2.058517E+02
 3.812500E+02  1.331059E+02  1.331112E+02  2.059273E+02
 3.815000E+02  1.331347E+02  1.331400E+02  2.060029E+02
 3.817500E+02  1.331635E+02  1.331689E+02  2.060784E+02
 3.820000E+02  1.331924E+02  1.331977E+02  2.061540E+02
 3.822500E+02  1.332213E+02  1.332266E+02  2.062296E+02
 3.825000E+02  1.332502E+02  1.332555E+02  2.063052E+02
 3.827500E+02  1.332791E+02  1.332845E+02  2.063808E+02
 3.830000E+02  1.333081E+02  1.333134E+02  2.064564E+02
 3.832500E+02  1.333370E+02  1.333424E+02  2.065321E+02
 3.835000E+02  1.333660E+02  1.333714E+02  2.066077E+02
 3.837500E+02  1.333951E+02  1.334004E+02  2.066834E+02
 3.840000E+02  1.334241E+02  1.334295E+02  2.067590E+02
 3.842500E+02  1.334532E+02  1.334585E+02  2.068347E+02
 3.845000E+02  1.334823E+02  1.334876E+02  2.069104E+02
 3.847500E+02  1.335114E+02  1.335167E+02  2.069861E+02
 3.850000E+02  1.335405E+02  1.335459E+02  2.070618E+02
 3.852500E+02  1.335697E+02  1.335750E+02  2.071375E+02
 3.855000E+02  1.335989E+02  1.336042E+02  2.072133E+02
 3.857500E+02  1.336281E+02  1.336334E+02  2.072890E+02
 3.860000E+02  1.336573E+02  1.336627E+02  2.073647E+02
 3.862500E+02  1.336866E+02  1.336919E+02  2.074405E+02
 3.865000E+02  1.337158E+02  1.337212E+02  2.075163E+02
 3.867500E+02  1.337451E+02  1.337505E+02  2.075921E+02
 3.870000E+02  1.337744E+02  1.337798E+02  2.076678E+02
 3.872500E+02  1.338038E+02  1.338091E+02  2.077436E+02
 3.875000E+02  1.338332E+02  1.338385E+02  2.078195E+02
 3.877500E+02  1.338625E+02  1.338679E+02  2.078953E+02
 3.880000E+02  1.338920E+02  1.338973E+02  2.079711E+02
 3.882500E+02  1.339214E+02  1.339267E+02  2.080469E+02
 3.885000E+02  1.339508E+02  1.339562E+02  2.081228E+02
 3.887500E+02  1.339803E+02  1.339857E+02  2.081986E+02
 3.890000E+02  1.340098E+02  1.340152E+02  2.082745E+02
 3.892500E+02  1.340394E+02  1.340447E+02  2.083504E+02
 3.895000E+02  1.340689E+02  1.340743E+02  2.084263E+02
 3.897500E+02  1.340985E+02  1.341038E+02  2.085022E+02
 3.900000E+02  1.341281E+02  1.341334E+02  2.085781E+02
 3.902500E+02  1.341577E+02  1.341630E+02  2.086540E+02
 3.905000E+02  1.341873E+02  1.341927E+02  2.087299E+02
 3.907500E+02  1.342170E+02  1.342223E+02  2.088058E+02
 3.910000E+02  1.342466E+02  1.342520E+02  2.088818E+02
 3.912500E+02  1.342764E+02  1.342817E+02  2.089577E+02
 3.915000E+02  1.343061E+02  1.343114E+02  2.090336E+02
 3.917500E+02  1.343358E+02  1.343412E+02  2.091096E+02
 3.920000E+02  1.343656E+02  1.343710E+02  2.091856E+02
 3.922500E+02  1.343954E+02  1.344008E+02  2.092615E+02
 3.925000E+02  1.344252E+02  1.344306E+02  2.093375E+02
 3.927500E+02  1.344550E+02  1.344604E+02  2.094135E+02
 3.930000E+02  1.344849E+02  1.344903E+02  2.094895E+02
 3.932500E+02  1.345148E+02  1.345201E+02  2.095655E+02
 3.935000E+02  1.345447E+02  1.345500E+02  2.096415E+02
 3.937500E+02  1.345746E+02  1.345800E+02  2.097176E+02
 3.940000E+02  1.346045E+02  1.346099E+02  2.097936E+02
 3.942500E+02  1.346345E+02  1.346399E+02  2.098696E+02
 3.945000E+02  1.346645E+02  1.346699E+02  2.099456E+02
 3.947500E+02  1.346945E+02  1.346999E+02  2.100217E+02
 3.950000E+02  1.347245E+02  1.347299E+02  2.100977E+02
 3.952500E+02  1.347546E+02  1.347600E+02  2.101738E+02
 3.955000E+02  1.347847E+02  1.347900E+02  2.102499E+02
 3.957500E+02  1.348147E+02  1.348201E+02  2.103259E+02
 3.960000E+02  1.348449E+02  1.348502E+02  2.104020E+02
 3.962500E+02  1.348750E+02  1.348804E+02  2.104781E+02
 3.965000E+02  1.349052E+02  1.349105E+02  2.105542E+02
 3.967500E+02  1.349353E+02  1.349407E+02  2.106303E+02
 3.970000E+02  1.349655E+02  1.349709E+02  2.107064E+02
 3.972500E+02  1.349958E+02  1.350011E+02  2.107825E+02
 3.975000E+02  1.350260E+02  1.350314E+02  2.108586E+02
 3.977500E+02  1.350563E+02  1.350616E+02  2.109347E+02
 3.980000E+02  1.350865E+02  1.350919E+02  2.110108E+02
 3.982500E+02  1.351168E+02  1.351222E+02  2.110869E+02
 3.985000E+02  1.351472E+02  1.351525E+02  2.111630E+02
 3.987500E+02  1.351775E+02  1.351829E+02  2.112391E+02
 3.990000E+02  1.352079E+02  1.352133E+02  2.113153E+02
 3.992500E+02  1.352383E+02  1.352436E+02  2.113914E+02
 3.995000E+02  1.352687E+02  1.352740E+02  2.114675E+02
 3.997500E+02  1.352991E+02  1.353045E+02  2.115437E+02
 4.000000E+02  1.353295E+02  1.353349E+02  2.116198E+02
 4.002500E+02  1.353600E+02  1.353654E+02  2.116959E+02
 4.005000E+02  1.353905E+02  1.353959E+02  2.117721E+02
 4.007500E+02  1.354210E+02  1.354264E+02  2.118482E+02
 4.010000E+02  1.354515E+02  1.354569E+02  2.119244E+02
 4.012500E+02  1.354821E+02  1.354874E+02  2.120005E+02
 4.015000E+02  1.355126E+02  1.355180E+02  2.120767E+02
 4.017500E+02  1.355432E+02  1.355486E+02  2.121528E+02
 4.020000E+02  1.355738E+02  1.355792E+02  2.122290E+02
 4.022500E+02  1.356044E+02  1.356098E+02  2.123051E+02
 4.025000E+02  1.356351E+02  1.356405E+02  2.123813E+02
 4.027500E+02  1.356657E+02  1.356711E+02  2.124574E+02
 4.030000E+02  1.356964E+02  1.357018E+02  2.125336E+02
 4.032500E+02  1.357271E+02  1.357325E+02  2.126097E+02
 4.035000E+02  1.357578E+02  1.357632E+02  2.126859E+02
 4.037500E+02  1.357886E+02  1.357939E+02  2.127620E+02
 4.040000E+02  1.358193E+02  1.358247E+02  2.128382E+02
 4.042500E+02  1.358501E+02  1.358555E+02  2.129143E+02
 4.045000E+02  1.358809E+02  1.358863E+02  2.129905E+02
 4.047500E+02  1.359117E+02  1.359171E+02  2.130666E+02
 4.050000E+02  1.359425E+02  1.359479E+02  2.131428E+02
 4.052500E+02  1.359734E+02  1.359788E+02  2.132189E+02
 4.055000E+02  1.360042E+02  1.360096E+02  2.132950E+02
 4.057500E+02  1.360351E+02  1.360405E+02  2.133712E+02
 4.060000E+02  1.360660E+02  1.360714E+02  2.134473E+02
 4.062500E+02  1.360969E+02  1.361023E+02  2.135234E+02
 4.065000E+02  1.361279E+02  1.361333E+02  2.135996E+02
 4.067500E+02  1.361588E+02  1.361642E+02  2.136757E+02
 4.070000E+02  1.361898E+02  1.361952E+02  2.137518E+02
 4.072500E+02  1.362208E+02  1.362262E+02  2.138279E+02
 4.075000E+02  1.362518E+02  1.362572E+02  2.139040E+02
 4.077500E+02  1.362828E+02  1.362882E+02  2.139801E+02
 4.080000E+02  1.363138E+02  1.363192E+02  2.140562E+02
 4.082500E+02  1.363449E+02  1.363503E+02  2.141323E+02
 4.085000E+02  1.363760E+02  1.363814E+02  2.142084E+02
 4.087500E+02  1.364070E+02  1.364124E+02  2.142845E+02
 4.090000E+02  1.364381E+02  1.364436E+02  2.143606E+02
 4.092500E+02  1.364693E+02  1.364747E+02  2.144366E+02
 4.095000E+02  1.365004E+02  1.365058E+02  2.145127E+02
 4.097500E+02  1.365316E+02  1.365370E+02  2.145887E+02
 4.100000E+02  1.365627E+02  1.365681E+02  2.146648E+02
 4.102500E+02  1.365939E+02  1.365993E+02  2.147408E+02
 4.105000E+02  1.366251E+02  1.366305E+02  2.148169E+02
 4.107500E+02  1.366563E+02  1.366617E+02  2.148929E+02
 4.110000E+02  1.366876E+02  1.366930E+02  2.149689E+02
 4.112500E+02  1.367188E+02  1.367242E+02  2.150449E+02
 4.115000E+02  1.367501E+02  1.367555E+02  2.151209E+02
 4.117500E+02  1.367813E+02  1.367868E+02  2.151969E+02
 4.120000E+02  1.368126E+02  1.368181E+02  2.152729E+02
 4.122500E+02  1.368439E+02  1.368494E+02  2.153488E+02
 4.125000E+02  1.368753E+02  1.368807E+02  2.154248E+02
 4.127500E+02  1.369066E+02  1.369120E+02  2.155007E+02
 4.130000E+02  1.369380E+02  1.369434E+02  2.155767E+02
 4.132500E+02  1.369693E+02  1.369747E+02  2.156526E+02
 4.135000E+02  1.370007E+02  1.370061E+02  2.157285E+02
 4.137500E+02  1.370321E+02  1.370375E+02  2.158044E+02
 4.140000E+02  1.370635E+02  1.370689E+02  2.158803E+02
 4.142500E+02  1.370949E+02  1.371003E+02  2.159562E+02
 4.145000E+02  1.371264E+02  1.371318E+02  2.160320E+02
 4.147500E+02  1.371578E+02  1.371632E+02  2.161079E+02
 4.150000E+02  1.371893E+02  1.371947E+02  2.161837E+02
 4.152500E+02  1.372208E+02  1.372262E+02  2.162596E+02
 4.155000E+02  1.372522E+02  1.372577E+02  2.163354E+02
 4.157500E+02  1.372837E+02  1.372892E+02  2.164112E+02
 4.160000E+02  1.373153E+02  1.373207E+02  2.164869E+02
 4.162500E+02  1.373468E+02  1.373522E+02  2.165627E+02
 4.165000E+02  1.373783E+02  1.373838E+02  2.166385E+02
 4.167500E+02  1.374099E+02  1.374153E+02  2.167142E+02
 4.170000E+02  1.374414E+02  1.374469E+02  2.167899E+02
 4.172500E+02  1.374730E+02  1.374784E+02  2.168656E+02
 4.175000E+02  1.375046E+02  1.375100E+02  2.169413E+02
 4.177500E+02  1.375362E+02  1.375416E+02  2.170170E+02
 4.180000E+02  1.375678E+02  1.375733E+02  2.170926E+02
 4.182500E+02  1.375994E+02  1.376049E+02  2.171683E+02
 4.185000E+02  1.376311E+02  1.376365E+02  2.172439E+02
 4.187500E+02  1.376627E+02  1.376682E+02  2.173195E+02
 4.190000E+02  1.376944E+02  1.376998E+02  2.173951E+02
 4.192500E+02  1.377261E+02  1.377315E+02  2.174706E+02
 4.195000E+02  1.377577E+02  1.377632E+02  2.175462E+02
 4.197500E+02  1.377894E+02  1.377949E+02  2.176217E+02
 4.200000E+02  1.378211E+02  1.378266E+02  2.176972E+02
 4.202500E+02  1.378528E+02  1.378583E+02  2.177727E+02
 4.205000E+02  1.378846E+02  1.378900E+02  2.178481E+02
 4.207500E+02  1.379163E+02  1.379217E+02  2.179236E+02
 4.210000E+02  1.379480E+02  1.379535E+02  2.179990E+02
 4.212500E+02  1.379798E+02  1.379852E+02  2.180744E+02
 4.215000E+02  1.380115E+02  1.380170E+02  2.181498E+02
 4.217500E+02  1.380433E+02  1.380488E+02  2.182251E+02
 4.220000E+02  1.380751E+02  1.380805E+02  2.183005E+02
 4.222500E+02  1.381069E+02  1.381123E+02  2.183758E+02
 4.225000E+02  1.381387E+02  1.381441E+02  2.184511E+02
 4.227500E+02  1.381705E+02  1.381759E+02  2.185263E+02
 4.230000E+02  1.382023E+02  1.382078E+02  2.186016E+02
 4.232500E+02  1.382341E+02  1.382396E+02  2.186768E+02
 4.235000E+02  1.382660E+02  1.382714E+02  2.187520E+02
 4.237500E+02  1.382978E+02  1.383033E+02  2.188271E+02
 4.240000E+02  1.383297E+02  1.383351E+02  2.189023E+02
 4.242500E+02  1.383615E+02  1.383670E+02  2.189774E+02
 4.245000E+02  1.383934E+02  1.383988E+02  2.190525E+02
 4.247500E+02  1.384253E+02  1.384307E+02  2.191275E+02
 4.250000E+02  1.384571E+02  1.384626E+02  2.192026E+02
 4.252500E+02  1.384890E+02  1.384945E+02  2.192776E+02
 4.255000E+02  1.385209E+02  1.385264E+02  2.193526E+02
 4.257500E+02  1.385528E+02  1.385583E+02  2.194275E+02
 4.260000E+02  1.385847E+02  1.385902E+02  2.195025E+02
 4.262500E+02  1.386166E+02  1.386221E+02  2.195774E+02
 4.265000E+02  1.386486E+02  1.386540E+02  2.196522E+02
 4.267500E+02  1.386805E+02  1.386860E+02  2.197271E+02
 4.270000E+02  1.387124E+02  1.387179E+02  2.198019E+02
 4.272500E+02  1.387444E+02  1.387498E+02  2.198767E+02
 4.275000E+02  1.387763E+02  1.387818E+02  2.199514E+02
 4.277500E+02  1.388083E+02  1.388137E+02  2.200261E+02
 4.280000E+02  1.388402E+02  1.388457E+02  2.201008E+02
 4.282500E+02  1.388722E+02  1.388777E+02  2.201755E+02
 4.285000E+02  1.389042E+02  1.389096E+02  2.202501E+02
 4.287500E+02  1.389361E+02  1.389416E+02  2.203247E+02
 4.290000E+02  1.389681E+02  1.389736E+02  2.203993E+02
 4.292500E+02  1.390001E+02  1.390056E+02  2.204738E+02
 4.295000E+02  1.390321E+02  1.390376E+02  2.205484E+02
 4.297500E+02  1.390641E+02  1.390696E+02  2.206228E+02
 4.300000E+02  1.390961E+02  1.391016E+02  2.206973E+02
 4.302500E+02  1.391281E+02  1.391336E+02  2.207717E+02
 4.305000E+02  1.391601E+02  1.391656E+02  2.208460E+02
 4.307500E+02  1.391921E+02  1.391976E+02  2.209204E+02
 4.310000E+02  1.392241E+02  1.392296E+02  2.209947E+02
 4.312500E+02  1.392562E+02  1.392616E+02  2.210690E+02
 4.315000E+02  1.392882E+02  1.392936E+02  2.211432E+02
 4.317500E+02  1.393202E+02  1.393257E+02  2.212174E+02
 4.320000E+02  1.393522E+02  1.393577E+02  2.212916E+02
 4.322500E+02  1.393843E+02  1.393897E+02  2.213657E+02
 4.325000E+02  1.394163E+02  1.394218E+02  2.214398E+02
 4.327500E+02  1.394483E+02  1.394538E+02  2.215139E+02
 4.330000E+02  1.394804E+02  1.394859E+02  2.215879E+02
 4.332500E+02  1.395124E+02  1.395179E+02  2.216619E+02
 4.335000E+02  1.395445E+02  1.395499E+02  2.217358E+02
 4.337500E+02  1.395765E+02  1.395820E+02  2.218097E+02
 4.340000E+02  1.396086E+02  1.396140E+02  2.218836E+02
 4.342500E+02  1.396406E+02  1.396461E+02  2.219574E+02
 4.345000E+02  1.396727E+02  1.396782E+02  2.220312E+02
 4.347500E+02  1.397047E+02  1.397102E+02  2.221050E+02
 4.350000E+02  1.397368E+02  1.397423E+02  2.221787E+02
 4.352500E+02  1.397689E+02  1.397743E+02  2.222524E+02
 4.355000E+02  1.398009E+02  1.398064E+02  2.223260E+02
 4.357500E+02  1.398330E+02  1.398385E+02  2.223996E+02
 4.360000E+02  1.398650E+02  1.398705E+02  2.224732E+02
 4.362500E+02  1.398971E+02  1.399026E+02  2.225467E+02
 4.365000E+02  1.399292E+02  1.399347E+02  2.226202E+02
 4.367500E+02  1.399612E+02  1.399667E+02  2.226936E+02
 4.370000E+02  1.399933E+02  1.399988E+02  2.227670E+02
 4.372500E+02  1.400254E+02  1.400308E+02  2.228404E+02
 4.375000E+02  1.400574E+02  1.400629E+02  2.229137E+02
 4.377500E+02  1.400895E+02  1.400950E+02  2.229870E+02
 4.380000E+02  1.401216E+02  1.401270E+02  2.230602E+02
 4.382500E+02  1.401536E+02  1.401591E+02  2.231334E+02
 4.385000E+02  1.401857E+02  1.401912E+02  2.232065E+02
 4.387500E+02  1.402178E+02  1.402232E+02  2.232796E+02
 4.390000E+02  1.402498E+02  1.402553E+02  2.233527E+02
 4.392500E+02  1.402819E+02  1.402874E+02  2.234257E+02
 4.395000E+02  1.403139E+02  1.403194E+02  2.234987E+02
 4.397500E+02  1.403460E+02  1.403515E+02  2.235716E+02
 4.400000E+02  1.403781E+02  1.403836E+02  2.236445E+02
 4.402500E+02  1.404101E+02  1.404156E+02  2.237173E+02
 4.405000E+02  1.404422E+02  1.404477E+02  2.237901E+02
 4.407500E+02  1.404742E+02  1.404797E+02  2.238629E+02
 4.410000E+02  1.405063E+02  1.405118E+02  2.239356E+02
 4.412500E+02  1.405383E+02  1.405438E+02  2.240083E+02
 4.415000E+02  1.405704E+02  1.405759E+02  2.240809E+02
 4.417500E+02  1.406024E+02  1.406079E+02  2.241534E+02
 4.420000E+02  1.406345E+02  1.406400E+02  2.242260E+02
 4.422500E+02  1.406665E+02  1.406720E+02  2.242984E+02
 4.425000E+02  1.406986E+02  1.407041E+02  2.243709E+02
 4.427500E+02  1.407306E+02  1.407361E+02  2.244433E+02
 4.430000E+02  1.407626E+02  1.407681E+02  2.245156E+02
 4.432500E+02  1.407947E+02  1.408002E+02  2.245879E+02
 4.435000E+02  1.408267E+02  1.408322E+02  2.246601E+02
 4.437500E+02  1.719990E+02  1.756520E+02  3.031328E+02
 4.440000E+02  1.720188E+02  1.756740E+02  3.031822E+02
 4.442500E+02  1.720387E+02  1.756960E+02  3.032317E+02
 4.445000E+02  1.720586E+02  1.757180E+02  3.032812E+02
 4.447500E+02  1.720785E+02  1.757399E+02  3.033306E+02
 4.450000E+02  1.720983E+02  1.757619E+02  3.033800E+02
 4.452500E+02  1.721182E+02  1.757839E+02  3.034294E+02
 4.455000E+02  1.721381E+02  1.758059E+02  3.034788E+02
 4.457500E+02  1.721580E+02  1.758279E+02  3.035282E+02
 4.460000E+02  1.721779E+02  1.758499E+02  3.035776E+02
 4.462500E+02  1.721979E+02  1.758720E+02  3.036270E+02
 4.465000E+02  1.722178E+02  1.758940E+02  3.036763E+02
 4.467500E+02  1.722377E+02  1.759160E+02  3.037256E+02
 4.470000E+02  1.722577E+02  1.759381E+02  3.037750E+02
 4.472500E+02  1.722776E+02  1.759601E+02  3.038243E+02
 4.475000E+02  1.722976E+02  1.759822E+02  3.038736E+02
 4.477500E+02  1.723175E+02  1.760042E+02  3.039229E+02
 4.480000E+02  1.723375E+02  1.760263E+02  3.039721E+02
 4.482500E+02  1.723574E+02  1.760484E+02  3.040214E+02
 4.485000E+02  1.723774E+02  1.760705E+02  3.040706E+02
 4.487500E+02  1.723974E+02  1.760925E+02  3.041199E+02
 4.490000E+02  1.724174E+02  1.761146E+02  3.041691E+02
 4.492500E+02  1.724374E+02  1.761367E+02  3.042183E+02
 4.495000E+02  1.724574E+02  1.761588E+02  3.042675E+02
 4.497500E+02  1.724774E+02  1.761810E+02  3.043167E+02
 4.500000E+02  1.724974E+02  1.762031E+02  3.043658E+02
 4.502500E+02  1.725175E+02  1.762252E+02  3.044150E+02
 4.505000E+02  1.725375E+02  1.762473E+02  3.044641E+02
 4.507500E+02  1.725575E+02  1.762695E+02  3.045133E+02
 4.510000E+02  1.725776E+02  1.762916E+02  3.045624E+02
 4.512500E+02  1.725976E+02  1.763138E+02  3.046115E+02
 4.515000E+02  1.726177E+02  1.763359E+02  3.046606E+02
 4.517500E+02  1.726377E+02  1.763581E+02  3.047097E+02
 4.520000E+02  1.726578E+02  1.763803E+02  3.047587E+02
 4.522500E+02  1.726779E+02  1.764025E+02  3.048078E+02
 4.525000E+02  1.726980E+02  1.764246E+02  3.048568E+02
 4.527500E+02  1.727181E+02  1.764468E+02  3.049059E+02
 4.530000E+02  1.727382E+02  1.764690E+02  3.049549E+02
 4.532500E+02  1.727583E+02  1.764912E+02  3.050039E+02
 4.535000E+02  1.727784E+02  1.765134E+02  3.050529E+02
 4.537500E+02  1.727985E+02  1.765357E+02  3.051019E+02
 4.540000E+02  1.728186E+02  1.765579E+02  3.051508E+02
 4.542500E+02  1.728387E+02  1.765801E+02  3.051998E+02
 4.545000E+02  1.728589E+02  1.766024E+02  3.052487E+02
 4.547500E+02  1.728790E+02  1.766246E+02  3.052977E+02
 4.550000E+02  1.728992E+02  1.766469E+02  3.053466E+02
 4.552500E+02  1.729193E+02  1.766691E+02  3.053955E+02
 4.555000E+02  1.729395E+02  1.766914E+02  3.054444E+02
 4.557500E+02  1.729597E+02  1.767136E+02  3.054933E+02
 4.560000E+02  1.729798E+02  1.767359E+02  3.055421E+02
 4.562500E+02  1.730000E+02  1.767582E+02  3.055910E+02
 4.565000E+02  1.730202E+02  1.767805E+02  3.056398E+02
 4.567500E+02  1.730404E+02  1.768028E+02  3.056886E+02
 4.570000E+02  1.730606E+02  1.768251E+02  3.057375E+02
 4.572500E+02  1.730808E+02  1.768474E+02  3.057863E+02
 4.575000E+02  1.731010E+02  1.768697E+02  3.058351E+02
 4.577500E+02  1.731212E+02  1.768920E+02  3.058838E+02
 4.580000E+02  1.731415E+02  1.769144E+02  3.059326E+02
 4.582500E+02  1.731617E+02  1.769367E+02  3.059814E+02
 4.585000E+02  1.731819E+02  1.769591E+02  3.060301E+02
 4.587500E+02  1.732022E+02  1.769814E+02  3.060788E+02
 4.590000E+02  1.732224E+02  1.770038E+02  3.061276E+02
 4.592500E+02  1.732427E+02  1.770261E+02  3.061763E+02
 4.595000E+02  1.732630E+02  1.770485E+02  3.062249E+02
 4.597500E+02  1.732832E+02  1.770709E+02  3.062736E+02
 4.600000E+02  1.733035E+02  1.770932E+02  3.063223E+02
 4.602500E+02  1.733238E+02  1.771156E+02  3.063710E+02
 4.605000E+02  1.733441E+02  1.771380E+02  3.064196E+02
 4.607500E+02  1.733644E+02  1.771604E+02  3.064682E+02
 4.610000E+02  1.733847E+02  1.771828E+02  3.065168E+02
 4.612500E+02  1.734050E+02  1.772052E+02  3.065655E+02
 4.615000E+02  1.734253E+02  1.772277E+02  3.066140E+02
 4.617500E+02  1.734457E+02  1.772501E+02  3.066626E+02
 4.620000E+02  1.734660E+02  1.772725E+02  3.067112E+02
 4.622500E+02  1.734863E+02  1.772950E+02  3.067598E+02
 4.625000E+02  1.735067E+02  1.773174E+02  3.068083E+02
 4.627500E+02  1.735270E+02  1.773399E+02  3.068568E+02
 4.630000E+02  1.735474E+02  1.773623E+02  3.069053E+02
 4.632500E+02  1.735678E+02  1.773848E+02  3.069539E+02
 4.635000E+02  1.735881E+02  1.774073E+02  3.070024E+02
 4.637500E+02  1.736085E+02  1.774297E+02  3.070508E+02
 4.640000E+02  1.736289E+02  1.774522E+02  3.070993E+02
 4.642500E+02  1.736493E+02  1.774747E+02  3.071478E+02
 4.645000E+02  1.736697E+02  1.774972E+02  3.071962E+02
 4.647500E+02  1.736901E+02  1.775197E+02  3.072446E+02
 4.650000E+02  1.737105E+02  1.775422E+02  3.072931E+02
 4.652500E+02  1.737309E+02  1.775647E+02  3.073415E+02
 4.655000E+02  1.737513E+02  1.775873E+02  3.073899E+02
 4.657500E+02  1.737717E+02  1.776098E+02  3.074383E+02
 4.660000E+02  1.737922E+02  1.776323E+02  3.074866E+02
 4.662500E+02  1.738126E+02  1.776549E+02  3.075350E+02
 4.665000E+02  1.738331E+02  1.776774E+02  3.075833E+02
 4.667500E+02  1.738535E+02  1.777000E+02  3.076317E+02
 4.670000E+02  1.738740E+02  1.777225E+02  3.076800E+02
 4.672500E+02  1.738945E+02  1.777451E+02  3.077283E+02
 4.675000E+02  1.739149E+02  1.777677E+02  3.077766E+02
 4.677500E+02  1.739354E+02  1.777903E+02  3.078249E+02
 4.680000E+02  1.739559E+02  1.778128E+02  3.078732E+02
 4.682500E+02  1.739764E+02  1.778354E+02  3.079214E+02
 4.685000E+02  1.739969E+02  1.778580E+02  3.079697E+02
 4.687500E+02  1.740174E+02  1.778806E+02  3.080179E+02
 4.690000E+02  1.740379E+02  1.779033E+02  3.080662E+02
 4.692500E+02  1.740584E+02  1.779259E+02  3.081144E+02
 4.695000E+02  1.740789E+02  1.779485E+02  3.081626E+02
 4.697500E+02  1.740995E+02  1.779711E+02  3.082108E+02
 4.700000E+02  1.741200E+02  1.779938E+02  3.082589E+02
 4.702500E+02  1.741406E+02  1.780164E+02  3.083071E+02
 4.705000E+02  1.741611E+02  1.780391E+02  3.083553E+02
 4.707500E+02  1.741817E+02  1.780617E+02  3.084034E+02
 4.710000E+02  1.742022E+02  1.780844E+02  3.084515E+02
 4.712500E+02  1.742228E+02  1.781071E+02  3.084997E+02
 4.715000E+02  1.742434E+02  1.781297E+02  3.085478E+02
 4.717500E+02  1.742640E+02  1.781524E+02  3.085959E+02
 4.720000E+02  1.742845E+02  1.781751E+02  3.086439E+02
 4.722500E+02  1.743051E+02  1.781978E+02  3.086920E+02
 4.725000E+02  1.743257E+02  1.782205E+02  3.087401E+02
 4.727500E+02  1.743463E+02  1.782432E+02  3.087881E+02
 4.730000E+02  1.743670E+02  1.782659E+02  3.088361E+02
 4.732500E+02  1.743876E+02  1.782886E+02  3.088842E+02
 4.735000E+02  1.744082E+02  1.783114E+02  3.089322E+02
 4.737500E+02  1.744288E+02  1.783341E+02  3.089802E+02
 4.740000E+02  1.744495E+02  1.783568E+02  3.090282E+02
 4.742500E+02  1.744701E+02  1.783796E+02  3.090761E+02
 4.745000E+02  1.744908E+02  1.784023E+02  3.091241E+02
 4.747500E+02  1.745114E+02  1.784251E+02  3.091720E+02
 4.750000E+02  1.745321E+02  1.784479E+02  3.092200E+02
 4.752500E+02  1.745528E+02  1.784706E+02  3.092679E+02
 4.755000E+02  1.745734E+02  1.784934E+02  3.093158E+02
 4.757500E+02  1.745941E+02  1.785162E+02  3.093637E+02
 4.760000E+02  1.746148E+02  1.785390E+02  3.094116E+02
 4.762500E+02  1.746355E+02  1.785618E+02  3.094595E+02
 4.765000E+02  1.746562E+02  1.785846E+02  3.095074E+02
 4.767500E+02  1.746769E+02  1.786074E+02  3.095552E+02
 4.770000E+02  1.746976E+02  1.786302E+02  3.096031E+02
 4.772500E+02  1.747184E+02  1.786530E+02  3.096509E+02
 4.775000E+02  1.747391E+02  1.786759E+02  3.096987E+02
 4.777500E+02  1.747598E+02  1.786987E+02  3.097465E+02
 4.780000E+02  1.747806E+02  1.787215E+02  3.097943E+02
 4.782500E+02  1.748013E+02  1.787444E+02  3.098421E+02
 4.785000E+02  1.748221E+02  1.787672E+02  3.098899E+02
 4.787500E+02  1.748428E+02  1.787901E+02  3.099376E+02
 4.790000E+02  1.748636E+02  1.788129E+02  3.099854E+02
 4.792500E+02  1.748844E+02  1.788358E+02  3.100331E+02
 4.795000E+02  1.749051E+02  1.788587E+02  3.100808E+02
 4.797500E+02  1.749259E+02  1.788816E+02  3.101285E+02
 4.800000E+02  1.749467E+02  1.789045E+02  3.101762E+02
 4.802500E+02  1.749675E+02  1.789274E+02  3.102239E+02
 4.805000E+02  1.749883E+02  1.789503E+02  3.102716E+02
 4.807500E+02  1.750091E+02  1.789732E+02  3.103193E+02
 4.810000E+02  1.750299E+02  1.789961E+02  3.103669E+02
 4.812500E+02  1.750508E+02  1.790190E+02  3.104146E+02
 4.815000E+02  1.750716E+02  1.790419E+02  3.104622E+02
 4.817500E+02  1.750924E+02  1.790649E+02  3.105098E+02
 4.820000E+02  1.751133E+02  1.790878E+02  3.105574E+02
 4.822500E+02  1.751341E+02  1.791108E+02  3.106050E+02
 4.825000E+02  1.751550E+02  1.791337E+02  3.106526E+02
 4.827500E+02  1.751758E+02  1.791567E+02  3.107002E+02
 4.830000E+02  1.751967E+02  1.791796E+02  3.107477E+02
 4.832500E+02  1.752176E+02  1.792026E+02  3.107953E+02
 4.835000E+02  1.752385E+02  1.792256E+02  3.108428E+02
 4.837500E+02  1.752593E+02  1.792486E+02  3.108903E+02
 4.840000E+02  1.752802E+02  1.792716E+02  3.109378E+02
 4.842500E+02  1.753011E+02  1.792946E+02  3.109853E+02
 4.845000E+02  1.753220E+02  1.793176E+02  3.110328E+02
 4.847500E+02  1.753429E+02  1.793406E+02  3.110803E+02
 4.850000E+02  1.753639E+02  1.793636E+02  3.111278E+02
 4.852500E+02  1.753848E+02  1.793866E+02  3.111752E+02
 4.855000E+02  1.754057E+02  1.794096E+02  3.112227E+02
 4.857500E+02  1.754266E+02  1.794327E+02  3.112701E+02
 4.860000E+02  1.754476E+02  1.794557E+02  3.113175E+02
 4.862500E+02  1.754685E+02  1.794787E+02  3.113649E+02
 4.865000E+02  1.754895E+02  1.795018E+02  3.114123E+02
 4.867500E+02  1.755104E+02  1.795249E+02  3.114597E+02
 4.870000E+02  1.755314E+02  1.795479E+02  3.115071E+02
 4.872500E+02  1.755524E+02  1.795710E+02  3.115544E+02
 4.875000E+02  1.755734E+02  1.795941E+02  3.116018E+02
 4.877500E+02  1.755943E+02  1.796172E+02  3.116491E+02
 4.880000E+02  1.756153E+02  1.796402E+02  3.116964E+02
 4.882500E+02  1.756363E+02  1.796633E+02  3.117438E+02
 4.885000E+02  1.756573E+02  1.796864E+02  3.117911E+02
 4.887500E+02  1.756783E+02  1.797095E+02  3.118384E+02
 4.890000E+02  1.756993E+02  1.797327E+02  3.118856E+02
 4.892500E+02  1.757204E+02  1.797558E+02  3.119329E+02
 4.895000E+02  1.757414E+02  1.797789E+02  3.119802E+02
 4.897500E+02  1.757624E+02  1.798020E+02  3.120274E+02
 4.900000E+02  1.757835E+02  1.798252E+02  3.120746E+02
 4.902500E+02  1.758045E+02  1.798483E+02  3.121219E+02
 4.905000E+02  1.758256E+02  1.798715E+02  3.121691E+02
 4.907500E+02  1.758466E+02  1.798946E+02  3.122163E+02
 4.910000E+02  1.758677E+02  1.799178E+02  3.122634E+02
 4.912500E+02  1.758888E+02  1.799410E+02  3.123106E+02
 4.915000E+02  1.759098E+02  1.799641E+02  3.123578E+02
 4.917500E+02  1.759309E+02  1.799873E+02  3.124049E+02
 4.920000E+02  1.759520E+02  1.800105E+02  3.124521E+02
 4.922500E+02  1.759731E+02  1.800337E+02  3.124992E+02
 4.925000E+02  1.759942E+02  1.800569E+02  3.125463E+02
 4.927500E+02  1.760153E+02  1.800801E+02  3.125934E+02
 4.930000E+02  1.760364E+02  1.801033E+02  3.126405E+02
 4.932500E+02  1.760575E+02  1.801265E+02  3.126876E+02
 4.935000E+02  1.760787E+02  1.801498E+02  3.127347E+02
 4.937500E+02  1.760998E+02  1.801730E+02  3.127817E+02
 4.940000E+02  1.761209E+02  1.801962E+02  3.128288E+02
 4.942500E+02  1.761421E+02  1.802195E+02  3.128758E+02
 4.945000E+02  1.761632E+02  1.802427E+02  3.129229E+02
 4.947500E+02  1.761844E+02  1.802660E+02  3.129699E+02
 4.950000E+02  1.762056E+02  1.802892E+02  3.130169E+02
 4.952500E+02  1.762267E+02  1.803125E+02  3.130639E+02
 4.955000E+02  1.762479E+02  1.803358E+02  3.131108E+02
 4.957500E+02  1.762691E+02  1.803590E+02  3.131578E+02
 4.960000E+02  1.762903E+02  1.803823E+02  3.132048E+02
 4.962500E+02  1.763115E+02  1.804056E+02  3.132517E+02
 4.965000E+02  1.763327E+02  1.804289E+02  3.132986E+02
 4.967500E+02  1.763539E+02  1.804522E+02  3.133456E+02
 4.970000E+02  1.763751E+02  1.804755E+02  3.133925E+02
 4.972500E+02  1.763963E+02  1.804988E+02  3.134394E+02
 4.975000E+02  1.764175E+02  1.805222E+02  3.134863E+02
 4.977500E+02  1.764388E+02  1.805455E+02  3.135331E+02
 4.980000E+02  1.764600E+02  1.805688E+02  3.135800E+02
 4.982500E+02  1.764812E+02  1.805922E+02  3.136269E+02
 4.985000E+02  1.765025E+02  1.806155E+02  3.136737E+02
 4.987500E+02  1.765237E+02  1.806389E+02  3.137205E+02
 4.990000E+02  1.765450E+02  1.806622E+02  3.137674E+02
 4.992500E+02  1.765663E+02  1.806856E+02  3.138142E+02
 4.995000E+02  1.765875E+02  1.807090E+02  3.138610E+02
 4.997500E+02  1.766088E+02  1.807323E+02  3.139078E+02
 5.000000E+02  1.766301E+02  1.807557E+02  3.139545E+02
