#         T/K        V/dm^3  V(excl)/dm^3    alpha/K^-1        status
 2.500000E+02  5.046930E-02  4.865834E-02  3.098080E-04                                 112
 2.502500E+02  5.047320E-02  4.865834E-02  3.107992E-04                                 112
 2.505000E+02  5.047714E-02  4.865834E-02  3.119056E-04                                 112
 2.507500E+02  5.048108E-02  4.865834E-02  3.121091E-04                                 112
 2.510000E+02  5.048502E-02  4.865834E-02  3.123084E-04                                 112
 2.512500E+02  5.048896E-02  4.865834E-02  3.125048E-04                                 112
 2.515000E+02  5.049291E-02  4.865834E-02  3.126986E-04                                 112
 2.517500E+02  5.049685E-02  4.865834E-02  3.128896E-04                                 112
 2.520000E+02  5.050081E-02  4.865834E-02  3.130779E-04                                 112
 2.522500E+02  5.050476E-02  4.865834E-02  3.132635E-04                                 112
 2.525000E+02  5.050872E-02  4.865834E-02  3.134463E-04                                 112
 2.527500E+02  5.051268E-02  4.865834E-02  3.136265E-04                                 112
 2.530000E+02  5.051664E-02  4.865834E-02  3.138040E-04                                 112
 2.532500E+02  5.052060E-02  4.865834E-02  3.139788E-04                                 112
 2.535000E+02  5.052457E-02  4.865834E-02  3.141510E-04                                 112
 2.537500E+02  5.052854E-02  4.865834E-02  3.143205E-04                                 112
 2.540000E+02  5.053251E-02  4.865834E-02  3.144873E-04                                 112
 2.542500E+02  5.053648E-02  4.865834E-02  3.146516E-04                                 112
 2.545000E+02  5.054046E-02  4.865834E-02  3.148132E-04                                 112
 2.547500E+02  5.054444E-02  4.865834E-02  3.149722E-04                                 112
 2.550000E+02  5.054842E-02  4.865834E-02  3.151286E-04                                 112
 2.552500E+02  5.055240E-02  4.865834E-02  3.152824E-04                                 112
 2.555000E+02  5.055639E-02  4.865834E-02  3.154337E-04                                 112
 2.557500E+02  5.056038E-02  4.865834E-02  3.155824E-04                                 112
 2.560000E+02  5.056437E-02  4.865834E-02  3.157285E-04                                 112
 2.562500E+02  5.056836E-02  4.865834E-02  3.158722E-04                                 112
 2.565000E+02  5.057235E-02  4.865834E-02  3.160133E-04                                 112
 2.567500E+02  5.057635E-02  4.865834E-02  3.161519E-04                                 112
 2.570000E+02  5.058035E-02  4.865834E-02  3.162880E-04                                 112
 2.572500E+02  5.058435E-02  4.865834E-02  3.164216E-04                                 112
 2.575000E+02  5.058835E-02  4.865834E-02  3.165528E-04                                 112
 2.577500E+02  5.059236E-02  4.865834E-02  3.166815E-04                                 112
 2.580000E+02  5.059636E-02  4.865834E-02  3.168078E-04                                 112
 2.582500E+02  5.060037E-02  4.865834E-02  3.169316E-04                                 112
 2.585000E+02  5.060438E-02  4.865834E-02  3.170531E-04                                 112
 2.587500E+02  5.060839E-02  4.865834E-02  3.171722E-04                                 112
 2.590000E+02  5.061241E-02  4.865834E-02  3.172889E-04                                 112
 2.592500E+02  5.061642E-02  4.865834E-02  3.174032E-04                                 112
 2.595000E+02  5.062044E-02  4.865834E-02  3.175152E-04                                 112
 2.597500E+02  5.062446E-02  4.865834E-02  3.176249E-04                                 112
 2.600000E+02  5.062848E-02  4.865834E-02  3.177322E-04                                 112
 2.602500E+02  5.063250E-02  4.865834E-02  3.178372E-04                                 112
 2.605000E+02  5.063653E-02  4.865834E-02  3.179400E-04                                 112
 2.607500E+02  5.064055E-02  4.865834E-02  3.180405E-04                                 112
 2.610000E+02  5.064458E-02  4.865834E-02  3.181388E-04                                 112
 2.612500E+02  5.064861E-02  4.865834E-02  3.182348E-04                                 112
 2.615000E+02  5.065264E-02  4.865834E-02  3.183286E-04                                 112
 2.617500E+02  5.065667E-02  4.865834E-02  3.184202E-04                                 112
 2.620000E+02  5.066070E-02  4.865834E-02  3.185097E-04                                 112
 2.622500E+02  5.066474E-02  4.865834E-02  3.185969E-04                                 112
 2.625000E+02  5.066877E-02  4.865834E-02  3.186820E-04                                 112
 2.627500E+02  5.067281E-02  4.865834E-02  3.187650E-04                                 112
 2.630000E+02  5.067685E-02  4.865834E-02  3.188459E-04                                 112
 2.632500E+02  5.068089E-02  4.865834E-02  3.189247E-04                                 112
 2.635000E+02  5.068493E-02  4.865834E-02  3.190014E-04                                 112
 2.637500E+02  5.068898E-02  4.865834E-02  3.190761E-04                                 112
 2.640000E+02  5.069302E-02  4.865834E-02  3.191487E-04                                 112
 2.642500E+02  5.069706E-02  4.865834E-02  3.192193E-04                                 112
 2.645000E+02  5.070111E-02  4.865834E-02  3.192878E-04                                 112
 2.647500E+02  5.070516E-02  4.865834E-02  3.193544E-04                                 112
 2.650000E+02  5.070921E-02  4.865834E-02  3.194191E-04                                 112
 2.652500E+02  5.071326E-02  4.865834E-02  3.194817E-04                                 112
 2.655000E+02  5.071731E-02  4.865834E-02  3.195425E-04                                 112
 2.657500E+02  5.072136E-02  4.865834E-02  3.196013E-04                                 112
 2.660000E+02  5.072541E-02  4.865834E-02  3.196583E-04                                 112
 2.662500E+02  5.072947E-02  4.865834E-02  3.197134E-04                                 112
 2.665000E+02  5.073352E-02  4.865834E-02  3.197666E-04                                 112
 2.667500E+02  5.073758E-02  4.865834E-02  3.198180E-04                                 112
 2.670000E+02  5.074164E-02  4.865834E-02  3.198675E-04                                 112
 2.672500E+02  5.074569E-02  4.865834E-02  3.199153E-04                                 112
 2.675000E+02  5.074975E-02  4.865834E-02  3.199613E-04                                 112
 2.677500E+02  5.075381E-02  4.865834E-02  3.200055E-04                                 112
 2.680000E+02  5.075787E-02  4.865834E-02  3.200480E-04                                 112
 2.682500E+02  5.076194E-02  4.865834E-02  3.200888E-04                                 112
 2.685000E+02  5.076600E-02  4.865834E-02  3.201279E-04                                 112
 2.687500E+02  5.077006E-02  4.865834E-02  3.201653E-04                                 112
 2.690000E+02  5.077413E-02  4.865834E-02  3.202010E-04                                 112
 2.692500E+02  5.077819E-02  4.865834E-02  3.202351E-04                                 112
 2.695000E+02  5.078226E-02  4.865834E-02  3.202676E-04                                 112
 2.697500E+02  5.078632E-02  4.865834E-02  3.202985E-04                                 112
 2.700000E+02  5.079039E-02  4.865834E-02  3.203278E-04                                 112
 2.702500E+02  5.079446E-02  4.865834E-02  3.203555E-04                                 112
 2.705000E+02  5.079853E-02  4.865834E-02  3.203817E-04                                 112
 2.707500E+02  5.080260E-02  4.865834E-02  3.204064E-04                                 112
 2.710000E+02  5.080666E-02  4.865834E-02  3.204296E-04                                 112
 2.712500E+02  5.081074E-02  4.865834E-02  3.204513E-04                                 112
 2.715000E+02  5.081481E-02  4.865834E-02  3.204715E-04                                 112
 2.717500E+02  5.081888E-02  4.865834E-02  3.204903E-04                                 112
 2.720000E+02  5.082295E-02  4.865834E-02  3.205077E-04                                 112
 2.722500E+02  5.082702E-02  4.865834E-02  3.205237E-04                                 112
 2.725000E+02  5.083110E-02  4.865834E-02  3.205383E-04                                 112
 2.727500E+02  5.083517E-02  4.865834E-02  3.205516E-04                                 112
 2.730000E+02  5.083924E-02  4.865834E-02  3.205635E-04                                 112
 2.732500E+02  5.084332E-02  4.865834E-02  3.205741E-04                                 112
 2.735000E+02  5.084739E-02  4.865834E-02  3.205834E-04                                 112
 2.737500E+02  5.085147E-02  4.865834E-02  3.205915E-04                                 112
 2.740000E+02  5.085554E-02  4.865834E-02  3.205983E-04                                 112
 2.742500E+02  5.085962E-02  4.865834E-02  3.206038E-04                                 112
 2.745000E+02  5.086370E-02  4.865834E-02  3.206081E-04                                 112
 2.747500E+02  5.086777E-02  4.865834E-02  3.206113E-04                                 112
 2.750000E+02  5.087185E-02  4.865834E-02  3.206133E-04                                 112
 2.752500E+02  5.087593E-02  4.865834E-02  3.206141E-04                                 112
 2.755000E+02  5.088001E-02  4.865834E-02  3.206138E-04                                 112
 2.757500E+02  5.088408E-02  4.865834E-02  3.206123E-04                                 112
 2.760000E+02  5.088816E-02  4.865834E-02  3.206098E-04                                 112
 2.762500E+02  5.089224E-02  4.865834E-02  3.206063E-04                                 112
 2.765000E+02  5.089632E-02  4.865834E-02  3.206016E-04                                 112
 2.767500E+02  5.090040E-02  4.865834E-02  3.205960E-04                                 112
 2.770000E+02  5.090448E-02  4.865834E-02  3.205893E-04                                 112
 2.772500E+02  5.090856E-02  4.865834E-02  3.205816E-04                                 112
 2.775000E+02  5.091264E-02  4.865834E-02  3.205730E-04                                 112
 2.777500E+02  5.091672E-02  4.865834E-02  3.205635E-04                                 112
 2.780000E+02  5.092080E-02  4.865834E-02  3.205530E-04                                 112
 2.782500E+02  5.092488E-02  4.865834E-02  3.205416E-04                                 112
 2.785000E+02  5.092896E-02  4.865834E-02  3.205293E-04                                 112
 2.787500E+02  5.093305E-02  4.865834E-02  3.205162E-04                                 112
 2.790000E+02  5.093713E-02  4.865834E-02  3.205022E-04                                 112
 2.792500E+02  5.094121E-02  4.865834E-02  3.204874E-04                                 112
 2.795000E+02  5.094529E-02  4.865834E-02  3.204717E-04                                 112
 2.797500E+02  5.094937E-02  4.865834E-02  3.204553E-04                                 112
 2.800000E+02  5.095345E-02  4.865834E-02  3.204382E-04                                 112
 2.802500E+02  5.095753E-02  4.865834E-02  3.204203E-04                                 112
 2.805000E+02  5.096162E-02  4.865834E-02  3.204016E-04                                 112
 2.807500E+02  5.096570E-02  4.865834E-02  3.203823E-04                                 112
 2.810000E+02  5.096978E-02  4.865834E-02  3.203623E-04                                 112
 2.812500E+02  5.097386E-02  4.865834E-02  3.203416E-04                                 112
 2.815000E+02  5.097795E-02  4.865834E-02  3.203203E-04                                 112
 2.817500E+02  5.098203E-02  4.865834E-02  3.202984E-04                                 112
 2.820000E+02  5.098611E-02  4.865834E-02  3.202758E-04                                 112
 2.822500E+02  5.099019E-02  4.865834E-02  3.202527E-04                                 112
 2.825000E+02  5.099428E-02  4.865834E-02  3.202290E-04                                 112
 2.827500E+02  5.099836E-02  4.865834E-02  3.202048E-04                                 112
 2.830000E+02  5.100244E-02  4.865834E-02  3.201800E-04                                 112
 2.832500E+02  5.100652E-02  4.865834E-02  3.201548E-04                                 112
 2.835000E+02  5.101061E-02  4.865834E-02  3.201290E-04                                 112
 2.837500E+02  5.101469E-02  4.865834E-02  3.201028E-04                                 112
 2.840000E+02  5.101877E-02  4.865834E-02  3.200762E-04                                 112
 2.842500E+02  5.102285E-02  4.865834E-02  3.200491E-04                                 112
 2.845000E+02  5.102694E-02  4.865834E-02  3.200216E-04                                 112
 2.847500E+02  5.103102E-02  4.865834E-02  3.199938E-04                                 112
 2.850000E+02  5.103510E-02  4.865834E-02  3.199655E-04                                 112
 2.852500E+02  5.103918E-02  4.865834E-02  3.199369E-04                                 112
 2.855000E+02  5.104326E-02  4.865834E-02  3.199080E-04                                 112
 2.857500E+02  5.104735E-02  4.865834E-02  3.198788E-04                                 112
 2.860000E+02  5.105143E-02  4.865834E-02  3.198493E-04                                 112
 2.862500E+02  5.105551E-02  4.865834E-02  3.198195E-04                                 112
 2.865000E+02  5.105959E-02  4.865834E-02  3.197895E-04                                 112
 2.867500E+02  5.106368E-02  4.865834E-02  3.197592E-04                                 112
 2.870000E+02  5.106776E-02  4.865834E-02  3.197287E-04                                 112
 2.872500E+02  5.107184E-02  4.865834E-02  3.196980E-04                                 112
 2.875000E+02  5.107592E-02  4.865834E-02  3.196671E-04                                 112
 2.877500E+02  5.108000E-02  4.865834E-02  3.196361E-04                                 112
 2.880000E+02  5.108408E-02  4.865834E-02  3.196049E-04                                 112
 2.882500E+02  5.108817E-02  4.865834E-02  3.195736E-04                                 112
 2.885000E+02  5.109225E-02  4.865834E-02  3.195422E-04                                 112
 2.887500E+02  5.109633E-02  4.865834E-02  3.195107E-04                                 112
 2.890000E+02  5.110041E-02  4.865834E-02  3.194792E-04                                 112
 2.892500E+02  5.110449E-02  4.865834E-02  3.194476E-04                                 112
 2.895000E+02  5.110857E-02  4.865834E-02  3.194159E-04                                 112
 2.897500E+02  5.111265E-02  4.865834E-02  3.193843E-04                                 112
 2.900000E+02  5.111674E-02  4.865834E-02  3.193526E-04                                 112
 2.902500E+02  5.112082E-02  4.865834E-02  3.193210E-04                                 112
 2.905000E+02  5.112490E-02  4.865834E-02  3.192894E-04                                 112
 2.907500E+02  5.112898E-02  4.865834E-02  3.192578E-04                                 112
 2.910000E+02  5.113306E-02  4.865834E-02  3.192264E-04                                 112
 2.912500E+02  5.113714E-02  4.865834E-02  3.191950E-04                                 112
 2.915000E+02  5.114122E-02  4.865834E-02  3.191637E-04                                 112
 2.917500E+02  5.114530E-02  4.865834E-02  3.191326E-04                                 112
 2.920000E+02  5.114938E-02  4.865834E-02  3.191016E-04                                 112
 2.922500E+02  5.115346E-02  4.865834E-02  3.190707E-04                                 112
 2.925000E+02  5.115754E-02  4.865834E-02  3.190401E-04                                 112
 2.927500E+02  5.116162E-02  4.865834E-02  3.190096E-04                                 112
 2.930000E+02  5.116570E-02  4.865834E-02  3.189793E-04                                 112
 2.932500E+02  5.116978E-02  4.865834E-02  3.189493E-04                                 112
 2.935000E+02  5.117386E-02  4.865834E-02  3.189195E-04                                 112
 2.937500E+02  5.117794E-02  4.865834E-02  3.188900E-04                                 112
 2.940000E+02  5.118202E-02  4.865834E-02  3.188607E-04                                 112
 2.942500E+02  5.118610E-02  4.865834E-02  3.188317E-04                                 112
 2.945000E+02  5.119018E-02  4.865834E-02  3.188031E-04                                 112
 2.947500E+02  5.119426E-02  4.865834E-02  3.187747E-04                                 112
 2.950000E+02  5.119834E-02  4.865834E-02  3.187467E-04                                 112
 2.952500E+02  5.120242E-02  4.865834E-02  3.187191E-04                                 112
 2.955000E+02  5.120650E-02  4.865834E-02  3.186918E-04                                 112
 2.957500E+02  5.121058E-02  4.865834E-02  3.186649E-04                                 112
 2.960000E+02  5.121466E-02  4.865834E-02  3.186385E-04                                 112
 2.962500E+02  5.121874E-02  4.865834E-02  3.186124E-04                                 112
 2.965000E+02  5.122282E-02  4.865834E-02  3.185868E-04                                 112
 2.967500E+02  5.122690E-02  4.865834E-02  3.185616E-04                                 112
 2.970000E+02  5.123098E-02  4.865834E-02  3.185369E-04                                 112
 2.972500E+02  5.123506E-02  4.865834E-02  3.185127E-04                                 112
 2.975000E+02  5.123914E-02  4.865834E-02  3.184890E-04                                 112
 2.977500E+02  5.124322E-02  4.865834E-02  3.184658E-04                                 112
 2.980000E+02  5.124730E-02  4.865834E-02  3.184431E-04                                 112
 2.982500E+02  5.125138E-02  4.865834E-02  3.184209E-04                                 112
 2.985000E+02  5.125546E-02  4.865834E-02  3.183993E-04                                 112
 2.987500E+02  5.125954E-02  4.865834E-02  3.183783E-04                                 112
 2.990000E+02  5.126362E-02  4.865834E-02  3.183579E-04                                 112
 2.992500E+02  5.126770E-02  4.865834E-02  3.183381E-04                                 112
 2.995000E+02  5.127178E-02  4.865834E-02  3.183188E-04                                 112
 2.997500E+02  5.127586E-02  4.865834E-02  3.183003E-04                                 112
 3.000000E+02  5.127994E-02  4.865834E-02  3.182823E-04                                 112
 3.002500E+02  5.128402E-02  4.865834E-02  3.182650E-04                                 112
 3.005000E+02  5.128810E-02  4.865834E-02  3.182484E-04                                 112
 3.007500E+02  5.129218E-02  4.865834E-02  3.182325E-04                                 112
 3.010000E+02  5.129626E-02  4.865834E-02  3.182172E-04                                 112
 3.012500E+02  5.130034E-02  4.865834E-02  3.182027E-04                                 112
 3.015000E+02  5.130442E-02  4.865834E-02  3.181889E-04                                 112
 3.017500E+02  5.130851E-02  4.865834E-02  3.181759E-04                                 112
 3.020000E+02  5.131259E-02  4.865834E-02  3.181636E-04                                 112
 3.022500E+02  5.131667E-02  4.865834E-02  3.181521E-04                                 112
 3.025000E+02  5.132075E-02  4.865834E-02  3.181413E-04                                 112
 3.027500E+02  5.132483E-02  4.865834E-02  3.181314E-04                                 112
 3.030000E+02  5.132891E-02  4.865834E-02  3.181222E-04                                 112
 3.032500E+02  5.133300E-02  4.865834E-02  3.181139E-04                                 112
 3.035000E+02  5.133708E-02  4.865834E-02  3.181064E-04                                 112
 3.037500E+02  5.134116E-02  4.865834E-02  3.180997E-04                                 112
 3.040000E+02  5.134525E-02  4.865834E-02  3.180939E-04                                 112
 3.042500E+02  5.134933E-02  4.865834E-02  3.180890E-04                                 112
 3.045000E+02  5.135341E-02  4.865834E-02  3.180850E-04                                 112
 3.047500E+02  5.135750E-02  4.865834E-02  3.180819E-04                                 112
 3.050000E+02  5.136158E-02  4.865834E-02  3.180796E-04                                 112
 3.052500E+02  5.136566E-02  4.865834E-02  3.180783E-04                                 112
 3.055000E+02  5.136975E-02  4.865834E-02  3.180780E-04                                 112
 3.057500E+02  5.137383E-02  4.865834E-02  3.180785E-04                                 112
 3.060000E+02  5.137792E-02  4.865834E-02  3.180801E-04                                 112
 3.062500E+02  5.138201E-02  4.865834E-02  3.180826E-04                                 112
 3.065000E+02  5.138609E-02  4.865834E-02  3.180861E-04                                 112
 3.067500E+02  5.139018E-02  4.865834E-02  3.180905E-04                                 112
 3.070000E+02  5.139426E-02  4.865834E-02  3.180960E-04                                 112
 3.072500E+02  5.139835E-02  4.865834E-02  3.181025E-04                                 112
 3.075000E+02  5.140244E-02  4.865834E-02  3.181101E-04                                 112
 3.077500E+02  5.140653E-02  4.865834E-02  3.181186E-04                                 112
 3.080000E+02  5.141062E-02  4.865834E-02  3.181283E-04                                 112
 3.082500E+02  5.141471E-02  4.865834E-02  3.181390E-04                                 112
 3.085000E+02  5.141880E-02  4.865834E-02  3.181507E-04                                 112
 3.087500E+02  5.142289E-02  4.865834E-02  3.181636E-04                                 112
 3.090000E+02  5.142698E-02  4.865834E-02  3.181775E-04                                 112
 3.092500E+02  5.143107E-02  4.865834E-02  3.181926E-04                                 112
 3.095000E+02  5.143516E-02  4.865834E-02  3.182088E-04                                 112
 3.097500E+02  5.143925E-02  4.865834E-02  3.182261E-04                                 112
 3.100000E+02  5.144334E-02  4.865834E-02  3.182445E-04                                 112
 3.102500E+02  5.144744E-02  4.865834E-02  3.182641E-04                                 112
 3.105000E+02  5.145153E-02  4.865834E-02  3.182848E-04                                 112
 3.107500E+02  5.145562E-02  4.865834E-02  3.183068E-04                                 112
 3.110000E+02  5.145972E-02  4.865834E-02  3.183299E-04                                 112
 3.112500E+02  5.146381E-02  4.865834E-02  3.183542E-04                                 112
 3.115000E+02  5.146791E-02  4.865834E-02  3.183797E-04                                 112
 3.117500E+02  5.147201E-02  4.865834E-02  3.184064E-04                                 112
 3.120000E+02  5.147611E-02  4.865834E-02  3.184343E-04                                 112
 3.122500E+02  5.148020E-02  4.865834E-02  3.184635E-04                                 112
 3.125000E+02  5.148430E-02  4.865834E-02  3.184939E-04                                 112
 3.127500E+02  5.148840E-02  4.865834E-02  3.185256E-04                                 112
 3.130000E+02  5.149250E-02  4.865834E-02  3.185585E-04                                 112
 3.132500E+02  5.149660E-02  4.865834E-02  3.185927E-04                                 112
 3.135000E+02  5.150071E-02  4.865834E-02  3.186282E-04                                 112
 3.137500E+02  5.150481E-02  4.865834E-02  3.186650E-04                                 112
 3.140000E+02  5.150891E-02  4.865834E-02  3.187031E-04                                 112
 3.142500E+02  5.151302E-02  4.865834E-02  3.187425E-04                                 112
 3.145000E+02  5.151712E-02  4.865834E-02  3.187832E-04                                 112
 3.147500E+02  5.152123E-02  4.865834E-02  3.188252E-04                                 112
 3.150000E+02  5.152534E-02  4.865834E-02  3.188686E-04                                 112
 3.152500E+02  5.152944E-02  4.865834E-02  3.189133E-04                                 112
 3.155000E+02  5.153355E-02  4.865834E-02  3.189594E-04                                 112
 3.157500E+02  5.153766E-02  4.865834E-02  3.190069E-04                                 112
 3.160000E+02  5.154177E-02  4.865834E-02  3.190557E-04                                 112
 3.162500E+02  5.154588E-02  4.865834E-02  3.191059E-04                                 112
 3.165000E+02  5.155000E-02  4.865834E-02  3.191575E-04                                 112
 3.167500E+02  5.155411E-02  4.865834E-02  3.192105E-04                                 112
 3.170000E+02  5.155823E-02  4.865834E-02  3.192649E-04                                 112
 3.172500E+02  5.156234E-02  4.865834E-02  3.193207E-04                                 112
 3.175000E+02  5.156646E-02  4.865834E-02  3.193780E-04                                 112
 3.177500E+02  5.157058E-02  4.865834E-02  3.194366E-04                                 112
 3.180000E+02  5.157469E-02  4.865834E-02  3.194968E-04                                 112
 3.182500E+02  5.157881E-02  4.865834E-02  3.195583E-04                                 112
 3.185000E+02  5.158294E-02  4.865834E-02  3.196214E-04                                 112
 3.187500E+02  5.158706E-02  4.865834E-02  3.196859E-04                                 112
 3.190000E+02  5.159118E-02  4.865834E-02  3.197518E-04                                 112
 3.192500E+02  5.159531E-02  4.865834E-02  3.198193E-04                                 112
 3.195000E+02  5.159943E-02  4.865834E-02  3.198882E-04                                 112
 3.197500E+02  5.160356E-02  4.865834E-02  3.199587E-04                                 112
 3.200000E+02  5.160769E-02  4.865834E-02  3.200306E-04                                 112
 3.202500E+02  5.161182E-02  4.865834E-02  3.201041E-04                                 112
 3.205000E+02  5.161595E-02  4.865834E-02  3.201791E-04                                 112
 3.207500E+02  5.162008E-02  4.865834E-02  3.202556E-04                                 112
 3.210000E+02  5.162421E-02  4.865834E-02  3.203336E-04                                 112
 3.212500E+02  5.162835E-02  4.865834E-02  3.204132E-04                                 112
 3.215000E+02  5.163249E-02  4.865834E-02  3.204944E-04                                 112
 3.217500E+02  5.163662E-02  4.865834E-02  3.205771E-04                                 112
 3.220000E+02  5.164076E-02  4.865834E-02  3.206614E-04                                 112
 3.222500E+02  5.164490E-02  4.865834E-02  3.207472E-04                                 112
 3.225000E+02  5.164904E-02  4.865834E-02  3.208346E-04                                 112
 3.227500E+02  5.165319E-02  4.865834E-02  3.209236E-04                                 112
 3.230000E+02  5.165733E-02  4.865834E-02  3.210142E-04                                 112
 3.232500E+02  5.166148E-02  4.865834E-02  3.211064E-04                                 112
 3.235000E+02  5.166563E-02  4.865834E-02  3.212002E-04                                 112
 3.237500E+02  5.166978E-02  4.865834E-02  3.212956E-04                                 112
 3.240000E+02  5.167393E-02  4.865834E-02  3.213927E-04                                 112
 3.242500E+02  5.167808E-02  4.865834E-02  3.214914E-04                                 112
 3.245000E+02  5.168223E-02  4.865834E-02  3.215917E-04                                 112
 3.247500E+02  5.168639E-02  4.865834E-02  3.216936E-04                                 112
 3.250000E+02  5.169055E-02  4.865834E-02  3.217972E-04                                 112
 3.252500E+02  5.169471E-02  4.865834E-02  3.219024E-04                                 112
 3.255000E+02  5.169887E-02  4.865834E-02  3.220093E-04                                 112
 3.257500E+02  5.170303E-02  4.865834E-02  3.221179E-04                                 112
 3.260000E+02  5.170720E-02  4.865834E-02  3.222281E-04                                 112
 3.262500E+02  5.171136E-02  4.865834E-02  3.223401E-04                                 112
 3.265000E+02  5.171553E-02  4.865834E-02  3.224537E-04                                 112
 3.267500E+02  5.171970E-02  4.865834E-02  3.225690E-04                                 112
 3.270000E+02  5.172387E-02  4.865834E-02  3.226859E-04                                 112
 3.272500E+02  5.172805E-02  4.865834E-02  3.228046E-04                                 112
 3.275000E+02  5.173222E-02  4.865834E-02  3.229250E-04                                 112
 3.277500E+02  5.173640E-02  4.865834E-02  3.230471E-04                                 112
 3.280000E+02  5.174058E-02  4.865834E-02  3.231710E-04                                 112
 3.282500E+02  5.174476E-02  4.865834E-02  3.232965E-04                                 112
 3.285000E+02  5.174894E-02  4.865834E-02  3.234238E-04                                 112
 3.287500E+02  5.175313E-02  4.865834E-02  3.235528E-04                                 112
 3.290000E+02  5.175731E-02  4.865834E-02  3.236836E-04                                 112
 3.292500E+02  5.176150E-02  4.865834E-02  3.238161E-04                                 112
 3.295000E+02  5.176569E-02  4.865834E-02  3.239503E-04                                 112
 3.297500E+02  5.176989E-02  4.865834E-02  3.240864E-04                                 112
 3.300000E+02  5.177408E-02  4.865834E-02  3.242241E-04                                 112
 3.302500E+02  5.177828E-02  4.865834E-02  3.243637E-04                                 112
 3.305000E+02  5.178248E-02  4.865834E-02  3.245050E-04                                 112
 3.307500E+02  5.178668E-02  4.865834E-02  3.246481E-04                                 112
 3.310000E+02  5.179089E-02  4.865834E-02  3.247930E-04                                 112
 3.312500E+02  5.179509E-02  4.865834E-02  3.249397E-04                                 112
 3.315000E+02  5.179930E-02  4.865834E-02  3.250881E-04                                 112
 3.317500E+02  5.180351E-02  4.865834E-02  3.252384E-04                                 112
 3.320000E+02  5.180773E-02  4.865834E-02  3.253904E-04                                 112
 3.322500E+02  5.181194E-02  4.865834E-02  3.255443E-04                                 112
 3.325000E+02  5.181616E-02  4.865834E-02  3.257000E-04                                 112
 3.327500E+02  5.182038E-02  4.865834E-02  3.258575E-04                                 112
 3.330000E+02  5.182460E-02  4.865834E-02  3.260168E-04                                 112
 3.332500E+02  5.182883E-02  4.865834E-02  3.261779E-04                                 112
 3.335000E+02  5.183306E-02  4.865834E-02  3.263409E-04                                 112
 3.337500E+02  5.183729E-02  4.865834E-02  3.265057E-04                                 112
 3.340000E+02  5.184152E-02  4.865834E-02  3.266724E-04                                 112
 3.342500E+02  5.184575E-02  4.865834E-02  3.268409E-04                                 112
 3.345000E+02  5.184999E-02  4.865834E-02  3.270112E-04                                 112
 3.347500E+02  5.185423E-02  4.865834E-02  3.271834E-04                                 112
 3.350000E+02  5.185847E-02  4.865834E-02  3.273574E-04                                 112
 3.352500E+02  5.186272E-02  4.865834E-02  3.275333E-04                                 112
 3.355000E+02  5.186697E-02  4.865834E-02  3.277111E-04                                 112
 3.357500E+02  5.187122E-02  4.865834E-02  3.278907E-04                                 112
 3.360000E+02  5.187547E-02  4.865834E-02  3.280722E-04                                 112
 3.362500E+02  5.187973E-02  4.865834E-02  3.282556E-04                                 112
 3.365000E+02  5.188399E-02  4.865834E-02  3.284409E-04                                 112
 3.367500E+02  5.188825E-02  4.865834E-02  3.286280E-04                                 112
 3.370000E+02  5.189251E-02  4.865834E-02  3.288170E-04                                 112
 3.372500E+02  5.189678E-02  4.865834E-02  3.290080E-04                                 112
 3.375000E+02  5.190105E-02  4.865834E-02  3.292008E-04                                 112
 3.377500E+02  5.190532E-02  4.865834E-02  3.293955E-04                                 112
 3.380000E+02  5.190960E-02  4.865834E-02  3.295921E-04                                 112
 3.382500E+02  5.191388E-02  4.865834E-02  3.297906E-04                                 112
 3.385000E+02  5.191816E-02  4.865834E-02  3.299910E-04                                 112
 3.387500E+02  5.192244E-02  4.865834E-02  3.301934E-04                                 112
 3.390000E+02  5.192673E-02  4.865834E-02  3.303976E-04                                 112
 3.392500E+02  5.193102E-02  4.865834E-02  3.306038E-04                                 112
 3.395000E+02  5.193532E-02  4.865834E-02  3.308119E-04                                 112
 3.397500E+02  5.193961E-02  4.865834E-02  3.310219E-04                                 112
 3.400000E+02  5.194391E-02  4.865834E-02  3.312338E-04                                 112
 3.402500E+02  5.194822E-02  4.865834E-02  3.314477E-04                                 112
 3.405000E+02  5.195252E-02  4.865834E-02  3.316635E-04                                 112
 3.407500E+02  5.195683E-02  4.865834E-02  3.318812E-04                                 112
 3.410000E+02  5.196114E-02  4.865834E-02  3.321009E-04                                 112
 3.412500E+02  5.196546E-02  4.865834E-02  3.323225E-04                                 112
 3.415000E+02  5.196978E-02  4.865834E-02  3.325461E-04                                 112
 3.417500E+02  5.197410E-02  4.865834E-02  3.327716E-04                                 112
 3.420000E+02  5.197843E-02  4.865834E-02  3.329990E-04                                 112
 3.422500E+02  5.198275E-02  4.865834E-02  3.332284E-04                                 112
 3.425000E+02  5.198709E-02  4.865834E-02  3.334598E-04                                 112
 3.427500E+02  5.199142E-02  4.865834E-02  3.336931E-04                                 112
 3.430000E+02  5.199576E-02  4.865834E-02  3.339283E-04                                 112
 3.432500E+02  5.200010E-02  4.865834E-02  3.341656E-04                                 112
 3.435000E+02  5.200445E-02  4.865834E-02  3.344048E-04                                 112
 3.437500E+02  5.200880E-02  4.865834E-02  3.346459E-04                                 112
 3.440000E+02  5.201315E-02  4.865834E-02  3.348890E-04                                 112
 3.442500E+02  5.201751E-02  4.865834E-02  3.351341E-04                                 112
 3.445000E+02  5.202187E-02  4.865834E-02  3.353812E-04                                 112
 3.447500E+02  5.202623E-02  4.865834E-02  3.356302E-04                                 112
 3.450000E+02  5.203060E-02  4.865834E-02  3.358813E-04                                 112
 3.452500E+02  5.203497E-02  4.865834E-02  3.361343E-04                                 112
 3.455000E+02  5.203934E-02  4.865834E-02  3.363892E-04                                 112
 3.457500E+02  5.204372E-02  4.865834E-02  3.366462E-04                                 112
 3.460000E+02  5.204810E-02  4.865834E-02  3.369051E-04                                 112
 3.462500E+02  5.205249E-02  4.865834E-02  3.371660E-04                                 112
 3.465000E+02  5.205688E-02  4.865834E-02  3.374289E-04                                 112
 3.467500E+02  5.206127E-02  4.865834E-02  3.376938E-04                                 112
 3.470000E+02  5.206567E-02  4.865834E-02  3.379607E-04                                 112
 3.472500E+02  5.207007E-02  4.865834E-02  3.382296E-04                                 112
 3.475000E+02  5.207448E-02  4.865834E-02  3.385004E-04                                 112
 3.477500E+02  5.207888E-02  4.865834E-02  3.387733E-04                                 112
 3.480000E+02  5.208330E-02  4.865834E-02  3.390481E-04                                 112
 3.482500E+02  5.208771E-02  4.865834E-02  3.393250E-04                                 112
 3.485000E+02  5.209213E-02  4.865834E-02  3.396038E-04                                 112
 3.487500E+02  5.209656E-02  4.865834E-02  3.398846E-04                                 112
 3.490000E+02  5.210099E-02  4.865834E-02  3.401675E-04                                 112
 3.492500E+02  5.210542E-02  4.865834E-02  3.404523E-04                                 112
 3.495000E+02  5.210986E-02  4.865834E-02  3.407391E-04                                 112
 3.497500E+02  5.211430E-02  4.865834E-02  3.410279E-04                                 112
 3.500000E+02  5.211874E-02  4.865834E-02  3.413188E-04                                 112
 3.502500E+02  5.212319E-02  4.865834E-02  3.416116E-04                                 112
 3.505000E+02  5.212765E-02  4.865834E-02  3.419064E-04                                 112
 3.507500E+02  5.213210E-02  4.865834E-02  3.422032E-04                                 112
 3.510000E+02  5.213657E-02  4.865834E-02  3.425021E-04                                 112
 3.512500E+02  5.214103E-02  4.865834E-02  3.428029E-04                                 112
 3.515000E+02  5.214550E-02  4.865834E-02  3.431057E-04                                 112
 3.517500E+02  5.214998E-02  4.865834E-02  3.434106E-04                                 112
 3.520000E+02  5.215446E-02  4.865834E-02  3.437174E-04                                 112
 3.522500E+02  5.215894E-02  4.865834E-02  3.440263E-04                                 112
 3.525000E+02  5.216343E-02  4.865834E-02  3.443371E-04                                 112
 3.527500E+02  5.216792E-02  4.865834E-02  3.446500E-04                                 112
 3.530000E+02  5.217242E-02  4.865834E-02  3.449649E-04                                 112
 3.532500E+02  5.217692E-02  4.865834E-02  3.452817E-04                                 112
 3.535000E+02  5.218143E-02  4.865834E-02  3.456006E-04                                 112
 3.537500E+02  5.218594E-02  4.865834E-02  3.459215E-04                                 112
 3.540000E+02  5.219045E-02  4.865834E-02  3.462443E-04                                 112
 3.542500E+02  5.219497E-02  4.865834E-02  3.465692E-04                                 112
 3.545000E+02  5.219950E-02  4.865834E-02  3.468961E-04                                 112
 3.547500E+02  5.220403E-02  4.865834E-02  3.472250E-04                                 112
 3.550000E+02  5.220856E-02  4.865834E-02  3.475558E-04                                 112
 3.552500E+02  5.221310E-02  4.865834E-02  3.478887E-04                                 112
 3.555000E+02  5.221764E-02  4.865834E-02  3.482236E-04                                 112
 3.557500E+02  5.222219E-02  4.865834E-02  3.485605E-04                                 112
 3.560000E+02  5.222675E-02  4.865834E-02  3.488993E-04                                 112
 3.562500E+02  5.223130E-02  4.865834E-02  3.492402E-04                                 112
 3.565000E+02  5.223587E-02  4.865834E-02  3.495830E-04                                 112
 3.567500E+02  5.224043E-02  4.865834E-02  3.499279E-04                                 112
 3.570000E+02  5.224501E-02  4.865834E-02  3.502747E-04                                 112
 3.572500E+02  5.224958E-02  4.865834E-02  3.506236E-04                                 112
 3.575000E+02  5.225417E-02  4.865834E-02  3.509744E-04                                 112
 3.577500E+02  5.225875E-02  4.865834E-02  3.513272E-04                                 112
 3.580000E+02  5.226335E-02  4.865834E-02  3.516820E-04                                 112
 3.582500E+02  5.226794E-02  4.865834E-02  3.520388E-04                                 112
 3.585000E+02  5.227255E-02  4.865834E-02  3.523975E-04                                 112
 3.587500E+02  5.227715E-02  4.865834E-02  3.527583E-04                                 112
 3.590000E+02  5.228177E-02  4.865834E-02  3.531210E-04                                 112
 3.592500E+02  5.228638E-02  4.865834E-02  3.534857E-04                                 112
 3.595000E+02  5.229101E-02  4.865834E-02  3.538524E-04                                 112
 3.597500E+02  5.229564E-02  4.865834E-02  3.542210E-04                                 112
 3.600000E+02  5.230027E-02  4.865834E-02  3.545916E-04                                 112
 3.602500E+02  5.230491E-02  4.865834E-02  3.549642E-04                                 112
 3.605000E+02  5.230955E-02  4.865834E-02  3.553387E-04                                 112
 3.607500E+02  5.231420E-02  4.865834E-02  3.557152E-04                                 112
 3.610000E+02  5.231886E-02  4.865834E-02  3.560937E-04                                 112
 3.612500E+02  5.232352E-02  4.865834E-02  3.564741E-04                                 112
 3.615000E+02  5.232818E-02  4.865834E-02  3.568565E-04                                 112
 3.617500E+02  5.233285E-02  4.865834E-02  3.572409E-04                                 112
 3.620000E+02  5.233753E-02  4.865834E-02  3.576271E-04                                 112
 3.622500E+02  5.234221E-02  4.865834E-02  3.580154E-04                                 112
 3.625000E+02  5.234690E-02  4.865834E-02  3.584055E-04                                 112
 3.627500E+02  5.235159E-02  4.865834E-02  3.587977E-04                                 112
 3.630000E+02  5.235629E-02  4.865834E-02  3.591917E-04                                 112
 3.632500E+02  5.236100E-02  4.865834E-02  3.595877E-04                                 112
 3.635000E+02  5.236571E-02  4.865834E-02  3.599856E-04                                 112
 3.637500E+02  5.237042E-02  4.865834E-02  3.603854E-04                                 112
 3.640000E+02  5.237514E-02  4.865834E-02  3.607872E-04                                 112
 3.642500E+02  5.237987E-02  4.865834E-02  3.611909E-04                                 112
 3.645000E+02  5.238460E-02  4.865834E-02  3.615965E-04                                 112
 3.647500E+02  5.238934E-02  4.865834E-02  3.620040E-04                                 112
 3.650000E+02  5.239409E-02  4.865834E-02  3.624134E-04                                 112
 3.652500E+02  5.239884E-02  4.865834E-02  3.628247E-04                                 112
 3.655000E+02  5.240359E-02  4.865834E-02  3.632379E-04                                 112
 3.657500E+02  5.240835E-02  4.865834E-02  3.636530E-04                                 112
 3.660000E+02  5.241312E-02  4.865834E-02  3.640700E-04                                 112
 3.662500E+02  5.241789E-02  4.865834E-02  3.644889E-04                                 112
 3.665000E+02  5.242267E-02  4.865834E-02  3.649096E-04                                 112
 3.667500E+02  5.242746E-02  4.865834E-02  3.653322E-04                                 112
 3.670000E+02  5.243225E-02  4.865834E-02  3.657568E-04                                 112
 3.672500E+02  5.243705E-02  4.865834E-02  3.661831E-04                                 112
 3.675000E+02  5.244185E-02  4.865834E-02  3.666113E-04                                 112
 3.677500E+02  5.244666E-02  4.865834E-02  3.670414E-04                                 112
 3.680000E+02  5.245148E-02  4.865834E-02  3.674734E-04                                 112
 3.682500E+02  5.245630E-02  4.865834E-02  3.679071E-04                                 112
 3.685000E+02  5.246113E-02  4.865834E-02  3.683428E-04                                 112
 3.687500E+02  5.246596E-02  4.865834E-02  3.687802E-04                                 112
 3.690000E+02  5.247080E-02  4.865834E-02  3.692195E-04                                 112
 3.692500E+02  5.247565E-02  4.865834E-02  3.696606E-04                                 112
 3.695000E+02  5.248050E-02  4.865834E-02  3.701035E-04                                 112
 3.697500E+02  5.248536E-02  4.865834E-02  3.705482E-04                                 112
 3.700000E+02  5.249022E-02  4.865834E-02  3.709948E-04                                 112
 3.702500E+02  5.249510E-02  4.865834E-02  3.714431E-04                                 112
 3.705000E+02  5.249997E-02  4.865834E-02  3.718932E-04                                 112
 3.707500E+02  5.250486E-02  4.865834E-02  3.723451E-04                                 112
 3.710000E+02  5.250975E-02  4.865834E-02  3.727988E-04                                 112
 3.712500E+02  5.251465E-02  4.865834E-02  3.732543E-04                                 112
 3.715000E+02  5.251955E-02  4.865834E-02  3.737115E-04                                 112
 3.717500E+02  5.252446E-02  4.865834E-02  3.741705E-04                                 112
 3.720000E+02  5.252938E-02  4.865834E-02  3.746312E-04                                 112
 3.722500E+02  5.253430E-02  4.865834E-02  3.750937E-04                                 112
 3.725000E+02  5.253923E-02  4.865834E-02  3.755579E-04                                 112
 3.727500E+02  5.254416E-02  4.865834E-02  3.760238E-04                                 112
 3.730000E+02  5.254911E-02  4.865834E-02  3.764915E-04                                 112
 3.732500E+02  5.255406E-02  4.865834E-02  3.769609E-04                                 112
 3.735000E+02  5.255901E-02  4.865834E-02  3.774320E-04                                 112
 3.737500E+02  5.256397E-02  4.865834E-02  3.779047E-04                                 112
 3.740000E+02  5.256894E-02  4.865834E-02  3.783792E-04                                 112
 3.742500E+02  5.257392E-02  4.865834E-02  3.788554E-04                                 112
 3.745000E+02  5.257890E-02  4.865834E-02  3.793332E-04                                 112
 3.747500E+02  5.258389E-02  4.865834E-02  3.798127E-04                                 112
 3.750000E+02  5.258889E-02  4.865834E-02  3.802938E-04                                 112
 3.752500E+02  5.259389E-02  4.865834E-02  3.807766E-04                                 112
 3.755000E+02  5.259890E-02  4.865834E-02  3.812611E-04                                 112
 3.757500E+02  5.260392E-02  4.865834E-02  3.817471E-04                                 112
 3.760000E+02  5.260894E-02  4.865834E-02  3.822348E-04                                 112
 3.762500E+02  5.261397E-02  4.865834E-02  3.827241E-04                                 112
 3.765000E+02  5.261901E-02  4.865834E-02  3.832151E-04                                 112
 3.767500E+02  5.262406E-02  4.865834E-02  3.837076E-04                                 112
 3.770000E+02  5.262911E-02  4.865834E-02  3.842017E-04                                 112
 3.772500E+02  5.263417E-02  4.865834E-02  3.846973E-04                                 112
 3.775000E+02  5.263923E-02  4.865834E-02  3.851945E-04                                 112
 3.777500E+02  5.264430E-02  4.865834E-02  3.856933E-04                                 112
 3.780000E+02  5.264938E-02  4.865834E-02  3.861937E-04                                 112
 3.782500E+02  5.265447E-02  4.865834E-02  3.866955E-04                                 112
 3.785000E+02  5.265956E-02  4.865834E-02  3.871989E-04                                 112
 3.787500E+02  5.266467E-02  4.865834E-02  3.877038E-04                                 112
 3.790000E+02  5.266977E-02  4.865834E-02  3.882102E-04                                 112
 3.792500E+02  5.267489E-02  4.865834E-02  3.888918E-04                                 112
 3.795000E+02  5.268002E-02  4.865834E-02  3.894021E-04                                 112
 3.797500E+02  5.268515E-02  4.865834E-02  3.897401E-04                                 112
 3.800000E+02  5.269028E-02  4.865834E-02  3.902525E-04                                 112
 3.802500E+02  5.269543E-02  4.865834E-02  3.907662E-04                                 112
 3.805000E+02  5.270058E-02  4.865834E-02  3.912815E-04                                 112
 3.807500E+02  5.270574E-02  4.865834E-02  3.917981E-04                                 112
 3.810000E+02  5.271090E-02  4.865834E-02  3.923162E-04                                 112
 3.812500E+02  5.271608E-02  4.865834E-02  3.928357E-04                                 112
 3.815000E+02  5.272126E-02  4.865834E-02  3.933565E-04                                 112
 3.817500E+02  5.272645E-02  4.865834E-02  3.938788E-04                                 112
 3.820000E+02  5.273164E-02  4.865834E-02  3.944024E-04                                 112
 3.822500E+02  5.273685E-02  4.865834E-02  3.949273E-04                                 112
 3.825000E+02  5.274206E-02  4.865834E-02  3.954536E-04                                 112
 3.827500E+02  5.274727E-02  4.865834E-02  3.959813E-04                                 112
 3.830000E+02  5.275250E-02  4.865834E-02  3.965102E-04                                 112
 3.832500E+02  5.275773E-02  4.865834E-02  3.970405E-04                                 112
 3.835000E+02  5.276297E-02  4.865834E-02  3.975721E-04                                 112
 3.837500E+02  5.276822E-02  4.865834E-02  3.981049E-04                                 112
 3.840000E+02  5.277348E-02  4.865834E-02  3.986390E-04                                 112
 3.842500E+02  5.277874E-02  4.865834E-02  3.991743E-04                                 112
 3.845000E+02  5.278401E-02  4.865834E-02  3.997109E-04                                 112
 3.847500E+02  5.278929E-02  4.865834E-02  4.002487E-04                                 112
 3.850000E+02  5.279457E-02  4.865834E-02  4.007877E-04                                 112
 3.852500E+02  5.279987E-02  4.865834E-02  4.013280E-04                                 112
 3.855000E+02  5.280517E-02  4.865834E-02  4.018694E-04                                 112
 3.857500E+02  5.281048E-02  4.865834E-02  4.024119E-04                                 112
 3.860000E+02  5.281580E-02  4.865834E-02  4.029557E-04                                 112
 3.862500E+02  5.282112E-02  4.865834E-02  4.035005E-04                                 112
 3.865000E+02  5.282645E-02  4.865834E-02  4.040465E-04                                 112
 3.867500E+02  5.283179E-02  4.865834E-02  4.045936E-04                                 112
 3.870000E+02  5.283714E-02  4.865834E-02  4.051418E-04                                 112
 3.872500E+02  5.284250E-02  4.865834E-02  4.056911E-04                                 112
 3.875000E+02  5.284786E-02  4.865834E-02  4.062414E-04                                 112
 3.877500E+02  5.285323E-02  4.865834E-02  4.067928E-04                                 112
 3.880000E+02  5.285861E-02  4.865834E-02  4.073452E-04                                 112
 3.882500E+02  5.286400E-02  4.865834E-02  4.078987E-04                                 112
 3.885000E+02  5.286939E-02  4.865834E-02  4.084531E-04                                 112
 3.887500E+02  5.287479E-02  4.865834E-02  4.090086E-04                                 112
 3.890000E+02  5.288020E-02  4.865834E-02  4.095650E-04                                 112
 3.892500E+02  5.288562E-02  4.865834E-02  4.101223E-04                                 112
 3.895000E+02  5.289105E-02  4.865834E-02  4.106806E-04                                 112
 3.897500E+02  5.289648E-02  4.865834E-02  4.112398E-04                                 112
 3.900000E+02  5.290192E-02  4.865834E-02  4.118000E-04                                 112
 3.902500E+02  5.290738E-02  4.865834E-02  4.123610E-04                                 112
 3.905000E+02  5.291283E-02  4.865834E-02  4.129229E-04                                 112
 3.907500E+02  5.291830E-02  4.865834E-02  4.134856E-04                                 112
 3.910000E+02  5.292377E-02  4.865834E-02  4.140492E-04                                 112
 3.912500E+02  5.292926E-02  4.865834E-02  4.146136E-04                                 112
 3.915000E+02  5.293475E-02  4.865834E-02  4.151788E-04                                 112
 3.917500E+02  5.294024E-02  4.865834E-02  4.157447E-04                                 112
 3.920000E+02  5.294575E-02  4.865834E-02  4.163115E-04                                 112
 3.922500E+02  5.295127E-02  4.865834E-02  4.168790E-04                                 112
 3.925000E+02  5.295679E-02  4.865834E-02  4.174472E-04                                 112
 3.927500E+02  5.296232E-02  4.865834E-02  4.180162E-04                                 112
 3.930000E+02  5.296786E-02  4.865834E-02  4.185858E-04                                 112
 3.932500E+02  5.297340E-02  4.865834E-02  4.191561E-04                                 112
 3.935000E+02  5.297896E-02  4.865834E-02  4.197271E-04                                 112
 3.937500E+02  5.298452E-02  4.865834E-02  4.202987E-04                                 112
 3.940000E+02  5.299009E-02  4.865834E-02  4.208709E-04                                 112
 3.942500E+02  5.299567E-02  4.865834E-02  4.214438E-04                                 112
 3.945000E+02  5.300126E-02  4.865834E-02  4.220172E-04                                 112
 3.947500E+02  5.300686E-02  4.865834E-02  4.225912E-04                                 112
 3.950000E+02  5.301246E-02  4.865834E-02  4.231657E-04                                 112
 3.952500E+02  5.301807E-02  4.865834E-02  4.237408E-04                                 112
 3.955000E+02  5.302370E-02  4.865834E-02  4.243163E-04                                 112
 3.957500E+02  5.302932E-02  4.865834E-02  4.248924E-04                                 112
 3.960000E+02  5.303496E-02  4.865834E-02  4.254689E-04                                 112
 3.962500E+02  5.304061E-02  4.865834E-02  4.260459E-04                                 112
 3.965000E+02  5.304626E-02  4.865834E-02  4.266232E-04                                 112
 3.967500E+02  5.305192E-02  4.865834E-02  4.272010E-04                                 112
 3.970000E+02  5.305759E-02  4.865834E-02  4.277792E-04                                 112
 3.972500E+02  5.306327E-02  4.865834E-02  4.283578E-04                                 112
 3.975000E+02  5.306896E-02  4.865834E-02  4.289367E-04                                 112
 3.977500E+02  5.307465E-02  4.865834E-02  4.295159E-04                                 112
 3.980000E+02  5.308035E-02  4.865834E-02  4.300954E-04                                 112
 3.982500E+02  5.308607E-02  4.865834E-02  4.306752E-04                                 112
 3.985000E+02  5.309179E-02  4.865834E-02  4.312553E-04                                 112
 3.987500E+02  5.309751E-02  4.865834E-02  4.318356E-04                                 112
 3.990000E+02  5.310325E-02  4.865834E-02  4.324161E-04                                 112
 3.992500E+02  5.310900E-02  4.865834E-02  4.329969E-04                                 112
 3.995000E+02  5.311475E-02  4.865834E-02  4.335778E-04                                 112
 3.997500E+02  5.312051E-02  4.865834E-02  4.341589E-04                                 112
 4.000000E+02  5.312628E-02  4.865834E-02  4.347401E-04                                 112
 4.002500E+02  5.313206E-02  4.865834E-02  4.353214E-04                                 112
 4.005000E+02  5.313785E-02  4.865834E-02  4.359028E-04                                 112
 4.007500E+02  5.314364E-02  4.865834E-02  4.364843E-04                                 112
 4.010000E+02  5.314944E-02  4.865834E-02  4.370658E-04                                 112
 4.012500E+02  5.315526E-02  4.865834E-02  4.376474E-04                                 112
 4.015000E+02  5.316108E-02  4.865834E-02  4.382290E-04                                 112
 4.017500E+02  5.316690E-02  4.865834E-02  4.388105E-04                                 112
 4.020000E+02  5.317274E-02  4.865834E-02  4.393920E-04                                 112
 4.022500E+02  5.317859E-02  4.865834E-02  4.399735E-04                                 112
 4.025000E+02  5.318444E-02  4.865834E-02  4.405549E-04                                 112
 4.027500E+02  5.319030E-02  4.865834E-02  4.411361E-04                                 112
 4.030000E+02  5.319617E-02  4.865834E-02  4.417173E-04                                 112
 4.032500E+02  5.320205E-02  4.865834E-02  4.422983E-04                                 112
 4.035000E+02  5.320794E-02  4.865834E-02  4.428791E-04                                 112
 4.037500E+02  5.321383E-02  4.865834E-02  4.434597E-04                                 112
 4.040000E+02  5.321974E-02  4.865834E-02  4.440401E-04                                 112
 4.042500E+02  5.322565E-02  4.865834E-02  4.446203E-04                                 112
 4.045000E+02  5.323157E-02  4.865834E-02  4.452002E-04                                 112
 4.047500E+02  5.323750E-02  4.865834E-02  4.457798E-04                                 112
 4.050000E+02  5.324343E-02  4.865834E-02  4.463591E-04                                 112
 4.052500E+02  5.324938E-02  4.865834E-02  4.469381E-04                                 112
 4.055000E+02  5.325533E-02  4.865834E-02  4.475167E-04                                 112
 4.057500E+02  5.326130E-02  4.865834E-02  4.480949E-04                                 112
 4.060000E+02  5.326727E-02  4.865834E-02  4.486728E-04                                 112
 4.062500E+02  5.327325E-02  4.865834E-02  4.492502E-04                                 112
 4.065000E+02  5.327923E-02  4.865834E-02  4.498272E-04                                 112
 4.067500E+02  5.328523E-02  4.865834E-02  4.504037E-04                                 112
 4.070000E+02  5.329123E-02  4.865834E-02  4.509797E-04                                 112
 4.072500E+02  5.329725E-02  4.865834E-02  4.515552E-04                                 112
 4.075000E+02  5.330327E-02  4.865834E-02  4.521301E-04                                 112
 4.077500E+02  5.330930E-02  4.865834E-02  4.527045E-04                                 112
 4.080000E+02  5.331533E-02  4.865834E-02  4.532783E-04                                 112
 4.082500E+02  5.332138E-02  4.865834E-02  4.538515E-04                                 112
 4.085000E+02  5.332743E-02  4.865834E-02  4.544240E-04                                 112
 4.087500E+02  5.333350E-02  4.865834E-02  4.549959E-04                                 112
 4.090000E+02  5.333957E-02  4.865834E-02  4.555672E-04                                 112
 4.092500E+02  5.334565E-02  4.865834E-02  4.561377E-04                                 112
 4.095000E+02  5.335173E-02  4.865834E-02  4.567075E-04                                 112
 4.097500E+02  5.335783E-02  4.865834E-02  4.572765E-04                                 112
 4.100000E+02  5.336393E-02  4.865834E-02  4.578448E-04                                 112
 4.102500E+02  5.337004E-02  4.865834E-02  4.584123E-04                                 112
 4.105000E+02  5.337617E-02  4.865834E-02  4.589789E-04                                 112
 4.107500E+02  5.338229E-02  4.865834E-02  4.595447E-04                                 112
 4.110000E+02  5.338843E-02  4.865834E-02  4.601097E-04                                 112
 4.112500E+02  5.339458E-02  4.865834E-02  4.606737E-04                                 112
 4.115000E+02  5.340073E-02  4.865834E-02  4.612369E-04                                 112
 4.117500E+02  5.340689E-02  4.865834E-02  4.617991E-04                                 112
 4.120000E+02  5.341306E-02  4.865834E-02  4.623603E-04                                 112
 4.122500E+02  5.341924E-02  4.865834E-02  4.629206E-04                                 112
 4.125000E+02  5.342543E-02  4.865834E-02  4.634799E-04                                 112
 4.127500E+02  5.343162E-02  4.865834E-02  4.640381E-04                                 112
 4.130000E+02  5.343782E-02  4.865834E-02  4.645953E-04                                 112
 4.132500E+02  5.344403E-02  4.865834E-02  4.651515E-04                                 112
 4.135000E+02  5.345025E-02  4.865834E-02  4.657065E-04                                 112
 4.137500E+02  5.345648E-02  4.865834E-02  4.662604E-04                                 112
 4.140000E+02  5.346272E-02  4.865834E-02  4.668132E-04                                 112
 4.142500E+02  5.346896E-02  4.865834E-02  4.673648E-04                                 112
 4.145000E+02  5.347521E-02  4.865834E-02  4.679152E-04                                 112
 4.147500E+02  5.348147E-02  4.865834E-02  4.684644E-04                                 112
 4.150000E+02  5.348774E-02  4.865834E-02  4.690124E-04                                 112
 4.152500E+02  5.349401E-02  4.865834E-02  4.695591E-04                                 112
 4.155000E+02  5.350030E-02  4.865834E-02  4.701046E-04                                 112
 4.157500E+02  5.350659E-02  4.865834E-02  4.706487E-04                                 112
 4.160000E+02  5.351289E-02  4.865834E-02  4.711915E-04                                 112
 4.162500E+02  5.351920E-02  4.865834E-02  4.717330E-04                                 112
 4.165000E+02  5.352551E-02  4.865834E-02  4.722732E-04                                 112
 4.167500E+02  5.353183E-02  4.865834E-02  4.728119E-04                                 112
 4.170000E+02  5.353817E-02  4.865834E-02  4.733493E-04                                 112
 4.172500E+02  5.354451E-02  4.865834E-02  4.738852E-04                                 112
 4.175000E+02  5.355085E-02  4.865834E-02  4.744197E-04                                 112
 4.177500E+02  5.355721E-02  4.865834E-02  4.749527E-04                                 112
 4.180000E+02  5.356357E-02  4.865834E-02  4.754842E-04                                 112
 4.182500E+02  5.356994E-02  4.865834E-02  4.760142E-04                                 112
 4.185000E+02  5.357632E-02  4.865834E-02  4.765426E-04                                 112
 4.187500E+02  5.358271E-02  4.865834E-02  4.770696E-04                                 112
 4.190000E+02  5.358910E-02  4.865834E-02  4.775949E-04                                 112
 4.192500E+02  5.359551E-02  4.865834E-02  4.781186E-04                                 112
 4.195000E+02  5.360192E-02  4.865834E-02  4.786408E-04                                 112
 4.197500E+02  5.360833E-02  4.865834E-02  4.791613E-04                                 112
 4.200000E+02  5.361476E-02  4.865834E-02  4.796801E-04                                 112
 4.202500E+02  5.362119E-02  4.865834E-02  4.801973E-04                                 112
 4.205000E+02  5.362763E-02  4.865834E-02  4.807128E-04                                 112
 4.207500E+02  5.363408E-02  4.865834E-02  4.812265E-04                                 112
 4.210000E+02  5.364054E-02  4.865834E-02  4.817386E-04                                 112
 4.212500E+02  5.364700E-02  4.865834E-02  4.822488E-04                                 112
 4.215000E+02  5.365347E-02  4.865834E-02  4.827574E-04                                 112
 4.217500E+02  5.365995E-02  4.865834E-02  4.832641E-04                                 112
 4.220000E+02  5.366644E-02  4.865834E-02  4.837690E-04                                 112
 4.222500E+02  5.367293E-02  4.865834E-02  4.842721E-04                                 112
 4.225000E+02  5.367944E-02  4.865834E-02  4.847733E-04                                 112
 4.227500E+02  5.368595E-02  4.865834E-02  4.852727E-04                                 112
 4.230000E+02  5.369246E-02  4.865834E-02  4.857702E-04                                 112
 4.232500E+02  5.369899E-02  4.865834E-02  4.862658E-04                                 112
 4.235000E+02  5.370552E-02  4.865834E-02  4.867595E-04                                 112
 4.237500E+02  5.371206E-02  4.865834E-02  4.872513E-04                                 112
 4.240000E+02  5.371860E-02  4.865834E-02  4.877411E-04                                 112
 4.242500E+02  5.372516E-02  4.865834E-02  4.882290E-04                                 112
 4.245000E+02  5.373172E-02  4.865834E-02  4.887148E-04                                 112
 4.247500E+02  5.373829E-02  4.865834E-02  4.891987E-04                                 112
 4.250000E+02  5.374486E-02  4.865834E-02  4.896805E-04                                 112
 4.252500E+02  5.375145E-02  4.865834E-02  4.901604E-04                                 112
 4.255000E+02  5.375804E-02  4.865834E-02  4.906382E-04                                 112
 4.257500E+02  5.376463E-02  4.865834E-02  4.911139E-04                                 112
 4.260000E+02  5.377124E-02  4.865834E-02  4.915875E-04                                 112
 4.262500E+02  5.377785E-02  4.865834E-02  4.920591E-04                                 112
 4.265000E+02  5.378447E-02  4.865834E-02  4.925285E-04                                 112
 4.267500E+02  5.379110E-02  4.865834E-02  4.929958E-04                                 112
 4.270000E+02  5.379773E-02  4.865834E-02  4.934610E-04                                 112
 4.272500E+02  5.380437E-02  4.865834E-02  4.939241E-04                                 112
 4.275000E+02  5.381102E-02  4.865834E-02  4.943850E-04                                 112
 4.277500E+02  5.381767E-02  4.865834E-02  4.948437E-04                                 112
 4.280000E+02  5.382433E-02  4.865834E-02  4.953002E-04                                 112
 4.282500E+02  5.383100E-02  4.865834E-02  4.957545E-04                                 112
 4.285000E+02  5.383768E-02  4.865834E-02  4.962066E-04                                 112
 4.287500E+02  5.384436E-02  4.865834E-02  4.966565E-04                                 112
 4.290000E+02  5.385105E-02  4.865834E-02  4.971041E-04                                 112
 4.292500E+02  5.385774E-02  4.865834E-02  4.975495E-04                                 112
 4.295000E+02  5.386445E-02  4.865834E-02  4.979927E-04                                 112
 4.297500E+02  5.387116E-02  4.865834E-02  4.984335E-04                                 112
 4.300000E+02  5.387787E-02  4.865834E-02  4.988721E-04                                 112
 4.302500E+02  5.388459E-02  4.865834E-02  4.993084E-04                                 112
 4.305000E+02  5.389132E-02  4.865834E-02  4.997423E-04                                 112
 4.307500E+02  5.389806E-02  4.865834E-02  5.001740E-04                                 112
 4.310000E+02  5.390480E-02  4.865834E-02  5.006033E-04                                 112
 4.312500E+02  5.391155E-02  4.865834E-02  5.010303E-04                                 112
 4.315000E+02  5.391831E-02  4.865834E-02  5.014550E-04                                 112
 4.317500E+02  5.392507E-02  4.865834E-02  5.018773E-04                                 112
 4.320000E+02  5.393184E-02  4.865834E-02  5.022972E-04                                 112
 4.322500E+02  5.393862E-02  4.865834E-02  5.027147E-04                                 112
 4.325000E+02  5.394540E-02  4.865834E-02  5.031299E-04                                 112
 4.327500E+02  5.395219E-02  4.865834E-02  5.035427E-04                                 112
 4.330000E+02  5.395898E-02  4.865834E-02  5.039531E-04                                 112
 4.332500E+02  5.396578E-02  4.865834E-02  5.043611E-04                                 112
 4.335000E+02  5.397259E-02  4.865834E-02  5.047667E-04                                 112
 4.337500E+02  5.397941E-02  4.865834E-02  5.051699E-04                                 112
 4.340000E+02  5.398623E-02  4.865834E-02  5.055706E-04                                 112
 4.342500E+02  5.399305E-02  4.865834E-02  5.059690E-04                                 112
 4.345000E+02  5.399989E-02  4.865834E-02  5.063649E-04                                 112
 4.347500E+02  5.400672E-02  4.865834E-02  5.067583E-04                                 112
 4.350000E+02  5.401357E-02  4.865834E-02  5.071493E-04                                 112
 4.352500E+02  5.402042E-02  4.865834E-02  5.075379E-04                                 112
 4.355000E+02  5.402728E-02  4.865834E-02  5.079240E-04                                 112
 4.357500E+02  5.403414E-02  4.865834E-02  5.083076E-04                                 112
 4.360000E+02  5.404101E-02  4.865834E-02  5.086888E-04                                 112
 4.362500E+02  5.404789E-02  4.865834E-02  5.090675E-04                                 112
 4.365000E+02  5.405477E-02  4.865834E-02  5.094437E-04                                 112
 4.367500E+02  5.406166E-02  4.865834E-02  5.098175E-04                                 112
 4.370000E+02  5.406855E-02  4.865834E-02  5.101888E-04                                 112
 4.372500E+02  5.407545E-02  4.865834E-02  5.105576E-04                                 112
 4.375000E+02  5.408235E-02  4.865834E-02  5.109239E-04                                 112
 4.377500E+02  5.408926E-02  4.865834E-02  5.112877E-04                                 112
 4.380000E+02  5.409618E-02  4.865834E-02  5.116491E-04                                 112
 4.382500E+02  5.410310E-02  4.865834E-02  5.120079E-04                                 112
 4.385000E+02  5.411003E-02  4.865834E-02  5.123643E-04                                 112
 4.387500E+02  5.411697E-02  4.865834E-02  5.127182E-04                                 112
 4.390000E+02  5.412390E-02  4.865834E-02  5.130696E-04                                 112
 4.392500E+02  5.413085E-02  4.865834E-02  5.134185E-04                                 112
 4.395000E+02  5.413780E-02  4.865834E-02  5.137649E-04                                 112
 4.397500E+02  5.414476E-02  4.865834E-02  5.141088E-04                                 112
 4.400000E+02  5.415172E-02  4.865834E-02  5.144502E-04                                 112
 4.402500E+02  5.415869E-02  4.865834E-02  5.147892E-04                                 112
 4.405000E+02  5.416566E-02  4.865834E-02  5.151256E-04                                 112
 4.407500E+02  5.417264E-02  4.865834E-02  5.154596E-04                                 112
 4.410000E+02  5.417962E-02  4.865834E-02  5.157911E-04                                 112
 4.412500E+02  5.418661E-02  4.865834E-02  5.161200E-04                                 112
 4.415000E+02  5.419360E-02  4.865834E-02  5.164466E-04                                 112
 4.417500E+02  5.420060E-02  4.865834E-02  5.167706E-04                                 112
 4.420000E+02  5.420761E-02  4.865834E-02  5.170922E-04                                 112
 4.422500E+02  5.421462E-02  4.865834E-02  5.174112E-04                                 112
 4.425000E+02  5.422163E-02  4.865834E-02  5.177279E-04                                 112
 4.427500E+02  5.422866E-02  4.865834E-02  5.180420E-04                                 112
 4.430000E+02  5.423568E-02  4.865834E-02  5.183537E-04                                 112
 4.432500E+02  5.424271E-02  4.865834E-02  5.186629E-04                                 112
 4.435000E+02  5.424975E-02  4.865834E-02  1.327149E+03                                 112
 4.437500E+02  3.605298E+01  4.865834E-02  1.998142E+00                                 111
 4.440000E+02  3.607374E+01  4.865834E-02  2.301773E-03                                 111
 4.442500E+02  3.609450E+01  4.865834E-02  2.300413E-03                                 111
 4.445000E+02  3.611526E+01  4.865834E-02  2.299056E-03                                 111
 4.447500E+02  3.613601E+01  4.865834E-02  2.297700E-03                                 111
 4.450000E+02  3.615677E+01  4.865834E-02  2.296345E-03                                 111
 4.452500E+02  3.617753E+01  4.865834E-02  2.294993E-03                                 111
 4.455000E+02  3.619828E+01  4.865834E-02  2.293642E-03                                 111
 4.457500E+02  3.621904E+01  4.865834E-02  2.292292E-03                                 111
 4.460000E+02  3.623980E+01  4.865834E-02  2.290945E-03                                 111
 4.462500E+02  3.626055E+01  4.865834E-02  2.289598E-03                                 111
 4.465000E+02  3.628131E+01  4.865834E-02  2.288254E-03                                 111
 4.467500E+02  3.630206E+01  4.865834E-02  2.286911E-03                                 111
 4.470000E+02  3.632282E+01  4.865834E-02  2.285570E-03                                 111
 4.472500E+02  3.634357E+01  4.865834E-02  2.284231E-03                                 111
 4.475000E+02  3.636433E+01  4.865834E-02  2.282893E-03                                 111
 4.477500E+02  3.638508E+01  4.865834E-02  2.281556E-03                                 111
 4.480000E+02  3.640583E+01  4.865834E-02  2.280222E-03                                 111
 4.482500E+02  3.642659E+01  4.865834E-02  2.278889E-03                                 111
 4.485000E+02  3.644734E+01  4.865834E-02  2.277557E-03                                 111
 4.487500E+02  3.646809E+01  4.865834E-02  2.276227E-03                                 111
 4.490000E+02  3.648884E+01  4.865834E-02  2.274899E-03                                 111
 4.492500E+02  3.650960E+01  4.865834E-02  2.273573E-03                                 111
 4.495000E+02  3.653035E+01  4.865834E-02  2.272248E-03                                 111
 4.497500E+02  3.655110E+01  4.865834E-02  2.270924E-03                                 111
 4.500000E+02  3.657185E+01  4.865834E-02  2.269602E-03                                 111
 4.502500E+02  3.659260E+01  4.865834E-02  2.268282E-03                                 111
 4.505000E+02  3.661335E+01  4.865834E-02  2.266963E-03                                 111
 4.507500E+02  3.663410E+01  4.865834E-02  2.265646E-03                                 111
 4.510000E+02  3.665485E+01  4.865834E-02  2.264331E-03                                 111
 4.512500E+02  3.667560E+01  4.865834E-02  2.263017E-03                                 111
 4.515000E+02  3.669635E+01  4.865834E-02  2.261705E-03                                 111
 4.517500E+02  3.671710E+01  4.865834E-02  2.260394E-03                                 111
 4.520000E+02  3.673785E+01  4.865834E-02  2.259085E-03                                 111
 4.522500E+02  3.675860E+01  4.865834E-02  2.257777E-03                                 111
 4.525000E+02  3.677934E+01  4.865834E-02  2.256471E-03                                 111
 4.527500E+02  3.680009E+01  4.865834E-02  2.255167E-03                                 111
 4.530000E+02  3.682084E+01  4.865834E-02  2.253864E-03                                 111
 4.532500E+02  3.684159E+01  4.865834E-02  2.252563E-03                                 111
 4.535000E+02  3.686233E+01  4.865834E-02  2.251263E-03                                 111
 4.537500E+02  3.688308E+01  4.865834E-02  2.249964E-03                                 111
 4.540000E+02  3.690383E+01  4.865834E-02  2.248668E-03                                 111
 4.542500E+02  3.692457E+01  4.865834E-02  2.247373E-03                                 111
 4.545000E+02  3.694532E+01  4.865834E-02  2.246079E-03                                 111
 4.547500E+02  3.696606E+01  4.865834E-02  2.244787E-03                                 111
 4.550000E+02  3.698681E+01  4.865834E-02  2.243496E-03                                 111
 4.552500E+02  3.700755E+01  4.865834E-02  2.242207E-03                                 111
 4.555000E+02  3.702830E+01  4.865834E-02  2.240920E-03                                 111
 4.557500E+02  3.704904E+01  4.865834E-02  2.239634E-03                                 111
 4.560000E+02  3.706979E+01  4.865834E-02  2.238350E-03                                 111
 4.562500E+02  3.709053E+01  4.865834E-02  2.237067E-03                                 111
 4.565000E+02  3.711127E+01  4.865834E-02  2.235785E-03                                 111
 4.567500E+02  3.713202E+01  4.865834E-02  2.234505E-03                                 111
 4.570000E+02  3.715276E+01  4.865834E-02  2.233227E-03                                 111
 4.572500E+02  3.717350E+01  4.865834E-02  2.231950E-03                                 111
 4.575000E+02  3.719424E+01  4.865834E-02  2.230675E-03                                 111
 4.577500E+02  3.721498E+01  4.865834E-02  2.229401E-03                                 111
 4.580000E+02  3.723573E+01  4.865834E-02  2.228129E-03                                 111
 4.582500E+02  3.725647E+01  4.865834E-02  2.226858E-03                                 111
 4.585000E+02  3.727721E+01  4.865834E-02  2.225588E-03                                 111
 4.587500E+02  3.729795E+01  4.865834E-02  2.224321E-03                                 111
 4.590000E+02  3.731869E+01  4.865834E-02  2.223054E-03                                 111
 4.592500E+02  3.733943E+01  4.865834E-02  2.221789E-03                                 111
 4.595000E+02  3.736017E+01  4.865834E-02  2.220526E-03                                 111
 4.597500E+02  3.738091E+01  4.865834E-02  2.219264E-03                                 111
 4.600000E+02  3.740165E+01  4.865834E-02  2.218004E-03                                 111
 4.602500E+02  3.742239E+01  4.865834E-02  2.216745E-03                                 111
 4.605000E+02  3.744313E+01  4.865834E-02  2.215487E-03                                 111
 4.607500E+02  3.746387E+01  4.865834E-02  2.214231E-03                                 111
 4.610000E+02  3.748460E+01  4.865834E-02  2.212977E-03                                 111
 4.612500E+02  3.750534E+01  4.865834E-02  2.211724E-03                                 111
 4.615000E+02  3.752608E+01  4.865834E-02  2.210472E-03                                 111
 4.617500E+02  3.754682E+01  4.865834E-02  2.209222E-03                                 111
 4.620000E+02  3.756755E+01  4.865834E-02  2.207973E-03                                 111
 4.622500E+02  3.758829E+01  4.865834E-02  2.206726E-03                                 111
 4.625000E+02  3.760903E+01  4.865834E-02  2.205480E-03                                 111
 4.627500E+02  3.762976E+01  4.865834E-02  2.204236E-03                                 111
 4.630000E+02  3.765050E+01  4.865834E-02  2.202993E-03                                 111
 4.632500E+02  3.767124E+01  4.865834E-02  2.201752E-03                                 111
 4.635000E+02  3.769197E+01  4.865834E-02  2.200512E-03                                 111
 4.637500E+02  3.771271E+01  4.865834E-02  2.199273E-03                                 111
 4.640000E+02  3.773344E+01  4.865834E-02  2.198036E-03                                 111
 4.642500E+02  3.775418E+01  4.865834E-02  2.196800E-03                                 111
 4.645000E+02  3.777491E+01  4.865834E-02  2.195566E-03                                 111
 4.647500E+02  3.779565E+01  4.865834E-02  2.194333E-03                                 111
 4.650000E+02  3.781638E+01  4.865834E-02  2.193102E-03                                 111
 4.652500E+02  3.783711E+01  4.865834E-02  2.191872E-03                                 111
 4.655000E+02  3.785785E+01  4.865834E-02  2.190643E-03                                 111
 4.657500E+02  3.787858E+01  4.865834E-02  2.189416E-03                                 111
 4.660000E+02  3.789931E+01  4.865834E-02  2.188190E-03                                 111
 4.662500E+02  3.792005E+01  4.865834E-02  2.186966E-03                                 111
 4.665000E+02  3.794078E+01  4.865834E-02  2.185743E-03                                 111
 4.667500E+02  3.796151E+01  4.865834E-02  2.184522E-03                                 111
 4.670000E+02  3.798224E+01  4.865834E-02  2.183302E-03                                 111
 4.672500E+02  3.800297E+01  4.865834E-02  2.182083E-03                                 111
 4.675000E+02  3.802370E+01  4.865834E-02  2.180866E-03                                 111
 4.677500E+02  3.804444E+01  4.865834E-02  2.179650E-03                                 111
 4.680000E+02  3.806517E+01  4.865834E-02  2.178435E-03                                 111
 4.682500E+02  3.808590E+01  4.865834E-02  2.177222E-03                                 111
 4.685000E+02  3.810663E+01  4.865834E-02  2.176011E-03                                 111
 4.687500E+02  3.812736E+01  4.865834E-02  2.174800E-03                                 111
 4.690000E+02  3.814809E+01  4.865834E-02  2.173591E-03                                 111
 4.692500E+02  3.816882E+01  4.865834E-02  2.172384E-03                                 111
 4.695000E+02  3.818954E+01  4.865834E-02  2.171178E-03                                 111
 4.697500E+02  3.821027E+01  4.865834E-02  2.169973E-03                                 111
 4.700000E+02  3.823100E+01  4.865834E-02  2.168769E-03                                 111
 4.702500E+02  3.825173E+01  4.865834E-02  2.167567E-03                                 111
 4.705000E+02  3.827246E+01  4.865834E-02  2.166367E-03                                 111
 4.707500E+02  3.829319E+01  4.865834E-02  2.165167E-03                                 111
 4.710000E+02  3.831391E+01  4.865834E-02  2.163969E-03                                 111
 4.712500E+02  3.833464E+01  4.865834E-02  2.162773E-03                                 111
 4.715000E+02  3.835537E+01  4.865834E-02  2.161578E-03                                 111
 4.717500E+02  3.837610E+01  4.865834E-02  2.160384E-03                                 111
 4.720000E+02  3.839682E+01  4.865834E-02  2.159191E-03                                 111
 4.722500E+02  3.841755E+01  4.865834E-02  2.158000E-03                                 111
 4.725000E+02  3.843828E+01  4.865834E-02  2.156810E-03                                 111
 4.727500E+02  3.845900E+01  4.865834E-02  2.155622E-03                                 111
 4.730000E+02  3.847973E+01  4.865834E-02  2.154435E-03                                 111
 4.732500E+02  3.850045E+01  4.865834E-02  2.153249E-03                                 111
 4.735000E+02  3.852118E+01  4.865834E-02  2.152065E-03                                 111
 4.737500E+02  3.854190E+01  4.865834E-02  2.150882E-03                                 111
 4.740000E+02  3.856263E+01  4.865834E-02  2.149700E-03                                 111
 4.742500E+02  3.858335E+01  4.865834E-02  2.148520E-03                                 111
 4.745000E+02  3.860408E+01  4.865834E-02  2.147340E-03                                 111
 4.747500E+02  3.862480E+01  4.865834E-02  2.146163E-03                                 111
 4.750000E+02  3.864552E+01  4.865834E-02  2.144986E-03                                 111
 4.752500E+02  3.866625E+01  4.865834E-02  2.143811E-03                                 111
 4.755000E+02  3.868697E+01  4.865834E-02  2.142637E-03                                 111
 4.757500E+02  3.870769E+01  4.865834E-02  2.141465E-03                                 111
 4.760000E+02  3.872842E+01  4.865834E-02  2.140294E-03                                 111
 4.762500E+02  3.874914E+01  4.865834E-02  2.139124E-03                                 111
 4.765000E+02  3.876986E+01  4.865834E-02  2.137956E-03                                 111
 4.767500E+02  3.879058E+01  4.865834E-02  2.136788E-03                                 111
 4.770000E+02  3.881130E+01  4.865834E-02  2.135623E-03                                 111
 4.772500E+02  3.883202E+01  4.865834E-02  2.134458E-03                                 111
 4.775000E+02  3.885275E+01  4.865834E-02  2.133295E-03                                 111
 4.777500E+02  3.887347E+01  4.865834E-02  2.132133E-03                                 111
 4.780000E+02  3.889419E+01  4.865834E-02  2.130972E-03                                 111
 4.782500E+02  3.891491E+01  4.865834E-02  2.129813E-03                                 111
 4.785000E+02  3.893563E+01  4.865834E-02  2.128655E-03                                 111
 4.787500E+02  3.895635E+01  4.865834E-02  2.127498E-03                                 111
 4.790000E+02  3.897707E+01  4.865834E-02  2.126342E-03                                 111
 4.792500E+02  3.899779E+01  4.865834E-02  2.125188E-03                                 111
 4.795000E+02  3.901851E+01  4.865834E-02  2.124035E-03                                 111
 4.797500E+02  3.903923E+01  4.865834E-02  2.122884E-03                                 111
 4.800000E+02  3.905995E+01  4.865834E-02  2.121733E-03                                 111
 4.802500E+02  3.908066E+01  4.865834E-02  2.120584E-03                                 111
 4.805000E+02  3.910138E+01  4.865834E-02  2.119436E-03                                 111
 4.807500E+02  3.912210E+01  4.865834E-02  2.118290E-03                                 111
 4.810000E+02  3.914282E+01  4.865834E-02  2.117145E-03                                 111
 4.812500E+02  3.916354E+01  4.865834E-02  2.116001E-03                                 111
 4.815000E+02  3.918425E+01  4.865834E-02  2.114858E-03                                 111
 4.817500E+02  3.920497E+01  4.865834E-02  2.113717E-03                                 111
 4.820000E+02  3.922569E+01  4.865834E-02  2.112576E-03                                 111
 4.822500E+02  3.924640E+01  4.865834E-02  2.111438E-03                                 111
 4.825000E+02  3.926712E+01  4.865834E-02  2.110300E-03                                 111
 4.827500E+02  3.928784E+01  4.865834E-02  2.109163E-03                                 111
 4.830000E+02  3.930855E+01  4.865834E-02  2.108028E-03                                 111
 4.832500E+02  3.932927E+01  4.865834E-02  2.106894E-03                                 111
 4.835000E+02  3.934998E+01  4.865834E-02  2.105762E-03                                 111
 4.837500E+02  3.937070E+01  4.865834E-02  2.104630E-03                                 111
 4.840000E+02  3.939141E+01  4.865834E-02  2.103500E-03                                 111
 4.842500E+02  3.941213E+01  4.865834E-02  2.102371E-03                                 111
 4.845000E+02  3.943284E+01  4.865834E-02  2.101244E-03                                 111
 4.847500E+02  3.945356E+01  4.865834E-02  2.100117E-03                                 111
 4.850000E+02  3.947427E+01  4.865834E-02  2.098992E-03                                 111
 4.852500E+02  3.949499E+01  4.865834E-02  2.097868E-03                                 111
 4.855000E+02  3.951570E+01  4.865834E-02  2.096746E-03                                 111
 4.857500E+02  3.953641E+01  4.865834E-02  2.095624E-03                                 111
 4.860000E+02  3.955713E+01  4.865834E-02  2.094504E-03                                 111
 4.862500E+02  3.957784E+01  4.865834E-02  2.093385E-03                                 111
 4.865000E+02  3.959855E+01  4.865834E-02  2.092267E-03                                 111
 4.867500E+02  3.961926E+01  4.865834E-02  2.091150E-03                                 111
 4.870000E+02  3.963998E+01  4.865834E-02  2.090035E-03                                 111
 4.872500E+02  3.966069E+01  4.865834E-02  2.088921E-03                                 111
 4.875000E+02  3.968140E+01  4.865834E-02  2.087808E-03                                 111
 4.877500E+02  3.970211E+01  4.865834E-02  2.086696E-03                                 111
 4.880000E+02  3.972282E+01  4.865834E-02  2.085586E-03                                 111
 4.882500E+02  3.974354E+01  4.865834E-02  2.084477E-03                                 111
 4.885000E+02  3.976425E+01  4.865834E-02  2.083369E-03                                 111
 4.887500E+02  3.978496E+01  4.865834E-02  2.082262E-03                                 111
 4.890000E+02  3.980567E+01  4.865834E-02  2.081156E-03                                 111
 4.892500E+02  3.982638E+01  4.865834E-02  2.080052E-03                                 111
 4.895000E+02  3.984709E+01  4.865834E-02  2.078948E-03                                 111
 4.897500E+02  3.986780E+01  4.865834E-02  2.077846E-03                                 111
 4.900000E+02  3.988851E+01  4.865834E-02  2.076746E-03                                 111
 4.902500E+02  3.990922E+01  4.865834E-02  2.075646E-03                                 111
 4.905000E+02  3.992993E+01  4.865834E-02  2.074547E-03                                 111
 4.907500E+02  3.995064E+01  4.865834E-02  2.073450E-03                                 111
 4.910000E+02  3.997134E+01  4.865834E-02  2.072354E-03                                 111
 4.912500E+02  3.999205E+01  4.865834E-02  2.071259E-03                                 111
 4.915000E+02  4.001276E+01  4.865834E-02  2.070165E-03                                 111
 4.917500E+02  4.003347E+01  4.865834E-02  2.069073E-03                                 111
 4.920000E+02  4.005418E+01  4.865834E-02  2.067982E-03                                 111
 4.922500E+02  4.007489E+01  4.865834E-02  2.066891E-03                                 111
 4.925000E+02  4.009559E+01  4.865834E-02  2.065802E-03                                 111
 4.927500E+02  4.011630E+01  4.865834E-02  2.064715E-03                                 111
 4.930000E+02  4.013701E+01  4.865834E-02  2.063628E-03                                 111
 4.932500E+02  4.015771E+01  4.865834E-02  2.062543E-03                                 111
 4.935000E+02  4.017842E+01  4.865834E-02  2.061458E-03                                 111
 4.937500E+02  4.019913E+01  4.865834E-02  2.060375E-03                                 111
 4.940000E+02  4.021983E+01  4.865834E-02  2.059293E-03                                 111
 4.942500E+02  4.024054E+01  4.865834E-02  2.058212E-03                                 111
 4.945000E+02  4.026125E+01  4.865834E-02  2.057133E-03                                 111
 4.947500E+02  4.028195E+01  4.865834E-02  2.056054E-03                                 111
 4.950000E+02  4.030266E+01  4.865834E-02  2.054977E-03                                 111
 4.952500E+02  4.032336E+01  4.865834E-02  2.053901E-03                                 111
 4.955000E+02  4.034407E+01  4.865834E-02  2.052826E-03                                 111
 4.957500E+02  4.036477E+01  4.865834E-02  2.051752E-03                                 111
 4.960000E+02  4.038548E+01  4.865834E-02  2.050679E-03                                 111
 4.962500E+02  4.040618E+01  4.865834E-02  2.049608E-03                                 111
 4.965000E+02  4.042688E+01  4.865834E-02  2.048537E-03                                 111
 4.967500E+02  4.044759E+01  4.865834E-02  2.047468E-03                                 111
 4.970000E+02  4.046829E+01  4.865834E-02  2.046400E-03                                 111
 4.972500E+02  4.048899E+01  4.865834E-02  2.045333E-03                                 111
 4.975000E+02  4.050970E+01  4.865834E-02  2.044267E-03                                 111
 4.977500E+02  4.053040E+01  4.865834E-02  2.043202E-03                                 111
 4.980000E+02  4.055110E+01  4.865834E-02  2.042139E-03                                 111
 4.982500E+02  4.057181E+01  4.865834E-02  2.041076E-03                                 111
 4.985000E+02  4.059251E+01  4.865834E-02  2.040015E-03                                 111
 4.987500E+02  4.061321E+01  4.865834E-02  2.038955E-03                                 111
 4.990000E+02  4.063391E+01  4.865834E-02  2.037895E-03                                 111
 4.992500E+02  4.065462E+01  4.865834E-02  2.036838E-03                                 111
 4.995000E+02  4.067532E+01  4.865834E-02  2.035781E-03                                 111
 4.997500E+02  4.069602E+01  4.865834E-02  2.034725E-03                                 111
 5.000000E+02  4.071672E+01  4.865834E-02  2.033680E-03                                 111
