#         T/K            w1            w2            w3            w5
 2.500000E+02  1.893227E-02  1.548102E-03  4.607102E-04  1.107583E+01
 2.502500E+02  1.914068E-02  1.573580E-03  4.663797E-04  1.107553E+01
 2.505000E+02  1.935097E-02  1.599427E-03  4.721076E-04  1.107522E+01
 2.507500E+02  1.956316E-02  1.625647E-03  4.778943E-04  1.107492E+01
 2.510000E+02  1.977724E-02  1.652245E-03  4.837404E-04  1.107462E+01
 2.512500E+02  1.999324E-02  1.679226E-03  4.896462E-04  1.107432E+01
 2.515000E+02  2.021117E-02  1.706595E-03  4.956124E-04  1.107401E+01
 2.517500E+02  2.043104E-02  1.734355E-03  5.016393E-04  1.107371E+01
 2.520000E+02  2.065286E-02  1.762513E-03  5.077275E-04  1.107340E+01
 2.522500E+02  2.087666E-02  1.791072E-03  5.138774E-04  1.107310E+01
 2.525000E+02  2.110243E-02  1.820039E-03  5.200895E-04  1.107279E+01
 2.527500E+02  2.133020E-02  1.849417E-03  5.263644E-04  1.107248E+01
 2.530000E+02  2.155997E-02  1.879211E-03  5.327024E-04  1.107218E+01
 2.532500E+02  2.179177E-02  1.909427E-03  5.391043E-04  1.107187E+01
 2.535000E+02  2.202559E-02  1.940070E-03  5.455703E-04  1.107156E+01
 2.537500E+02  2.226147E-02  1.971145E-03  5.521011E-04  1.107125E+01
 2.540000E+02  2.249941E-02  2.002658E-03  5.586971E-04  1.107094E+01
 2.542500E+02  2.273942E-02  2.034612E-03  5.653588E-04  1.107063E+01
 2.545000E+02  2.298152E-02  2.067014E-03  5.720869E-04  1.107032E+01
 2.547500E+02  2.322572E-02  2.099870E-03  5.788817E-04  1.107000E+01
 2.550000E+02  2.347204E-02  2.133183E-03  5.857438E-04  1.106969E+01
 2.552500E+02  2.372048E-02  2.166961E-03  5.926737E-04  1.106938E+01
 2.555000E+02  2.397107E-02  2.201208E-03  5.996719E-04  1.106906E+01
 2.557500E+02  2.422381E-02  2.235930E-03  6.067391E-04  1.106875E+01
 2.560000E+02  2.447873E-02  2.271132E-03  6.138756E-04  1.106843E+01
 2.562500E+02  2.473583E-02  2.306821E-03  6.210821E-04  1.106811E+01
 2.565000E+02  2.499512E-02  2.343001E-03  6.283590E-04  1.106780E+01
 2.567500E+02  2.525663E-02  2.379680E-03  6.357070E-04  1.106748E+01
 2.570000E+02  2.552037E-02  2.416861E-03  6.431265E-04  1.106716E+01
 2.572500E+02  2.578634E-02  2.454553E-03  6.506180E-04  1.106684E+01
 2.575000E+02  2.605457E-02  2.492759E-03  6.581823E-04  1.106652E+01
 2.577500E+02  2.632507E-02  2.531487E-03  6.658197E-04  1.106620E+01
 2.580000E+02  2.659786E-02  2.570742E-03  6.735308E-04  1.106587E+01
 2.582500E+02  2.687294E-02  2.610531E-03  6.813163E-04  1.106555E+01
 2.585000E+02  2.715033E-02  2.650859E-03  6.891766E-04  1.106523E+01
 2.587500E+02  2.743005E-02  2.691734E-03  6.971123E-04  1.106490E+01
 2.590000E+02  2.771212E-02  2.733160E-03  7.051239E-04  1.106458E+01
 2.592500E+02  2.799653E-02  2.775145E-03  7.132121E-04  1.106425E+01
 2.595000E+02  2.828332E-02  2.817695E-03  7.213775E-04  1.106392E+01
 2.597500E+02  2.857249E-02  2.860816E-03  7.296205E-04  1.106360E+01
 2.600000E+02  2.886407E-02  2.904515E-03  7.379417E-04  1.106327E+01
 2.602500E+02  2.915805E-02  2.948799E-03  7.463418E-04  1.106294E+01
 2.605000E+02  2.945447E-02  2.993674E-03  7.548213E-04  1.106261E+01
 2.607500E+02  2.975333E-02  3.039146E-03  7.633808E-04  1.106228E+01
 2.610000E+02  3.005465E-02  3.085223E-03  7.720209E-04  1.106194E+01
 2.612500E+02  3.035845E-02  3.131911E-03  7.807422E-04  1.106161E+01
 2.615000E+02  3.066473E-02  3.179218E-03  7.895452E-04  1.106128E+01
 2.617500E+02  3.097352E-02  3.227149E-03  7.984306E-04  1.106094E+01
 2.620000E+02  3.128483E-02  3.275713E-03  8.073989E-04  1.106061E+01
 2.622500E+02  3.159868E-02  3.324916E-03  8.164508E-04  1.106027E+01
 2.625000E+02  3.191507E-02  3.374766E-03  8.255868E-04  1.105993E+01
 2.627500E+02  3.223403E-02  3.425269E-03  8.348076E-04  1.105959E+01
 2.630000E+02  3.255557E-02  3.476433E-03  8.441138E-04  1.105925E+01
 2.632500E+02  3.287971E-02  3.528265E-03  8.535060E-04  1.105891E+01
 2.635000E+02  3.320646E-02  3.580772E-03  8.629847E-04  1.105857E+01
 2.637500E+02  3.353584E-02  3.633963E-03  8.725507E-04  1.105823E+01
 2.640000E+02  3.386786E-02  3.687844E-03  8.822045E-04  1.105789E+01
 2.642500E+02  3.420254E-02  3.742423E-03  8.919468E-04  1.105754E+01
 2.645000E+02  3.453990E-02  3.797708E-03  9.017781E-04  1.105720E+01
 2.647500E+02  3.487994E-02  3.853707E-03  9.116992E-04  1.105685E+01
 2.650000E+02  3.522270E-02  3.910427E-03  9.217106E-04  1.105651E+01
 2.652500E+02  3.556817E-02  3.967876E-03  9.318130E-04  1.105616E+01
 2.655000E+02  3.591638E-02  4.026062E-03  9.420071E-04  1.105581E+01
 2.657500E+02  3.626735E-02  4.084993E-03  9.522933E-04  1.105546E+01
 2.660000E+02  3.662108E-02  4.144677E-03  9.626725E-04  1.105511E+01
 2.662500E+02  3.697761E-02  4.205123E-03  9.731453E-04  1.105476E+01
 2.665000E+02  3.733693E-02  4.266338E-03  9.837122E-04  1.105440E+01
 2.667500E+02  3.769907E-02  4.328331E-03  9.943740E-04  1.105405E+01
 2.670000E+02  3.806405E-02  4.391110E-03  1.005131E-03  1.105370E+01
 2.672500E+02  3.843188E-02  4.454683E-03  1.015985E-03  1.105334E+01
 2.675000E+02  3.880258E-02  4.519060E-03  1.026935E-03  1.105298E+01
 2.677500E+02  3.917616E-02  4.584248E-03  1.037983E-03  1.105263E+01
 2.680000E+02  3.955264E-02  4.650256E-03  1.049129E-03  1.105227E+01
 2.682500E+02  3.993204E-02  4.717094E-03  1.060374E-03  1.105191E+01
 2.685000E+02  4.031437E-02  4.784769E-03  1.071718E-03  1.105155E+01
 2.687500E+02  4.069965E-02  4.853291E-03  1.083162E-03  1.105118E+01
 2.690000E+02  4.108790E-02  4.922668E-03  1.094708E-03  1.105082E+01
 2.692500E+02  4.147913E-02  4.992909E-03  1.106355E-03  1.105046E+01
 2.695000E+02  4.187337E-02  5.064025E-03  1.118104E-03  1.105009E+01
 2.697500E+02  4.227062E-02  5.136023E-03  1.129956E-03  1.104972E+01
 2.700000E+02  4.267090E-02  5.208913E-03  1.141911E-03  1.104936E+01
 2.702500E+02  4.307424E-02  5.282705E-03  1.153971E-03  1.104899E+01
 2.705000E+02  4.348064E-02  5.357407E-03  1.166136E-03  1.104862E+01
 2.707500E+02  4.389013E-02  5.433029E-03  1.178407E-03  1.104824E+01
 2.710000E+02  4.430272E-02  5.509581E-03  1.190784E-03  1.104787E+01
 2.712500E+02  4.471844E-02  5.587073E-03  1.203268E-03  1.104750E+01
 2.715000E+02  4.513728E-02  5.665514E-03  1.215860E-03  1.104712E+01
 2.717500E+02  4.555929E-02  5.744913E-03  1.228560E-03  1.104675E+01
 2.720000E+02  4.598446E-02  5.825281E-03  1.241370E-03  1.104637E+01
 2.722500E+02  4.641282E-02  5.906628E-03  1.254290E-03  1.104599E+01
 2.725000E+02  4.684439E-02  5.988964E-03  1.267320E-03  1.104561E+01
 2.727500E+02  4.727919E-02  6.072299E-03  1.280462E-03  1.104523E+01
 2.730000E+02  4.771722E-02  6.156642E-03  1.293716E-03  1.104485E+01
 2.732500E+02  4.815851E-02  6.242005E-03  1.307083E-03  1.104447E+01
 2.735000E+02  4.860308E-02  6.328397E-03  1.320563E-03  1.104408E+01
 2.737500E+02  4.905095E-02  6.415830E-03  1.334158E-03  1.104370E+01
 2.740000E+02  4.950213E-02  6.504313E-03  1.347868E-03  1.104331E+01
 2.742500E+02  4.995663E-02  6.593858E-03  1.361693E-03  1.104292E+01
 2.745000E+02  5.041449E-02  6.684474E-03  1.375636E-03  1.104253E+01
 2.747500E+02  5.087571E-02  6.776173E-03  1.389695E-03  1.104214E+01
 2.750000E+02  5.134031E-02  6.868966E-03  1.403873E-03  1.104175E+01
 2.752500E+02  5.180832E-02  6.962863E-03  1.418169E-03  1.104136E+01
 2.755000E+02  5.227975E-02  7.057876E-03  1.432585E-03  1.104096E+01
 2.757500E+02  5.275461E-02  7.154016E-03  1.447121E-03  1.104057E+01
 2.760000E+02  5.323293E-02  7.251293E-03  1.461779E-03  1.104017E+01
 2.762500E+02  5.371473E-02  7.349720E-03  1.476558E-03  1.103977E+01
 2.765000E+02  5.420002E-02  7.449307E-03  1.491460E-03  1.103937E+01
 2.767500E+02  5.468882E-02  7.550066E-03  1.506485E-03  1.103897E+01
 2.770000E+02  5.518115E-02  7.652009E-03  1.521635E-03  1.103857E+01
 2.772500E+02  5.567702E-02  7.755148E-03  1.536909E-03  1.103816E+01
 2.775000E+02  5.617647E-02  7.859493E-03  1.552309E-03  1.103776E+01
 2.777500E+02  5.667950E-02  7.965057E-03  1.567836E-03  1.103735E+01
 2.780000E+02  5.718613E-02  8.071853E-03  1.583490E-03  1.103694E+01
 2.782500E+02  5.769639E-02  8.179891E-03  1.599272E-03  1.103653E+01
 2.785000E+02  5.821029E-02  8.289184E-03  1.615183E-03  1.103612E+01
 2.787500E+02  5.872784E-02  8.399744E-03  1.631224E-03  1.103571E+01
 2.790000E+02  5.924908E-02  8.511584E-03  1.647395E-03  1.103529E+01
 2.792500E+02  5.977402E-02  8.624716E-03  1.663698E-03  1.103488E+01
 2.795000E+02  6.030267E-02  8.739152E-03  1.680133E-03  1.103446E+01
 2.797500E+02  6.083506E-02  8.854906E-03  1.696700E-03  1.103404E+01
 2.800000E+02  6.137120E-02  8.971989E-03  1.713402E-03  1.103362E+01
 2.802500E+02  6.191112E-02  9.090414E-03  1.730238E-03  1.103320E+01
 2.805000E+02  6.245483E-02  9.210195E-03  1.747209E-03  1.103278E+01
 2.807500E+02  6.300235E-02  9.331344E-03  1.764316E-03  1.103235E+01
 2.810000E+02  6.355370E-02  9.453875E-03  1.781561E-03  1.103193E+01
 2.812500E+02  6.410891E-02  9.577800E-03  1.798943E-03  1.103150E+01
 2.815000E+02  6.466799E-02  9.703133E-03  1.816464E-03  1.103107E+01
 2.817500E+02  6.523095E-02  9.829887E-03  1.834125E-03  1.103064E+01
 2.820000E+02  6.579783E-02  9.958076E-03  1.851926E-03  1.103021E+01
 2.822500E+02  6.636863E-02  1.008771E-02  1.869868E-03  1.102977E+01
 2.825000E+02  6.694338E-02  1.021881E-02  1.887952E-03  1.102934E+01
 2.827500E+02  6.752211E-02  1.035139E-02  1.906179E-03  1.102890E+01
 2.830000E+02  6.810482E-02  1.048545E-02  1.924550E-03  1.102846E+01
 2.832500E+02  6.869153E-02  1.062102E-02  1.943065E-03  1.102802E+01
 2.835000E+02  6.928228E-02  1.075811E-02  1.961726E-03  1.102758E+01
 2.837500E+02  6.987707E-02  1.089672E-02  1.980533E-03  1.102713E+01
 2.840000E+02  7.047593E-02  1.103689E-02  1.999487E-03  1.102669E+01
 2.842500E+02  7.107888E-02  1.117861E-02  2.018589E-03  1.102624E+01
 2.845000E+02  7.168593E-02  1.132191E-02  2.037840E-03  1.102579E+01
 2.847500E+02  7.229711E-02  1.146680E-02  2.057241E-03  1.102534E+01
 2.850000E+02  7.291244E-02  1.161329E-02  2.076793E-03  1.102489E+01
 2.852500E+02  7.353194E-02  1.176141E-02  2.096496E-03  1.102444E+01
 2.855000E+02  7.415563E-02  1.191115E-02  2.116351E-03  1.102398E+01
 2.857500E+02  7.478352E-02  1.206255E-02  2.136360E-03  1.102352E+01
 2.860000E+02  7.541564E-02  1.221561E-02  2.156523E-03  1.102306E+01
 2.862500E+02  7.605202E-02  1.237035E-02  2.176841E-03  1.102260E+01
 2.865000E+02  7.669266E-02  1.252678E-02  2.197315E-03  1.102214E+01
 2.867500E+02  7.733759E-02  1.268493E-02  2.217946E-03  1.102168E+01
 2.870000E+02  7.798683E-02  1.284480E-02  2.238734E-03  1.102121E+01
 2.872500E+02  7.864041E-02  1.300641E-02  2.259681E-03  1.102074E+01
 2.875000E+02  7.929833E-02  1.316978E-02  2.280788E-03  1.102027E+01
 2.877500E+02  7.996063E-02  1.333492E-02  2.302055E-03  1.101980E+01
 2.880000E+02  8.062733E-02  1.350185E-02  2.323484E-03  1.101933E+01
 2.882500E+02  8.129843E-02  1.367059E-02  2.345075E-03  1.101885E+01
 2.885000E+02  8.197398E-02  1.384115E-02  2.366829E-03  1.101837E+01
 2.887500E+02  8.265397E-02  1.401354E-02  2.388747E-03  1.101789E+01
 2.890000E+02  8.333845E-02  1.418780E-02  2.410830E-03  1.101741E+01
 2.892500E+02  8.402742E-02  1.436392E-02  2.433080E-03  1.101693E+01
 2.895000E+02  8.472092E-02  1.454193E-02  2.455496E-03  1.101645E+01
 2.897500E+02  8.541895E-02  1.472184E-02  2.478080E-03  1.101596E+01
 2.900000E+02  8.612155E-02  1.490368E-02  2.500833E-03  1.101547E+01
 2.902500E+02  8.682873E-02  1.508746E-02  2.523755E-03  1.101498E+01
 2.905000E+02  8.754051E-02  1.527319E-02  2.546848E-03  1.101449E+01
 2.907500E+02  8.825692E-02  1.546089E-02  2.570113E-03  1.101399E+01
 2.910000E+02  8.897798E-02  1.565059E-02  2.593550E-03  1.101349E+01
 2.912500E+02  8.970370E-02  1.584229E-02  2.617161E-03  1.101300E+01
 2.915000E+02  9.043412E-02  1.603602E-02  2.640947E-03  1.101249E+01
 2.917500E+02  9.116925E-02  1.623179E-02  2.664907E-03  1.101199E+01
 2.920000E+02  9.190911E-02  1.642962E-02  2.689044E-03  1.101149E+01
 2.922500E+02  9.265373E-02  1.662953E-02  2.713359E-03  1.101098E+01
 2.925000E+02  9.340312E-02  1.683154E-02  2.737852E-03  1.101047E+01
 2.927500E+02  9.415731E-02  1.703567E-02  2.762524E-03  1.100996E+01
 2.930000E+02  9.491633E-02  1.724193E-02  2.787376E-03  1.100945E+01
 2.932500E+02  9.568018E-02  1.745034E-02  2.812410E-03  1.100893E+01
 2.935000E+02  9.644890E-02  1.766093E-02  2.837626E-03  1.100841E+01
 2.937500E+02  9.722251E-02  1.787370E-02  2.863025E-03  1.100789E+01
 2.940000E+02  9.800102E-02  1.808868E-02  2.888608E-03  1.100737E+01
 2.942500E+02  9.878447E-02  1.830589E-02  2.914376E-03  1.100685E+01
 2.945000E+02  9.957287E-02  1.852535E-02  2.940331E-03  1.100632E+01
 2.947500E+02  1.003662E-01  1.874708E-02  2.966472E-03  1.100579E+01
 2.950000E+02  1.011646E-01  1.897109E-02  2.992802E-03  1.100526E+01
 2.952500E+02  1.019680E-01  1.919740E-02  3.019321E-03  1.100473E+01
 2.955000E+02  1.027765E-01  1.942604E-02  3.046031E-03  1.100420E+01
 2.957500E+02  1.035900E-01  1.965703E-02  3.072931E-03  1.100366E+01
 2.960000E+02  1.044085E-01  1.989038E-02  3.100024E-03  1.100312E+01
 2.962500E+02  1.052322E-01  2.012611E-02  3.127309E-03  1.100258E+01
 2.965000E+02  1.060611E-01  2.036425E-02  3.154789E-03  1.100203E+01
 2.967500E+02  1.068951E-01  2.060481E-02  3.182465E-03  1.100149E+01
 2.970000E+02  1.077342E-01  2.084782E-02  3.210336E-03  1.100094E+01
 2.972500E+02  1.085786E-01  2.109330E-02  3.238405E-03  1.100039E+01
 2.975000E+02  1.094282E-01  2.134126E-02  3.266672E-03  1.099983E+01
 2.977500E+02  1.102830E-01  2.159173E-02  3.295139E-03  1.099928E+01
 2.980000E+02  1.111431E-01  2.184473E-02  3.323806E-03  1.099872E+01
 2.982500E+02  1.120085E-01  2.210028E-02  3.352674E-03  1.099816E+01
 2.985000E+02  1.128792E-01  2.235839E-02  3.381745E-03  1.099759E+01
 2.987500E+02  1.137553E-01  2.261911E-02  3.411019E-03  1.099703E+01
 2.990000E+02  1.146367E-01  2.288243E-02  3.440498E-03  1.099646E+01
 2.992500E+02  1.155235E-01  2.314839E-02  3.470182E-03  1.099589E+01
 2.995000E+02  1.164157E-01  2.341701E-02  3.500073E-03  1.099532E+01
 2.997500E+02  1.173134E-01  2.368831E-02  3.530172E-03  1.099474E+01
 3.000000E+02  1.182165E-01  2.396231E-02  3.560480E-03  1.099416E+01
 3.002500E+02  1.191250E-01  2.423903E-02  3.590997E-03  1.099358E+01
 3.005000E+02  1.200391E-01  2.451850E-02  3.621726E-03  1.099300E+01
 3.007500E+02  1.209587E-01  2.480073E-02  3.652666E-03  1.099242E+01
 3.010000E+02  1.218839E-01  2.508576E-02  3.683820E-03  1.099183E+01
 3.012500E+02  1.228146E-01  2.537360E-02  3.715187E-03  1.099124E+01
 3.015000E+02  1.237509E-01  2.566428E-02  3.746770E-03  1.099064E+01
 3.017500E+02  1.246929E-01  2.595781E-02  3.778569E-03  1.099005E+01
 3.020000E+02  1.256405E-01  2.625423E-02  3.810585E-03  1.098945E+01
 3.022500E+02  1.265937E-01  2.655356E-02  3.842820E-03  1.098885E+01
 3.025000E+02  1.275527E-01  2.685582E-02  3.875275E-03  1.098824E+01
 3.027500E+02  1.285173E-01  2.716103E-02  3.907950E-03  1.098764E+01
 3.030000E+02  1.294877E-01  2.746921E-02  3.940847E-03  1.098703E+01
 3.032500E+02  1.304639E-01  2.778040E-02  3.973966E-03  1.098642E+01
 3.035000E+02  1.314459E-01  2.809461E-02  4.007310E-03  1.098580E+01
 3.037500E+02  1.324337E-01  2.841188E-02  4.040879E-03  1.098518E+01
 3.040000E+02  1.334273E-01  2.873221E-02  4.074673E-03  1.098456E+01
 3.042500E+02  1.344267E-01  2.905565E-02  4.108696E-03  1.098394E+01
 3.045000E+02  1.354321E-01  2.938220E-02  4.142946E-03  1.098331E+01
 3.047500E+02  1.364434E-01  2.971191E-02  4.177426E-03  1.098268E+01
 3.050000E+02  1.374606E-01  3.004479E-02  4.212137E-03  1.098205E+01
 3.052500E+02  1.384838E-01  3.038086E-02  4.247079E-03  1.098142E+01
 3.055000E+02  1.395129E-01  3.072016E-02  4.282254E-03  1.098078E+01
 3.057500E+02  1.405481E-01  3.106271E-02  4.317664E-03  1.098014E+01
 3.060000E+02  1.415893E-01  3.140853E-02  4.353308E-03  1.097950E+01
 3.062500E+02  1.426365E-01  3.175766E-02  4.389189E-03  1.097885E+01
 3.065000E+02  1.436899E-01  3.211011E-02  4.425307E-03  1.097820E+01
 3.067500E+02  1.447493E-01  3.246591E-02  4.461663E-03  1.097755E+01
 3.070000E+02  1.458149E-01  3.282508E-02  4.498260E-03  1.097690E+01
 3.072500E+02  1.468866E-01  3.318767E-02  4.535097E-03  1.097624E+01
 3.075000E+02  1.479646E-01  3.355368E-02  4.572176E-03  1.097558E+01
 3.077500E+02  1.490487E-01  3.392315E-02  4.609499E-03  1.097491E+01
 3.080000E+02  1.501391E-01  3.429611E-02  4.647065E-03  1.097425E+01
 3.082500E+02  1.512357E-01  3.467258E-02  4.684877E-03  1.097358E+01
 3.085000E+02  1.523386E-01  3.505259E-02  4.722936E-03  1.097290E+01
 3.087500E+02  1.534478E-01  3.543616E-02  4.761243E-03  1.097223E+01
 3.090000E+02  1.545634E-01  3.582333E-02  4.799798E-03  1.097155E+01
 3.092500E+02  1.556853E-01  3.621411E-02  4.838604E-03  1.097087E+01
 3.095000E+02  1.568136E-01  3.660855E-02  4.877661E-03  1.097018E+01
 3.097500E+02  1.579484E-01  3.700667E-02  4.916971E-03  1.096949E+01
 3.100000E+02  1.590895E-01  3.740848E-02  4.956534E-03  1.096880E+01
 3.102500E+02  1.602372E-01  3.781404E-02  4.996352E-03  1.096810E+01
 3.105000E+02  1.613913E-01  3.822335E-02  5.036426E-03  1.096741E+01
 3.107500E+02  1.625519E-01  3.863646E-02  5.076757E-03  1.096670E+01
 3.110000E+02  1.637191E-01  3.905338E-02  5.117347E-03  1.096600E+01
 3.112500E+02  1.648928E-01  3.947416E-02  5.158197E-03  1.096529E+01
 3.115000E+02  1.660732E-01  3.989881E-02  5.199307E-03  1.096458E+01
 3.117500E+02  1.672601E-01  4.032737E-02  5.240679E-03  1.096386E+01
 3.120000E+02  1.684537E-01  4.075986E-02  5.282315E-03  1.096315E+01
 3.122500E+02  1.696540E-01  4.119632E-02  5.324215E-03  1.096242E+01
 3.125000E+02  1.708610E-01  4.163678E-02  5.366380E-03  1.096170E+01
 3.127500E+02  1.720747E-01  4.208126E-02  5.408813E-03  1.096097E+01
 3.130000E+02  1.732951E-01  4.252979E-02  5.451513E-03  1.096024E+01
 3.132500E+02  1.745223E-01  4.298242E-02  5.494483E-03  1.095950E+01
 3.135000E+02  1.757564E-01  4.343916E-02  5.537724E-03  1.095877E+01
 3.137500E+02  1.769972E-01  4.390005E-02  5.581236E-03  1.095802E+01
 3.140000E+02  1.782449E-01  4.436511E-02  5.625021E-03  1.095728E+01
 3.142500E+02  1.794996E-01  4.483439E-02  5.669080E-03  1.095653E+01
 3.145000E+02  1.807611E-01  4.530790E-02  5.713415E-03  1.095578E+01
 3.147500E+02  1.820295E-01  4.578569E-02  5.758026E-03  1.095502E+01
 3.150000E+02  1.833049E-01  4.626778E-02  5.802916E-03  1.095426E+01
 3.152500E+02  1.845874E-01  4.675421E-02  5.848084E-03  1.095350E+01
 3.155000E+02  1.858768E-01  4.724500E-02  5.893533E-03  1.095273E+01
 3.157500E+02  1.871733E-01  4.774019E-02  5.939264E-03  1.095196E+01
 3.160000E+02  1.884768E-01  4.823981E-02  5.985277E-03  1.095118E+01
 3.162500E+02  1.897875E-01  4.874390E-02  6.031575E-03  1.095040E+01
 3.165000E+02  1.911053E-01  4.925248E-02  6.078158E-03  1.094962E+01
 3.167500E+02  1.924302E-01  4.976560E-02  6.125028E-03  1.094884E+01
 3.170000E+02  1.937623E-01  5.028327E-02  6.172185E-03  1.094805E+01
 3.172500E+02  1.951017E-01  5.080554E-02  6.219632E-03  1.094725E+01
 3.175000E+02  1.964482E-01  5.133244E-02  6.267370E-03  1.094646E+01
 3.177500E+02  1.978021E-01  5.186400E-02  6.315399E-03  1.094566E+01
 3.180000E+02  1.991632E-01  5.240026E-02  6.363721E-03  1.094485E+01
 3.182500E+02  2.005316E-01  5.294125E-02  6.412337E-03  1.094404E+01
 3.185000E+02  2.019074E-01  5.348700E-02  6.461249E-03  1.094323E+01
 3.187500E+02  2.032906E-01  5.403755E-02  6.510458E-03  1.094241E+01
 3.190000E+02  2.046812E-01  5.459293E-02  6.559965E-03  1.094159E+01
 3.192500E+02  2.060792E-01  5.515318E-02  6.609772E-03  1.094077E+01
 3.195000E+02  2.074847E-01  5.571833E-02  6.659879E-03  1.093994E+01
 3.197500E+02  2.088976E-01  5.628842E-02  6.710288E-03  1.093911E+01
 3.200000E+02  2.103181E-01  5.686348E-02  6.761001E-03  1.093827E+01
 3.202500E+02  2.117461E-01  5.744355E-02  6.812018E-03  1.093743E+01
 3.205000E+02  2.131817E-01  5.802866E-02  6.863341E-03  1.093659E+01
 3.207500E+02  2.146249E-01  5.861885E-02  6.914971E-03  1.093574E+01
 3.210000E+02  2.160758E-01  5.921416E-02  6.966910E-03  1.093489E+01
 3.212500E+02  2.175343E-01  5.981462E-02  7.019159E-03  1.093403E+01
 3.215000E+02  2.190004E-01  6.042026E-02  7.071719E-03  1.093317E+01
 3.217500E+02  2.204743E-01  6.103114E-02  7.124591E-03  1.093231E+01
 3.220000E+02  2.219560E-01  6.164727E-02  7.177777E-03  1.093144E+01
 3.222500E+02  2.234454E-01  6.226870E-02  7.231278E-03  1.093056E+01
 3.225000E+02  2.249426E-01  6.289546E-02  7.285096E-03  1.092969E+01
 3.227500E+02  2.264476E-01  6.352760E-02  7.339232E-03  1.092880E+01
 3.230000E+02  2.279606E-01  6.416515E-02  7.393686E-03  1.092792E+01
 3.232500E+02  2.294814E-01  6.480815E-02  7.448461E-03  1.092703E+01
 3.235000E+02  2.310101E-01  6.545663E-02  7.503558E-03  1.092613E+01
 3.237500E+02  2.325467E-01  6.611063E-02  7.558978E-03  1.092523E+01
 3.240000E+02  2.340914E-01  6.677020E-02  7.614722E-03  1.092433E+01
 3.242500E+02  2.356440E-01  6.743537E-02  7.670793E-03  1.092342E+01
 3.245000E+02  2.372047E-01  6.810618E-02  7.727190E-03  1.092251E+01
 3.247500E+02  2.387735E-01  6.878267E-02  7.783916E-03  1.092159E+01
 3.250000E+02  2.403503E-01  6.946487E-02  7.840972E-03  1.092067E+01
 3.252500E+02  2.419353E-01  7.015284E-02  7.898358E-03  1.091974E+01
 3.255000E+02  2.435284E-01  7.084660E-02  7.956078E-03  1.091881E+01
 3.257500E+02  2.451297E-01  7.154619E-02  8.014131E-03  1.091788E+01
 3.260000E+02  2.467393E-01  7.225167E-02  8.072520E-03  1.091694E+01
 3.262500E+02  2.483571E-01  7.296306E-02  8.131245E-03  1.091600E+01
 3.265000E+02  2.499831E-01  7.368040E-02  8.190309E-03  1.091505E+01
 3.267500E+02  2.516175E-01  7.440375E-02  8.249712E-03  1.091409E+01
 3.270000E+02  2.532601E-01  7.513313E-02  8.309455E-03  1.091313E+01
 3.272500E+02  2.549112E-01  7.586859E-02  8.369541E-03  1.091217E+01
 3.275000E+02  2.565706E-01  7.661018E-02  8.429970E-03  1.091120E+01
 3.277500E+02  2.582385E-01  7.735792E-02  8.490744E-03  1.091023E+01
 3.280000E+02  2.599149E-01  7.811187E-02  8.551865E-03  1.090925E+01
 3.282500E+02  2.615997E-01  7.887207E-02  8.613333E-03  1.090827E+01
 3.285000E+02  2.632930E-01  7.963855E-02  8.675150E-03  1.090729E+01
 3.287500E+02  2.649949E-01  8.041137E-02  8.737318E-03  1.090629E+01
 3.290000E+02  2.667054E-01  8.119055E-02  8.799837E-03  1.090530E+01
 3.292500E+02  2.684244E-01  8.197616E-02  8.862710E-03  1.090430E+01
 3.295000E+02  2.701521E-01  8.276822E-02  8.925937E-03  1.090329E+01
 3.297500E+02  2.718885E-01  8.356678E-02  8.989521E-03  1.090228E+01
 3.300000E+02  2.736336E-01  8.437189E-02  9.053462E-03  1.090126E+01
 3.302500E+02  2.753874E-01  8.518359E-02  9.117762E-03  1.090024E+01
 3.305000E+02  2.771500E-01  8.600191E-02  9.182422E-03  1.089921E+01
 3.307500E+02  2.789214E-01  8.682692E-02  9.247444E-03  1.089818E+01
 3.310000E+02  2.807016E-01  8.765865E-02  9.312829E-03  1.089714E+01
 3.312500E+02  2.824907E-01  8.849714E-02  9.378579E-03  1.089610E+01
 3.315000E+02  2.842886E-01  8.934244E-02  9.444694E-03  1.089506E+01
 3.317500E+02  2.860955E-01  9.019460E-02  9.511177E-03  1.089400E+01
 3.320000E+02  2.879114E-01  9.105365E-02  9.578029E-03  1.089295E+01
 3.322500E+02  2.897362E-01  9.191966E-02  9.645251E-03  1.089188E+01
 3.325000E+02  2.915700E-01  9.279265E-02  9.712845E-03  1.089081E+01
 3.327500E+02  2.934129E-01  9.367268E-02  9.780812E-03  1.088974E+01
 3.330000E+02  2.952649E-01  9.455980E-02  9.849153E-03  1.088866E+01
 3.332500E+02  2.971260E-01  9.545404E-02  9.917871E-03  1.088758E+01
 3.335000E+02  2.989962E-01  9.635546E-02  9.986966E-03  1.088649E+01
 3.337500E+02  3.008756E-01  9.726410E-02  1.005644E-02  1.088539E+01
 3.340000E+02  3.027642E-01  9.818001E-02  1.012629E-02  1.088429E+01
 3.342500E+02  3.046621E-01  9.910324E-02  1.019653E-02  1.088319E+01
 3.345000E+02  3.065693E-01  1.000338E-01  1.026715E-02  1.088208E+01
 3.347500E+02  3.084857E-01  1.009718E-01  1.033815E-02  1.088096E+01
 3.350000E+02  3.104115E-01  1.019173E-01  1.040954E-02  1.087984E+01
 3.352500E+02  3.123467E-01  1.028703E-01  1.048132E-02  1.087871E+01
 3.355000E+02  3.142912E-01  1.038308E-01  1.055349E-02  1.087758E+01
 3.357500E+02  3.162452E-01  1.047989E-01  1.062604E-02  1.087644E+01
 3.360000E+02  3.182087E-01  1.057747E-01  1.069899E-02  1.087529E+01
 3.362500E+02  3.201817E-01  1.067582E-01  1.077234E-02  1.087414E+01
 3.365000E+02  3.221642E-01  1.077495E-01  1.084607E-02  1.087299E+01
 3.367500E+02  3.241563E-01  1.087485E-01  1.092021E-02  1.087182E+01
 3.370000E+02  3.261580E-01  1.097554E-01  1.099474E-02  1.087065E+01
 3.372500E+02  3.281694E-01  1.107702E-01  1.106967E-02  1.086948E+01
 3.375000E+02  3.301904E-01  1.117930E-01  1.114500E-02  1.086830E+01
 3.377500E+02  3.322211E-01  1.128237E-01  1.122074E-02  1.086712E+01
 3.380000E+02  3.342616E-01  1.138625E-01  1.129688E-02  1.086592E+01
 3.382500E+02  3.363118E-01  1.149094E-01  1.137342E-02  1.086473E+01
 3.385000E+02  3.383719E-01  1.159645E-01  1.145037E-02  1.086352E+01
 3.387500E+02  3.404418E-01  1.170278E-01  1.152773E-02  1.086231E+01
 3.390000E+02  3.425215E-01  1.180993E-01  1.160550E-02  1.086110E+01
 3.392500E+02  3.446112E-01  1.191792E-01  1.168368E-02  1.085988E+01
 3.395000E+02  3.467108E-01  1.202674E-01  1.176227E-02  1.085865E+01
 3.397500E+02  3.488204E-01  1.213640E-01  1.184128E-02  1.085742E+01
 3.400000E+02  3.509400E-01  1.224691E-01  1.192070E-02  1.085618E+01
 3.402500E+02  3.530697E-01  1.235827E-01  1.200054E-02  1.085493E+01
 3.405000E+02  3.552094E-01  1.247049E-01  1.208080E-02  1.085368E+01
 3.407500E+02  3.573593E-01  1.258357E-01  1.216148E-02  1.085242E+01
 3.410000E+02  3.595193E-01  1.269752E-01  1.224258E-02  1.085115E+01
 3.412500E+02  3.616895E-01  1.281234E-01  1.232411E-02  1.084988E+01
 3.415000E+02  3.638699E-01  1.292805E-01  1.240606E-02  1.084860E+01
 3.417500E+02  3.660606E-01  1.304463E-01  1.248843E-02  1.084732E+01
 3.420000E+02  3.682616E-01  1.316211E-01  1.257124E-02  1.084603E+01
 3.422500E+02  3.704728E-01  1.328048E-01  1.265447E-02  1.084473E+01
 3.425000E+02  3.726945E-01  1.339976E-01  1.273814E-02  1.084343E+01
 3.427500E+02  3.749266E-01  1.351994E-01  1.282223E-02  1.084212E+01
 3.430000E+02  3.771691E-01  1.364103E-01  1.290677E-02  1.084080E+01
 3.432500E+02  3.794220E-01  1.376304E-01  1.299173E-02  1.083948E+01
 3.435000E+02  3.816855E-01  1.388597E-01  1.307714E-02  1.083815E+01
 3.437500E+02  3.839595E-01  1.400983E-01  1.316298E-02  1.083681E+01
 3.440000E+02  3.862441E-01  1.413463E-01  1.324926E-02  1.083547E+01
 3.442500E+02  3.885393E-01  1.426037E-01  1.333599E-02  1.083412E+01
 3.445000E+02  3.908452E-01  1.438705E-01  1.342316E-02  1.083276E+01
 3.447500E+02  3.931617E-01  1.451469E-01  1.351077E-02  1.083140E+01
 3.450000E+02  3.954890E-01  1.464328E-01  1.359883E-02  1.083003E+01
 3.452500E+02  3.978270E-01  1.477284E-01  1.368734E-02  1.082865E+01
 3.455000E+02  4.001758E-01  1.490336E-01  1.377629E-02  1.082727E+01
 3.457500E+02  4.025355E-01  1.503486E-01  1.386570E-02  1.082588E+01
 3.460000E+02  4.049060E-01  1.516735E-01  1.395556E-02  1.082448E+01
 3.462500E+02  4.072874E-01  1.530082E-01  1.404588E-02  1.082307E+01
 3.465000E+02  4.096798E-01  1.543528E-01  1.413665E-02  1.082166E+01
 3.467500E+02  4.120832E-01  1.557074E-01  1.422788E-02  1.082024E+01
 3.470000E+02  4.144975E-01  1.570721E-01  1.431957E-02  1.081882E+01
 3.472500E+02  4.169230E-01  1.584469E-01  1.441172E-02  1.081738E+01
 3.475000E+02  4.193595E-01  1.598318E-01  1.450433E-02  1.081594E+01
 3.477500E+02  4.218072E-01  1.612270E-01  1.459740E-02  1.081449E+01
 3.480000E+02  4.242660E-01  1.626325E-01  1.469094E-02  1.081304E+01
 3.482500E+02  4.267360E-01  1.640483E-01  1.478495E-02  1.081158E+01
 3.485000E+02  4.292173E-01  1.654745E-01  1.487942E-02  1.081011E+01
 3.487500E+02  4.317099E-01  1.669113E-01  1.497436E-02  1.080863E+01
 3.490000E+02  4.342138E-01  1.683585E-01  1.506978E-02  1.080715E+01
 3.492500E+02  4.367290E-01  1.698164E-01  1.516567E-02  1.080565E+01
 3.495000E+02  4.392556E-01  1.712849E-01  1.526203E-02  1.080415E+01
 3.497500E+02  4.417937E-01  1.727642E-01  1.535887E-02  1.080265E+01
 3.500000E+02  4.443433E-01  1.742542E-01  1.545619E-02  1.080113E+01
 3.502500E+02  4.469043E-01  1.757552E-01  1.555399E-02  1.079961E+01
 3.505000E+02  4.494770E-01  1.772670E-01  1.565227E-02  1.079808E+01
 3.507500E+02  4.520612E-01  1.787898E-01  1.575103E-02  1.079654E+01
 3.510000E+02  4.546570E-01  1.803237E-01  1.585028E-02  1.079500E+01
 3.512500E+02  4.572645E-01  1.818686E-01  1.595001E-02  1.079344E+01
 3.515000E+02  4.598838E-01  1.834248E-01  1.605023E-02  1.079188E+01
 3.517500E+02  4.625147E-01  1.849922E-01  1.615094E-02  1.079032E+01
 3.520000E+02  4.651575E-01  1.865709E-01  1.625214E-02  1.078874E+01
 3.522500E+02  4.678121E-01  1.881610E-01  1.635383E-02  1.078715E+01
 3.525000E+02  4.704786E-01  1.897626E-01  1.645602E-02  1.078556E+01
 3.527500E+02  4.731569E-01  1.913756E-01  1.655870E-02  1.078396E+01
 3.530000E+02  4.758472E-01  1.930002E-01  1.666188E-02  1.078235E+01
 3.532500E+02  4.785496E-01  1.946365E-01  1.676556E-02  1.078074E+01
 3.535000E+02  4.812639E-01  1.962845E-01  1.686974E-02  1.077911E+01
 3.537500E+02  4.839903E-01  1.979442E-01  1.697442E-02  1.077748E+01
 3.540000E+02  4.867288E-01  1.996158E-01  1.707960E-02  1.077584E+01
 3.542500E+02  4.894795E-01  2.012993E-01  1.718529E-02  1.077419E+01
 3.545000E+02  4.922423E-01  2.029948E-01  1.729149E-02  1.077253E+01
 3.547500E+02  4.950174E-01  2.047024E-01  1.739820E-02  1.077087E+01
 3.550000E+02  4.978048E-01  2.064220E-01  1.750541E-02  1.076919E+01
 3.552500E+02  5.006045E-01  2.081539E-01  1.761314E-02  1.076751E+01
 3.555000E+02  5.034165E-01  2.098980E-01  1.772138E-02  1.076582E+01
 3.557500E+02  5.062410E-01  2.116545E-01  1.783014E-02  1.076412E+01
 3.560000E+02  5.090778E-01  2.134233E-01  1.793941E-02  1.076241E+01
 3.562500E+02  5.119272E-01  2.152047E-01  1.804920E-02  1.076070E+01
 3.565000E+02  5.147891E-01  2.169986E-01  1.815952E-02  1.075897E+01
 3.567500E+02  5.176635E-01  2.188051E-01  1.827035E-02  1.075724E+01
 3.570000E+02  5.205506E-01  2.206242E-01  1.838171E-02  1.075550E+01
 3.572500E+02  5.234503E-01  2.224562E-01  1.849359E-02  1.075375E+01
 3.575000E+02  5.263627E-01  2.243009E-01  1.860600E-02  1.075199E+01
 3.577500E+02  5.292878E-01  2.261586E-01  1.871894E-02  1.075022E+01
 3.580000E+02  5.322257E-01  2.280293E-01  1.883240E-02  1.074844E+01
 3.582500E+02  5.351765E-01  2.299130E-01  1.894640E-02  1.074666E+01
 3.585000E+02  5.381401E-01  2.318098E-01  1.906094E-02  1.074486E+01
 3.587500E+02  5.411166E-01  2.337198E-01  1.917600E-02  1.074306E+01
 3.590000E+02  5.441060E-01  2.356431E-01  1.929161E-02  1.074124E+01
 3.592500E+02  5.471085E-01  2.375798E-01  1.940775E-02  1.073942E+01
 3.595000E+02  5.501240E-01  2.395299E-01  1.952443E-02  1.073759E+01
 3.597500E+02  5.531526E-01  2.414934E-01  1.964166E-02  1.073575E+01
 3.600000E+02  5.561943E-01  2.434706E-01  1.975943E-02  1.073390E+01
 3.602500E+02  5.592491E-01  2.454614E-01  1.987774E-02  1.073204E+01
 3.605000E+02  5.623172E-01  2.474659E-01  1.999660E-02  1.073017E+01
 3.607500E+02  5.653986E-01  2.494842E-01  2.011601E-02  1.072830E+01
 3.610000E+02  5.684932E-01  2.515164E-01  2.023596E-02  1.072641E+01
 3.612500E+02  5.716012E-01  2.535625E-01  2.035647E-02  1.072451E+01
 3.615000E+02  5.747226E-01  2.556227E-01  2.047754E-02  1.072261E+01
 3.617500E+02  5.778574E-01  2.576970E-01  2.059915E-02  1.072069E+01
 3.620000E+02  5.810057E-01  2.597855E-01  2.072133E-02  1.071877E+01
 3.622500E+02  5.841675E-01  2.618883E-01  2.084406E-02  1.071683E+01
 3.625000E+02  5.873429E-01  2.640054E-01  2.096736E-02  1.071489E+01
 3.627500E+02  5.905320E-01  2.661369E-01  2.109121E-02  1.071293E+01
 3.630000E+02  5.937346E-01  2.682829E-01  2.121563E-02  1.071097E+01
 3.632500E+02  5.969510E-01  2.704435E-01  2.134061E-02  1.070900E+01
 3.635000E+02  6.001812E-01  2.726188E-01  2.146616E-02  1.070702E+01
 3.637500E+02  6.034252E-01  2.748088E-01  2.159228E-02  1.070502E+01
 3.640000E+02  6.066830E-01  2.770137E-01  2.171897E-02  1.070302E+01
 3.642500E+02  6.099547E-01  2.792335E-01  2.184623E-02  1.070101E+01
 3.645000E+02  6.132403E-01  2.814682E-01  2.197407E-02  1.069898E+01
 3.647500E+02  6.165399E-01  2.837180E-01  2.210248E-02  1.069695E+01
 3.650000E+02  6.198536E-01  2.859830E-01  2.223147E-02  1.069491E+01
 3.652500E+02  6.231814E-01  2.882632E-01  2.236103E-02  1.069285E+01
 3.655000E+02  6.265233E-01  2.905588E-01  2.249118E-02  1.069079E+01
 3.657500E+02  6.298793E-01  2.928697E-01  2.262191E-02  1.068872E+01
 3.660000E+02  6.332496E-01  2.951961E-01  2.275322E-02  1.068663E+01
 3.662500E+02  6.366342E-01  2.975381E-01  2.288512E-02  1.068454E+01
 3.665000E+02  6.400331E-01  2.998957E-01  2.301760E-02  1.068243E+01
 3.667500E+02  6.434463E-01  3.022691E-01  2.315068E-02  1.068032E+01
 3.670000E+02  6.468740E-01  3.046583E-01  2.328434E-02  1.067819E+01
 3.672500E+02  6.503161E-01  3.070634E-01  2.341860E-02  1.067606E+01
 3.675000E+02  6.537728E-01  3.094846E-01  2.355345E-02  1.067391E+01
 3.677500E+02  6.572440E-01  3.119217E-01  2.368890E-02  1.067175E+01
 3.680000E+02  6.607299E-01  3.143751E-01  2.382494E-02  1.066958E+01
 3.682500E+02  6.642304E-01  3.168447E-01  2.396158E-02  1.066741E+01
 3.685000E+02  6.677456E-01  3.193307E-01  2.409883E-02  1.066522E+01
 3.687500E+02  6.712756E-01  3.218331E-01  2.423667E-02  1.066301E+01
 3.690000E+02  6.748203E-01  3.243520E-01  2.437513E-02  1.066080E+01
 3.692500E+02  6.783800E-01  3.268875E-01  2.451418E-02  1.065858E+01
 3.695000E+02  6.819546E-01  3.294397E-01  2.465385E-02  1.065635E+01
 3.697500E+02  6.855441E-01  3.320086E-01  2.479412E-02  1.065410E+01
 3.700000E+02  6.891486E-01  3.345945E-01  2.493501E-02  1.065185E+01
 3.702500E+02  6.927682E-01  3.371973E-01  2.507651E-02  1.064958E+01
 3.705000E+02  6.964030E-01  3.398172E-01  2.521862E-02  1.064730E+01
 3.707500E+02  7.000529E-01  3.424542E-01  2.536135E-02  1.064501E+01
 3.710000E+02  7.037180E-01  3.451084E-01  2.550470E-02  1.064271E+01
 3.712500E+02  7.073983E-01  3.477800E-01  2.564866E-02  1.064040E+01
 3.715000E+02  7.110940E-01  3.504690E-01  2.579325E-02  1.063808E+01
 3.717500E+02  7.148051E-01  3.531755E-01  2.593846E-02  1.063574E+01
 3.720000E+02  7.185316E-01  3.558996E-01  2.608430E-02  1.063339E+01
 3.722500E+02  7.222736E-01  3.586414E-01  2.623077E-02  1.063104E+01
 3.725000E+02  7.260311E-01  3.614009E-01  2.637786E-02  1.062867E+01
 3.727500E+02  7.298042E-01  3.641784E-01  2.652558E-02  1.062628E+01
 3.730000E+02  7.335929E-01  3.669738E-01  2.667393E-02  1.062389E+01
 3.732500E+02  7.373973E-01  3.697873E-01  2.682292E-02  1.062149E+01
 3.735000E+02  7.412175E-01  3.726189E-01  2.697254E-02  1.061907E+01
 3.737500E+02  7.450534E-01  3.754688E-01  2.712280E-02  1.061664E+01
 3.740000E+02  7.489052E-01  3.783371E-01  2.727370E-02  1.061420E+01
 3.742500E+02  7.527729E-01  3.812238E-01  2.742524E-02  1.061175E+01
 3.745000E+02  7.566566E-01  3.841291E-01  2.757742E-02  1.060928E+01
 3.747500E+02  3.259930E-02  2.428957E-05  2.547861E-09  2.089063E-12
 3.750000E+02  3.257746E-02  2.421908E-05  2.523427E-09  2.038014E-12
 3.752500E+02  3.255566E-02  2.414889E-05  2.499261E-09  1.988279E-12
 3.755000E+02  3.253389E-02  2.407900E-05  2.475358E-09  1.939823E-12
 3.757500E+02  3.251215E-02  2.400940E-05  2.451716E-09  1.892611E-12
 3.760000E+02  3.249043E-02  2.394011E-05  2.428331E-09  1.846610E-12
 3.762500E+02  3.246874E-02  2.387111E-05  2.405201E-09  1.801788E-12
 3.765000E+02  3.244709E-02  2.380240E-05  2.382322E-09  1.758112E-12
 3.767500E+02  3.242546E-02  2.373398E-05  2.359691E-09  1.715552E-12
 3.770000E+02  3.240386E-02  2.366585E-05  2.337305E-09  1.674078E-12
 3.772500E+02  3.238229E-02  2.359802E-05  2.315162E-09  1.633661E-12
 3.775000E+02  3.236075E-02  2.353047E-05  2.293258E-09  1.594272E-12
 3.777500E+02  3.233923E-02  2.346320E-05  2.271590E-09  1.555884E-12
 3.780000E+02  3.231775E-02  2.339622E-05  2.250156E-09  1.518471E-12
 3.782500E+02  3.229629E-02  2.332952E-05  2.228952E-09  1.482006E-12
 3.785000E+02  3.227487E-02  2.326310E-05  2.207977E-09  1.446465E-12
 3.787500E+02  3.225347E-02  2.319696E-05  2.187227E-09  1.411822E-12
 3.790000E+02  3.223209E-02  2.313110E-05  2.166699E-09  1.378054E-12
 3.792500E+02  3.221075E-02  2.306552E-05  2.146392E-09  1.345137E-12
 3.795000E+02  3.218944E-02  2.300021E-05  2.126301E-09  1.313050E-12
 3.797500E+02  3.216815E-02  2.293518E-05  2.106426E-09  1.281769E-12
 3.800000E+02  3.214689E-02  2.287041E-05  2.086762E-09  1.251275E-12
 3.802500E+02  3.212566E-02  2.280592E-05  2.067308E-09  1.221545E-12
 3.805000E+02  3.210446E-02  2.274170E-05  2.048062E-09  1.192561E-12
 3.807500E+02  3.208329E-02  2.267774E-05  2.029020E-09  1.164302E-12
 3.810000E+02  3.206214E-02  2.261405E-05  2.010180E-09  1.136749E-12
 3.812500E+02  3.204102E-02  2.255063E-05  1.991540E-09  1.109884E-12
 3.815000E+02  3.201993E-02  2.248747E-05  1.973098E-09  1.083688E-12
 3.817500E+02  3.199887E-02  2.242457E-05  1.954850E-09  1.058145E-12
 3.820000E+02  3.197783E-02  2.236194E-05  1.936796E-09  1.033236E-12
 3.822500E+02  3.195682E-02  2.229956E-05  1.918932E-09  1.008947E-12
 3.825000E+02  3.193584E-02  2.223744E-05  1.901256E-09  9.852595E-13
 3.827500E+02  3.191489E-02  2.217558E-05  1.883767E-09  9.621589E-13
 3.830000E+02  3.189397E-02  2.211397E-05  1.866461E-09  9.396297E-13
 3.832500E+02  3.187307E-02  2.205262E-05  1.849338E-09  9.176572E-13
 3.835000E+02  3.185220E-02  2.199152E-05  1.832394E-09  8.962267E-13
 3.837500E+02  3.183136E-02  2.193067E-05  1.815627E-09  8.753244E-13
 3.840000E+02  3.181054E-02  2.187007E-05  1.799036E-09  8.549365E-13
 3.842500E+02  3.178975E-02  2.180973E-05  1.782618E-09  8.350497E-13
 3.845000E+02  3.176899E-02  2.174962E-05  1.766372E-09  8.156511E-13
 3.847500E+02  3.174826E-02  2.168977E-05  1.750295E-09  7.967281E-13
 3.850000E+02  3.172755E-02  2.163016E-05  1.734385E-09  7.782684E-13
 3.852500E+02  3.170687E-02  2.157079E-05  1.718641E-09  7.602601E-13
 3.855000E+02  3.168621E-02  2.151167E-05  1.703061E-09  7.426916E-13
 3.857500E+02  3.166559E-02  2.145279E-05  1.687642E-09  7.255517E-13
 3.860000E+02  3.164499E-02  2.139415E-05  1.672383E-09  7.088293E-13
 3.862500E+02  3.162442E-02  2.133574E-05  1.657282E-09  6.925138E-13
 3.865000E+02  3.160387E-02  2.127758E-05  1.642337E-09  6.765947E-13
 3.867500E+02  3.158335E-02  2.121965E-05  1.627546E-09  6.610619E-13
 3.870000E+02  3.156286E-02  2.116196E-05  1.612908E-09  6.459056E-13
 3.872500E+02  3.154239E-02  2.110450E-05  1.598421E-09  6.311162E-13
 3.875000E+02  3.152195E-02  2.104727E-05  1.584082E-09  6.166843E-13
 3.877500E+02  3.150154E-02  2.099027E-05  1.569891E-09  6.026009E-13
 3.880000E+02  3.148115E-02  2.093351E-05  1.555846E-09  5.888571E-13
 3.882500E+02  3.146079E-02  2.087697E-05  1.541944E-09  5.754444E-13
 3.885000E+02  3.144046E-02  2.082066E-05  1.528185E-09  5.623542E-13
 3.887500E+02  3.142015E-02  2.076458E-05  1.514567E-09  5.495785E-13
 3.890000E+02  3.139987E-02  2.070873E-05  1.501087E-09  5.371093E-13
 3.892500E+02  3.137961E-02  2.065310E-05  1.487746E-09  5.249390E-13
 3.895000E+02  3.135938E-02  2.059769E-05  1.474540E-09  5.130599E-13
 3.897500E+02  3.133918E-02  2.054251E-05  1.461468E-09  5.014647E-13
 3.900000E+02  3.131900E-02  2.048754E-05  1.448529E-09  4.901464E-13
 3.902500E+02  3.129885E-02  2.043280E-05  1.435722E-09  4.790978E-13
 3.905000E+02  3.127872E-02  2.037827E-05  1.423044E-09  4.683124E-13
 3.907500E+02  3.125862E-02  2.032397E-05  1.410495E-09  4.577835E-13
 3.910000E+02  3.123855E-02  2.026988E-05  1.398073E-09  4.475047E-13
 3.912500E+02  3.121850E-02  2.021600E-05  1.385776E-09  4.374697E-13
 3.915000E+02  3.119848E-02  2.016234E-05  1.373603E-09  4.276724E-13
 3.917500E+02  3.117848E-02  2.010889E-05  1.361553E-09  4.181070E-13
 3.920000E+02  3.115851E-02  2.005566E-05  1.349625E-09  4.087676E-13
 3.922500E+02  3.113857E-02  2.000264E-05  1.337816E-09  3.996487E-13
 3.925000E+02  3.111865E-02  1.994982E-05  1.326125E-09  3.907448E-13
 3.927500E+02  3.109875E-02  1.989722E-05  1.314552E-09  3.820505E-13
 3.930000E+02  3.107888E-02  1.984483E-05  1.303095E-09  3.735606E-13
 3.932500E+02  3.105904E-02  1.979264E-05  1.291753E-09  3.652701E-13
 3.935000E+02  3.103922E-02  1.974066E-05  1.280524E-09  3.571741E-13
 3.937500E+02  3.101943E-02  1.968888E-05  1.269407E-09  3.492677E-13
 3.940000E+02  3.099966E-02  1.963731E-05  1.258401E-09  3.415464E-13
 3.942500E+02  3.097992E-02  1.958594E-05  1.247504E-09  3.340055E-13
 3.945000E+02  3.096020E-02  1.953477E-05  1.236716E-09  3.266405E-13
 3.947500E+02  3.094051E-02  1.948380E-05  1.226035E-09  3.194473E-13
 3.950000E+02  3.092084E-02  1.943303E-05  1.215459E-09  3.124215E-13
 3.952500E+02  3.090120E-02  1.938247E-05  1.204989E-09  3.055591E-13
 3.955000E+02  3.088158E-02  1.933210E-05  1.194622E-09  2.988560E-13
 3.957500E+02  3.086199E-02  1.928192E-05  1.184358E-09  2.923084E-13
 3.960000E+02  3.084242E-02  1.923195E-05  1.174195E-09  2.859125E-13
 3.962500E+02  3.082288E-02  1.918217E-05  1.164133E-09  2.796646E-13
 3.965000E+02  3.080336E-02  1.913258E-05  1.154169E-09  2.735611E-13
 3.967500E+02  3.078386E-02  1.908318E-05  1.144304E-09  2.675984E-13
 3.970000E+02  3.076439E-02  1.903398E-05  1.134535E-09  2.617731E-13
 3.972500E+02  3.074495E-02  1.898497E-05  1.124862E-09  2.560820E-13
 3.975000E+02  3.072553E-02  1.893615E-05  1.115285E-09  2.505217E-13
 3.977500E+02  3.070614E-02  1.888752E-05  1.105800E-09  2.450891E-13
 3.980000E+02  3.068676E-02  1.883907E-05  1.096409E-09  2.397812E-13
 3.982500E+02  3.066742E-02  1.879082E-05  1.087110E-09  2.345948E-13
 3.985000E+02  3.064810E-02  1.874275E-05  1.077901E-09  2.295271E-13
 3.987500E+02  3.062880E-02  1.869487E-05  1.068782E-09  2.245751E-13
 3.990000E+02  3.060953E-02  1.864717E-05  1.059751E-09  2.197363E-13
 3.992500E+02  3.059028E-02  1.859965E-05  1.050809E-09  2.150077E-13
 3.995000E+02  3.057105E-02  1.855232E-05  1.041953E-09  2.103867E-13
 3.997500E+02  3.055185E-02  1.850517E-05  1.033183E-09  2.058709E-13
 4.000000E+02  3.053267E-02  1.845821E-05  1.024499E-09  2.014576E-13
 4.002500E+02  3.051352E-02  1.841142E-05  1.015898E-09  1.971444E-13
 4.005000E+02  3.049439E-02  1.836481E-05  1.007380E-09  1.929289E-13
 4.007500E+02  3.047529E-02  1.831838E-05  9.989448E-10  1.888088E-13
 4.010000E+02  3.045621E-02  1.827213E-05  9.905907E-10  1.847818E-13
 4.012500E+02  3.043715E-02  1.822605E-05  9.823171E-10  1.808457E-13
 4.015000E+02  3.041812E-02  1.818015E-05  9.741231E-10  1.769984E-13
 4.017500E+02  3.039911E-02  1.813443E-05  9.660078E-10  1.732377E-13
 4.020000E+02  3.038012E-02  1.808888E-05  9.579704E-10  1.695615E-13
 4.022500E+02  3.036116E-02  1.804350E-05  9.500100E-10  1.659680E-13
 4.025000E+02  3.034222E-02  1.799830E-05  9.421259E-10  1.624550E-13
 4.027500E+02  3.032331E-02  1.795327E-05  9.343171E-10  1.590207E-13
 4.030000E+02  3.030442E-02  1.790840E-05  9.265829E-10  1.556633E-13
 4.032500E+02  3.028555E-02  1.786371E-05  9.189226E-10  1.523810E-13
 4.035000E+02  3.026671E-02  1.781919E-05  9.113352E-10  1.491719E-13
 4.037500E+02  3.024789E-02  1.777484E-05  9.038200E-10  1.460344E-13
 4.040000E+02  3.022909E-02  1.773065E-05  8.963763E-10  1.429667E-13
 4.042500E+02  3.021032E-02  1.768663E-05  8.890033E-10  1.399673E-13
 4.045000E+02  3.019157E-02  1.764278E-05  8.817002E-10  1.370345E-13
 4.047500E+02  3.017284E-02  1.759909E-05  8.744664E-10  1.341668E-13
 4.050000E+02  3.015414E-02  1.755557E-05  8.673009E-10  1.313626E-13
 4.052500E+02  3.013546E-02  1.751221E-05  8.602032E-10  1.286205E-13
 4.055000E+02  3.011680E-02  1.746901E-05  8.531725E-10  1.259391E-13
 4.057500E+02  3.009816E-02  1.742598E-05  8.462081E-10  1.233168E-13
 4.060000E+02  3.007955E-02  1.738311E-05  8.393093E-10  1.207523E-13
 4.062500E+02  3.006096E-02  1.734039E-05  8.324754E-10  1.182444E-13
 4.065000E+02  3.004240E-02  1.729784E-05  8.257057E-10  1.157916E-13
 4.067500E+02  3.002386E-02  1.725545E-05  8.189996E-10  1.133927E-13
 4.070000E+02  3.000534E-02  1.721321E-05  8.123563E-10  1.110465E-13
 4.072500E+02  2.998684E-02  1.717113E-05  8.057752E-10  1.087517E-13
 4.075000E+02  2.996837E-02  1.712921E-05  7.992557E-10  1.065071E-13
 4.077500E+02  2.994992E-02  1.708745E-05  7.927971E-10  1.043116E-13
 4.080000E+02  2.993149E-02  1.704584E-05  7.863988E-10  1.021641E-13
 4.082500E+02  2.991308E-02  1.700438E-05  7.800601E-10  1.000634E-13
 4.085000E+02  2.989470E-02  1.696308E-05  7.737805E-10  9.800845E-14
 4.087500E+02  2.987634E-02  1.692193E-05  7.675592E-10  9.599825E-14
 4.090000E+02  2.985800E-02  1.688094E-05  7.613957E-10  9.403173E-14
 4.092500E+02  2.983968E-02  1.684009E-05  7.552894E-10  9.210791E-14
 4.095000E+02  2.982139E-02  1.679940E-05  7.492397E-10  9.022580E-14
 4.097500E+02  2.980312E-02  1.675886E-05  7.432459E-10  8.838445E-14
 4.100000E+02  2.978487E-02  1.671846E-05  7.373076E-10  8.658293E-14
 4.102500E+02  2.976665E-02  1.667822E-05  7.314242E-10  8.482033E-14
 4.105000E+02  2.974844E-02  1.663812E-05  7.255950E-10  8.309576E-14
 4.107500E+02  2.973026E-02  1.659818E-05  7.198195E-10  8.140836E-14
 4.110000E+02  2.971210E-02  1.655837E-05  7.140971E-10  7.975728E-14
 4.112500E+02  2.969397E-02  1.651872E-05  7.084274E-10  7.814170E-14
 4.115000E+02  2.967585E-02  1.647921E-05  7.028097E-10  7.656082E-14
 4.117500E+02  2.965776E-02  1.643984E-05  6.972436E-10  7.501384E-14
 4.120000E+02  2.963969E-02  1.640062E-05  6.917284E-10  7.350001E-14
 4.122500E+02  2.962164E-02  1.636154E-05  6.862637E-10  7.201856E-14
 4.125000E+02  2.960361E-02  1.632261E-05  6.808490E-10  7.056878E-14
 4.127500E+02  2.958561E-02  1.628381E-05  6.754837E-10  6.914994E-14
 4.130000E+02  2.956762E-02  1.624516E-05  6.701673E-10  6.776136E-14
 4.132500E+02  2.954966E-02  1.620665E-05  6.648993E-10  6.640234E-14
 4.135000E+02  2.953172E-02  1.616828E-05  6.596793E-10  6.507223E-14
 4.137500E+02  2.951381E-02  1.613005E-05  6.545067E-10  6.377038E-14
 4.140000E+02  2.949591E-02  1.609195E-05  6.493810E-10  6.249615E-14
 4.142500E+02  2.947804E-02  1.605400E-05  6.443019E-10  6.124893E-14
 4.145000E+02  2.946019E-02  1.601618E-05  6.392687E-10  6.002811E-14
 4.147500E+02  2.944235E-02  1.597850E-05  6.342810E-10  5.883310E-14
 4.150000E+02  2.942455E-02  1.594096E-05  6.293385E-10  5.766332E-14
 4.152500E+02  2.940676E-02  1.590355E-05  6.244405E-10  5.651822E-14
 4.155000E+02  2.938899E-02  1.586627E-05  6.195867E-10  5.539724E-14
 4.157500E+02  2.937125E-02  1.582913E-05  6.147766E-10  5.429985E-14
 4.160000E+02  2.935352E-02  1.579213E-05  6.100097E-10  5.322553E-14
 4.162500E+02  2.933582E-02  1.575526E-05  6.052857E-10  5.217375E-14
 4.165000E+02  2.931814E-02  1.571852E-05  6.006041E-10  5.114403E-14
 4.167500E+02  2.930048E-02  1.568191E-05  5.959644E-10  5.013588E-14
 4.170000E+02  2.928285E-02  1.564543E-05  5.913663E-10  4.914881E-14
 4.172500E+02  2.926523E-02  1.560909E-05  5.868093E-10  4.818236E-14
 4.175000E+02  2.924763E-02  1.557287E-05  5.822931E-10  4.723609E-14
 4.177500E+02  2.923006E-02  1.553678E-05  5.778171E-10  4.630953E-14
 4.180000E+02  2.921251E-02  1.550083E-05  5.733810E-10  4.540227E-14
 4.182500E+02  2.919497E-02  1.546500E-05  5.689844E-10  4.451387E-14
 4.185000E+02  2.917746E-02  1.542930E-05  5.646269E-10  4.364392E-14
 4.187500E+02  2.915997E-02  1.539372E-05  5.603082E-10  4.279202E-14
 4.190000E+02  2.914250E-02  1.535828E-05  5.560277E-10  4.195777E-14
 4.192500E+02  2.912506E-02  1.532295E-05  5.517852E-10  4.114079E-14
 4.195000E+02  2.910763E-02  1.528776E-05  5.475802E-10  4.034069E-14
 4.197500E+02  2.909022E-02  1.525269E-05  5.434124E-10  3.955712E-14
 4.200000E+02  2.907284E-02  1.521774E-05  5.392815E-10  3.878970E-14
 4.202500E+02  2.905547E-02  1.518292E-05  5.351869E-10  3.803809E-14
 4.205000E+02  2.903813E-02  1.514822E-05  5.311285E-10  3.730194E-14
 4.207500E+02  2.902081E-02  1.511364E-05  5.271058E-10  3.658092E-14
 4.210000E+02  2.900350E-02  1.507918E-05  5.231185E-10  3.587470E-14
 4.212500E+02  2.898622E-02  1.504485E-05  5.191662E-10  3.518296E-14
 4.215000E+02  2.896896E-02  1.501064E-05  5.152485E-10  3.450539E-14
 4.217500E+02  2.895172E-02  1.497655E-05  5.113652E-10  3.384167E-14
 4.220000E+02  2.893450E-02  1.494257E-05  5.075159E-10  3.319151E-14
 4.222500E+02  2.891730E-02  1.490872E-05  5.037002E-10  3.255462E-14
 4.225000E+02  2.890012E-02  1.487499E-05  4.999179E-10  3.193071E-14
 4.227500E+02  2.888296E-02  1.484137E-05  4.961686E-10  3.131950E-14
 4.230000E+02  2.886582E-02  1.480787E-05  4.924519E-10  3.072072E-14
 4.232500E+02  2.884870E-02  1.477449E-05  4.887676E-10  3.013410E-14
 4.235000E+02  2.883161E-02  1.474123E-05  4.851154E-10  2.955937E-14
 4.237500E+02  2.881453E-02  1.470808E-05  4.814948E-10  2.899630E-14
 4.240000E+02  2.879747E-02  1.467505E-05  4.779057E-10  2.844462E-14
 4.242500E+02  2.878043E-02  1.464213E-05  4.743476E-10  2.790409E-14
 4.245000E+02  2.876342E-02  1.460933E-05  4.708204E-10  2.737448E-14
 4.247500E+02  2.874642E-02  1.457664E-05  4.673237E-10  2.685554E-14
 4.250000E+02  2.872944E-02  1.454407E-05  4.638571E-10  2.634706E-14
 4.252500E+02  2.871249E-02  1.451161E-05  4.604205E-10  2.584881E-14
 4.255000E+02  2.869555E-02  1.447926E-05  4.570135E-10  2.536058E-14
 4.257500E+02  2.867863E-02  1.444702E-05  4.536358E-10  2.488214E-14
 4.260000E+02  2.866174E-02  1.441490E-05  4.502871E-10  2.441330E-14
 4.262500E+02  2.864486E-02  1.438288E-05  4.469672E-10  2.395385E-14
 4.265000E+02  2.862800E-02  1.435098E-05  4.436758E-10  2.350359E-14
 4.267500E+02  2.861116E-02  1.431919E-05  4.404126E-10  2.306232E-14
 4.270000E+02  2.859435E-02  1.428750E-05  4.371774E-10  2.262986E-14
 4.272500E+02  2.857755E-02  1.425593E-05  4.339698E-10  2.220602E-14
 4.275000E+02  2.856077E-02  1.422447E-05  4.307896E-10  2.179062E-14
 4.277500E+02  2.854401E-02  1.419311E-05  4.276365E-10  2.138348E-14
 4.280000E+02  2.852728E-02  1.416186E-05  4.245103E-10  2.098443E-14
 4.282500E+02  2.851056E-02  1.413072E-05  4.214107E-10  2.059330E-14
 4.285000E+02  2.849386E-02  1.409968E-05  4.183375E-10  2.020992E-14
 4.287500E+02  2.847718E-02  1.406875E-05  4.152904E-10  1.983413E-14
 4.290000E+02  2.846052E-02  1.403793E-05  4.122691E-10  1.946576E-14
 4.292500E+02  2.844388E-02  1.400721E-05  4.092734E-10  1.910468E-14
 4.295000E+02  2.842726E-02  1.397660E-05  4.063031E-10  1.875071E-14
 4.297500E+02  2.841065E-02  1.394609E-05  4.033579E-10  1.840373E-14
 4.300000E+02  2.839407E-02  1.391569E-05  4.004376E-10  1.806357E-14
 4.302500E+02  2.837751E-02  1.388539E-05  3.975419E-10  1.773009E-14
 4.305000E+02  2.836096E-02  1.385519E-05  3.946707E-10  1.740317E-14
 4.307500E+02  2.834444E-02  1.382509E-05  3.918236E-10  1.708266E-14
 4.310000E+02  2.832793E-02  1.379510E-05  3.890005E-10  1.676842E-14
 4.312500E+02  2.831145E-02  1.376521E-05  3.862010E-10  1.646034E-14
 4.315000E+02  2.829498E-02  1.373542E-05  3.834251E-10  1.615828E-14
 4.317500E+02  2.827853E-02  1.370573E-05  3.806724E-10  1.586211E-14
 4.320000E+02  2.826211E-02  1.367614E-05  3.779428E-10  1.557172E-14
 4.322500E+02  2.824570E-02  1.364666E-05  3.752360E-10  1.528699E-14
 4.325000E+02  2.822931E-02  1.361727E-05  3.725518E-10  1.500779E-14
 4.327500E+02  2.821294E-02  1.358798E-05  3.698901E-10  1.473403E-14
 4.330000E+02  2.819658E-02  1.355879E-05  3.672505E-10  1.446557E-14
 4.332500E+02  2.818025E-02  1.352970E-05  3.646329E-10  1.420232E-14
 4.335000E+02  2.816394E-02  1.350070E-05  3.620371E-10  1.394417E-14
 4.337500E+02  2.814764E-02  1.347181E-05  3.594628E-10  1.369102E-14
 4.340000E+02  2.813136E-02  1.344301E-05  3.569099E-10  1.344275E-14
 4.342500E+02  2.811510E-02  1.341430E-05  3.543782E-10  1.319928E-14
 4.345000E+02  2.809887E-02  1.338570E-05  3.518674E-10  1.296050E-14
 4.347500E+02  2.808265E-02  1.335718E-05  3.493774E-10  1.272631E-14
 4.350000E+02  2.806644E-02  1.332877E-05  3.469080E-10  1.249664E-14
 4.352500E+02  2.805026E-02  1.330045E-05  3.444590E-10  1.227137E-14
 4.355000E+02  2.803410E-02  1.327222E-05  3.420301E-10  1.205043E-14
 4.357500E+02  2.801795E-02  1.324409E-05  3.396213E-10  1.183372E-14
 4.360000E+02  2.800182E-02  1.321605E-05  3.372323E-10  1.162116E-14
 4.362500E+02  2.798572E-02  1.318811E-05  3.348629E-10  1.141267E-14
 4.365000E+02  2.796963E-02  1.316026E-05  3.325130E-10  1.120816E-14
 4.367500E+02  2.795356E-02  1.313250E-05  3.301823E-10  1.100755E-14
 4.370000E+02  2.793750E-02  1.310483E-05  3.278708E-10  1.081077E-14
 4.372500E+02  2.792147E-02  1.307725E-05  3.255781E-10  1.061773E-14
 4.375000E+02  2.790545E-02  1.304977E-05  3.233042E-10  1.042836E-14
 4.377500E+02  2.788945E-02  1.302238E-05  3.210489E-10  1.024259E-14
 4.380000E+02  2.787347E-02  1.299507E-05  3.188120E-10  1.006035E-14
 4.382500E+02  2.785751E-02  1.296786E-05  3.165932E-10  9.881557E-15
 4.385000E+02  2.784157E-02  1.294074E-05  3.143926E-10  9.706149E-15
 4.387500E+02  2.782565E-02  1.291371E-05  3.122098E-10  9.534058E-15
 4.390000E+02  2.780974E-02  1.288676E-05  3.100448E-10  9.365218E-15
 4.392500E+02  2.779385E-02  1.285991E-05  3.078973E-10  9.199562E-15
 4.395000E+02  2.777798E-02  1.283314E-05  3.057672E-10  9.037029E-15
 4.397500E+02  2.776213E-02  1.280646E-05  3.036544E-10  8.877554E-15
 4.400000E+02  2.774630E-02  1.277987E-05  3.015586E-10  8.721078E-15
 4.402500E+02  2.773048E-02  1.275337E-05  2.994798E-10  8.567541E-15
 4.405000E+02  2.771468E-02  1.272695E-05  2.974178E-10  8.416883E-15
 4.407500E+02  2.769890E-02  1.270062E-05  2.953724E-10  8.269049E-15
 4.410000E+02  2.768314E-02  1.267438E-05  2.933434E-10  8.123982E-15
 4.412500E+02  2.766740E-02  1.264822E-05  2.913308E-10  7.981627E-15
 4.415000E+02  2.765167E-02  1.262215E-05  2.893343E-10  7.841930E-15
 4.417500E+02  2.763597E-02  1.259616E-05  2.873539E-10  7.704839E-15
 4.420000E+02  2.762028E-02  1.257025E-05  2.853893E-10  7.570302E-15
 4.422500E+02  2.760460E-02  1.254444E-05  2.834405E-10  7.438269E-15
 4.425000E+02  2.758895E-02  1.251870E-05  2.815072E-10  7.308691E-15
 4.427500E+02  2.757331E-02  1.249305E-05  2.795894E-10  7.181518E-15
 4.430000E+02  2.755769E-02  1.246748E-05  2.776869E-10  7.056705E-15
 4.432500E+02  2.754209E-02  1.244200E-05  2.757996E-10  6.934204E-15
 4.435000E+02  2.752651E-02  1.241659E-05  2.739273E-10  6.813970E-15
 4.437500E+02  2.751094E-02  1.239127E-05  2.720699E-10  6.695959E-15
 4.440000E+02  2.749540E-02  1.236604E-05  2.702273E-10  6.580127E-15
 4.442500E+02  2.747986E-02  1.234088E-05  2.683993E-10  6.466432E-15
 4.445000E+02  2.746435E-02  1.231580E-05  2.665858E-10  6.354831E-15
 4.447500E+02  2.744886E-02  1.229081E-05  2.647867E-10  6.245284E-15
 4.450000E+02  2.743338E-02  1.226589E-05  2.630018E-10  6.137751E-15
 4.452500E+02  2.741792E-02  1.224106E-05  2.612310E-10  6.032192E-15
 4.455000E+02  2.740247E-02  1.221631E-05  2.594742E-10  5.928569E-15
 4.457500E+02  2.738705E-02  1.219163E-05  2.577313E-10  5.826845E-15
 4.460000E+02  2.737164E-02  1.216704E-05  2.560021E-10  5.726983E-15
 4.462500E+02  2.735625E-02  1.214252E-05  2.542865E-10  5.628946E-15
 4.465000E+02  2.734087E-02  1.211808E-05  2.525844E-10  5.532699E-15
 4.467500E+02  2.732552E-02  1.209372E-05  2.508957E-10  5.438207E-15
 4.470000E+02  2.731018E-02  1.206944E-05  2.492202E-10  5.345437E-15
 4.472500E+02  2.729486E-02  1.204524E-05  2.475578E-10  5.254356E-15
 4.475000E+02  2.727955E-02  1.202111E-05  2.459085E-10  5.164930E-15
 4.477500E+02  2.726426E-02  1.199706E-05  2.442721E-10  5.077127E-15
 4.480000E+02  2.724899E-02  1.197309E-05  2.426485E-10  4.990918E-15
 4.482500E+02  2.723374E-02  1.194919E-05  2.410375E-10  4.906270E-15
 4.485000E+02  2.721850E-02  1.192537E-05  2.394391E-10  4.823154E-15
 4.487500E+02  2.720328E-02  1.190163E-05  2.378531E-10  4.741541E-15
 4.490000E+02  2.718808E-02  1.187796E-05  2.362795E-10  4.661401E-15
 4.492500E+02  2.717290E-02  1.185437E-05  2.347181E-10  4.582707E-15
 4.495000E+02  2.715773E-02  1.183085E-05  2.331689E-10  4.505431E-15
 4.497500E+02  2.714258E-02  1.180740E-05  2.316316E-10  4.429545E-15
 4.500000E+02  2.712744E-02  1.178403E-05  2.301063E-10  4.355024E-15
 4.502500E+02  2.711233E-02  1.176073E-05  2.285928E-10  4.281841E-15
 4.505000E+02  2.709723E-02  1.173751E-05  2.270910E-10  4.209970E-15
 4.507500E+02  2.708214E-02  1.171436E-05  2.256007E-10  4.139387E-15
 4.510000E+02  2.706707E-02  1.169128E-05  2.241220E-10  4.070068E-15
 4.512500E+02  2.705202E-02  1.166828E-05  2.226547E-10  4.001988E-15
 4.515000E+02  2.703699E-02  1.164535E-05  2.211986E-10  3.935123E-15
 4.517500E+02  2.702197E-02  1.162249E-05  2.197538E-10  3.869452E-15
 4.520000E+02  2.700697E-02  1.159970E-05  2.183201E-10  3.804950E-15
 4.522500E+02  2.699199E-02  1.157699E-05  2.168973E-10  3.741597E-15
 4.525000E+02  2.697702E-02  1.155434E-05  2.154855E-10  3.679370E-15
 4.527500E+02  2.696207E-02  1.153177E-05  2.140845E-10  3.618248E-15
 4.530000E+02  2.694714E-02  1.150926E-05  2.126942E-10  3.558210E-15
 4.532500E+02  2.693222E-02  1.148683E-05  2.113145E-10  3.499237E-15
 4.535000E+02  2.691732E-02  1.146447E-05  2.099454E-10  3.441307E-15
 4.537500E+02  2.690244E-02  1.144217E-05  2.085867E-10  3.384401E-15
 4.540000E+02  2.688757E-02  1.141995E-05  2.072384E-10  3.328501E-15
 4.542500E+02  2.687272E-02  1.139780E-05  2.059003E-10  3.273587E-15
 4.545000E+02  2.685788E-02  1.137571E-05  2.045724E-10  3.219640E-15
 4.547500E+02  2.684307E-02  1.135369E-05  2.032545E-10  3.166643E-15
 4.550000E+02  2.682826E-02  1.133175E-05  2.019467E-10  3.114578E-15
 4.552500E+02  2.681348E-02  1.130987E-05  2.006488E-10  3.063428E-15
 4.555000E+02  2.679871E-02  1.128805E-05  1.993607E-10  3.013175E-15
 4.557500E+02  2.678396E-02  1.126631E-05  1.980824E-10  2.963803E-15
 4.560000E+02  2.676922E-02  1.124463E-05  1.968137E-10  2.915295E-15
 4.562500E+02  2.675450E-02  1.122302E-05  1.955546E-10  2.867636E-15
 4.565000E+02  2.673979E-02  1.120148E-05  1.943049E-10  2.820809E-15
 4.567500E+02  2.672511E-02  1.118000E-05  1.930647E-10  2.774799E-15
 4.570000E+02  2.671043E-02  1.115859E-05  1.918338E-10  2.729592E-15
 4.572500E+02  2.669578E-02  1.113725E-05  1.906122E-10  2.685171E-15
 4.575000E+02  2.668114E-02  1.111597E-05  1.893998E-10  2.641523E-15
 4.577500E+02  2.666651E-02  1.109476E-05  1.881964E-10  2.598634E-15
 4.580000E+02  2.665191E-02  1.107361E-05  1.870021E-10  2.556488E-15
 4.582500E+02  2.663731E-02  1.105252E-05  1.858166E-10  2.515074E-15
 4.585000E+02  2.662274E-02  1.103151E-05  1.846401E-10  2.474376E-15
 4.587500E+02  2.660818E-02  1.101055E-05  1.834723E-10  2.434383E-15
 4.590000E+02  2.659363E-02  1.098966E-05  1.823133E-10  2.395080E-15
 4.592500E+02  2.657911E-02  1.096884E-05  1.811629E-10  2.356456E-15
 4.595000E+02  2.656459E-02  1.094807E-05  1.800210E-10  2.318498E-15
 4.597500E+02  2.655010E-02  1.092738E-05  1.788877E-10  2.281194E-15
 4.600000E+02  2.653562E-02  1.090674E-05  1.777628E-10  2.244531E-15
 4.602500E+02  2.652115E-02  1.088617E-05  1.766462E-10  2.208499E-15
 4.605000E+02  2.650670E-02  1.086566E-05  1.755379E-10  2.173085E-15
 4.607500E+02  2.649227E-02  1.084521E-05  1.744378E-10  2.138278E-15
 4.610000E+02  2.647785E-02  1.082483E-05  1.733459E-10  2.104067E-15
 4.612500E+02  2.646345E-02  1.080450E-05  1.722620E-10  2.070442E-15
 4.615000E+02  2.644906E-02  1.078424E-05  1.711861E-10  2.037392E-15
 4.617500E+02  2.643469E-02  1.076404E-05  1.701182E-10  2.004906E-15
 4.620000E+02  2.642034E-02  1.074390E-05  1.690581E-10  1.972974E-15
 4.622500E+02  2.640600E-02  1.072383E-05  1.680058E-10  1.941586E-15
 4.625000E+02  2.639168E-02  1.070381E-05  1.669613E-10  1.910732E-15
 4.627500E+02  2.637737E-02  1.068385E-05  1.659245E-10  1.880403E-15
 4.630000E+02  2.636308E-02  1.066396E-05  1.648952E-10  1.850589E-15
 4.632500E+02  2.634880E-02  1.064412E-05  1.638735E-10  1.821280E-15
 4.635000E+02  2.633454E-02  1.062434E-05  1.628593E-10  1.792468E-15
 4.637500E+02  2.632029E-02  1.060463E-05  1.618525E-10  1.764144E-15
 4.640000E+02  2.630606E-02  1.058497E-05  1.608531E-10  1.736299E-15
 4.642500E+02  2.629185E-02  1.056537E-05  1.598610E-10  1.708924E-15
 4.645000E+02  2.627765E-02  1.054583E-05  1.588761E-10  1.682011E-15
 4.647500E+02  2.626346E-02  1.052635E-05  1.578983E-10  1.655551E-15
 4.650000E+02  2.624929E-02  1.050693E-05  1.569277E-10  1.629537E-15
 4.652500E+02  2.623514E-02  1.048757E-05  1.559642E-10  1.603961E-15
 4.655000E+02  2.622100E-02  1.046826E-05  1.550076E-10  1.578814E-15
 4.657500E+02  2.620688E-02  1.044901E-05  1.540580E-10  1.554089E-15
 4.660000E+02  2.619277E-02  1.042982E-05  1.531153E-10  1.529779E-15
 4.662500E+02  2.617867E-02  1.041069E-05  1.521794E-10  1.505875E-15
 4.665000E+02  2.616460E-02  1.039161E-05  1.512503E-10  1.482372E-15
 4.667500E+02  2.615053E-02  1.037259E-05  1.503279E-10  1.459261E-15
 4.670000E+02  2.613649E-02  1.035363E-05  1.494121E-10  1.436536E-15
 4.672500E+02  2.612245E-02  1.033472E-05  1.485030E-10  1.414190E-15
 4.675000E+02  2.610844E-02  1.031587E-05  1.476004E-10  1.392216E-15
 4.677500E+02  2.609443E-02  1.029708E-05  1.467043E-10  1.370608E-15
 4.680000E+02  2.608045E-02  1.027834E-05  1.458146E-10  1.349359E-15
 4.682500E+02  2.606647E-02  1.025966E-05  1.449313E-10  1.328462E-15
 4.685000E+02  2.605252E-02  1.024103E-05  1.440544E-10  1.307912E-15
 4.687500E+02  2.603857E-02  1.022246E-05  1.431838E-10  1.287703E-15
 4.690000E+02  2.602465E-02  1.020394E-05  1.423193E-10  1.267828E-15
 4.692500E+02  2.601073E-02  1.018548E-05  1.414611E-10  1.248281E-15
 4.695000E+02  2.599684E-02  1.016707E-05  1.406090E-10  1.229058E-15
 4.697500E+02  2.598295E-02  1.014872E-05  1.397630E-10  1.210151E-15
 4.700000E+02  2.596909E-02  1.013042E-05  1.389230E-10  1.191556E-15
 4.702500E+02  2.595523E-02  1.011217E-05  1.380890E-10  1.173267E-15
 4.705000E+02  2.594139E-02  1.009398E-05  1.372610E-10  1.155279E-15
 4.707500E+02  2.592757E-02  1.007584E-05  1.364388E-10  1.137587E-15
 4.710000E+02  2.591376E-02  1.005776E-05  1.356225E-10  1.120184E-15
 4.712500E+02  2.589997E-02  1.003972E-05  1.348120E-10  1.103067E-15
 4.715000E+02  2.588619E-02  1.002174E-05  1.340072E-10  1.086230E-15
 4.717500E+02  2.587242E-02  1.000382E-05  1.332081E-10  1.069669E-15
 4.720000E+02  2.585867E-02  9.985944E-06  1.324146E-10  1.053378E-15
 4.722500E+02  2.584494E-02  9.968122E-06  1.316268E-10  1.037353E-15
 4.725000E+02  2.583122E-02  9.950352E-06  1.308445E-10  1.021589E-15
 4.727500E+02  2.581751E-02  9.932634E-06  1.300678E-10  1.006082E-15
 4.730000E+02  2.580382E-02  9.914968E-06  1.292965E-10  9.908270E-16
 4.732500E+02  2.579014E-02  9.897354E-06  1.285307E-10  9.758201E-16
 4.735000E+02  2.577648E-02  9.879790E-06  1.277702E-10  9.610569E-16
 4.737500E+02  2.576283E-02  9.862278E-06  1.270151E-10  9.465331E-16
 4.740000E+02  2.574920E-02  9.844817E-06  1.262653E-10  9.322446E-16
 4.742500E+02  2.573558E-02  9.827406E-06  1.255207E-10  9.181874E-16
 4.745000E+02  2.572197E-02  9.810046E-06  1.247813E-10  9.043574E-16
 4.747500E+02  2.570838E-02  9.792736E-06  1.240472E-10  8.907507E-16
 4.750000E+02  2.569480E-02  9.775477E-06  1.233181E-10  8.773635E-16
 4.752500E+02  2.568124E-02  9.758267E-06  1.225942E-10  8.641921E-16
 4.755000E+02  2.566770E-02  9.741108E-06  1.218753E-10  8.512326E-16
 4.757500E+02  2.565416E-02  9.723997E-06  1.211614E-10  8.384816E-16
 4.760000E+02  2.564064E-02  9.706937E-06  1.204524E-10  8.259354E-16
 4.762500E+02  2.562714E-02  9.689925E-06  1.197484E-10  8.135906E-16
 4.765000E+02  2.561365E-02  9.672963E-06  1.190493E-10  8.014436E-16
 4.767500E+02  2.560017E-02  9.656049E-06  1.183551E-10  7.894911E-16
 4.770000E+02  2.558671E-02  9.639184E-06  1.176656E-10  7.777299E-16
 4.772500E+02  2.557326E-02  9.622367E-06  1.169810E-10  7.661565E-16
 4.775000E+02  2.555983E-02  9.605599E-06  1.163011E-10  7.547680E-16
 4.777500E+02  2.554641E-02  9.588879E-06  1.156258E-10  7.435610E-16
 4.780000E+02  2.553300E-02  9.572207E-06  1.149553E-10  7.325325E-16
 4.782500E+02  2.551961E-02  9.555583E-06  1.142893E-10  7.216795E-16
 4.785000E+02  2.550623E-02  9.539006E-06  1.136280E-10  7.109990E-16
 4.787500E+02  2.549287E-02  9.522477E-06  1.129712E-10  7.004881E-16
 4.790000E+02  2.547952E-02  9.505995E-06  1.123189E-10  6.901440E-16
 4.792500E+02  2.546619E-02  9.489560E-06  1.116711E-10  6.799637E-16
 4.795000E+02  2.545286E-02  9.473172E-06  1.110278E-10  6.699446E-16
 4.797500E+02  2.543956E-02  9.456831E-06  1.103889E-10  6.600840E-16
 4.800000E+02  2.542626E-02  9.440536E-06  1.097543E-10  6.503790E-16
 4.802500E+02  2.541298E-02  9.424287E-06  1.091241E-10  6.408273E-16
 4.805000E+02  2.539972E-02  9.408085E-06  1.084982E-10  6.314260E-16
 4.807500E+02  2.538647E-02  9.391929E-06  1.078766E-10  6.221728E-16
 4.810000E+02  2.537323E-02  9.375819E-06  1.072592E-10  6.130652E-16
 4.812500E+02  2.536000E-02  9.359754E-06  1.066460E-10  6.041007E-16
 4.815000E+02  2.534679E-02  9.343735E-06  1.060370E-10  5.952769E-16
 4.817500E+02  2.533360E-02  9.327762E-06  1.054321E-10  5.865914E-16
 4.820000E+02  2.532041E-02  9.311833E-06  1.048314E-10  5.780420E-16
 4.822500E+02  2.530724E-02  9.295950E-06  1.042347E-10  5.696264E-16
 4.825000E+02  2.529409E-02  9.280111E-06  1.036421E-10  5.613423E-16
 4.827500E+02  2.528095E-02  9.264317E-06  1.030535E-10  5.531876E-16
 4.830000E+02  2.526782E-02  9.248568E-06  1.024689E-10  5.451601E-16
 4.832500E+02  2.525470E-02  9.232863E-06  1.018882E-10  5.372577E-16
 4.835000E+02  2.524160E-02  9.217202E-06  1.013115E-10  5.294783E-16
 4.837500E+02  2.522852E-02  9.201586E-06  1.007386E-10  5.218199E-16
 4.840000E+02  2.521544E-02  9.186013E-06  1.001696E-10  5.142804E-16
 4.842500E+02  2.520238E-02  9.170484E-06  9.960450E-11  5.068579E-16
 4.845000E+02  2.518933E-02  9.154998E-06  9.904315E-11  4.995505E-16
 4.847500E+02  2.517630E-02  9.139556E-06  9.848558E-11  4.923563E-16
 4.850000E+02  2.516328E-02  9.124158E-06  9.793175E-11  4.852734E-16
 4.852500E+02  2.515028E-02  9.108802E-06  9.738164E-11  4.782999E-16
 4.855000E+02  2.513728E-02  9.093489E-06  9.683522E-11  4.714340E-16
 4.857500E+02  2.512430E-02  9.078219E-06  9.629245E-11  4.646741E-16
 4.860000E+02  2.511134E-02  9.062992E-06  9.575332E-11  4.580183E-16
 4.862500E+02  2.509839E-02  9.047807E-06  9.521779E-11  4.514649E-16
 4.865000E+02  2.508545E-02  9.032665E-06  9.468584E-11  4.450122E-16
 4.867500E+02  2.507252E-02  9.017564E-06  9.415744E-11  4.386587E-16
 4.870000E+02  2.505961E-02  9.002506E-06  9.363256E-11  4.324027E-16
 4.872500E+02  2.504671E-02  8.987489E-06  9.311117E-11  4.262425E-16
 4.875000E+02  2.503382E-02  8.972515E-06  9.259325E-11  4.201766E-16
 4.877500E+02  2.502095E-02  8.957582E-06  9.207877E-11  4.142035E-16
 4.880000E+02  2.500809E-02  8.942690E-06  9.156771E-11  4.083217E-16
 4.882500E+02  2.499525E-02  8.927839E-06  9.106003E-11  4.025297E-16
 4.885000E+02  2.498241E-02  8.913030E-06  9.055572E-11  3.968259E-16
 4.887500E+02  2.496959E-02  8.898262E-06  9.005475E-11  3.912091E-16
 4.890000E+02  2.495679E-02  8.883534E-06  8.955709E-11  3.856777E-16
 4.892500E+02  2.494399E-02  8.868847E-06  8.906272E-11  3.802304E-16
 4.895000E+02  2.493121E-02  8.854201E-06  8.857161E-11  3.748658E-16
 4.897500E+02  2.491845E-02  8.839595E-06  8.808374E-11  3.695825E-16
 4.900000E+02  2.490569E-02  8.825029E-06  8.759909E-11  3.643794E-16
 4.902500E+02  2.489295E-02  8.810503E-06  8.711762E-11  3.592550E-16
 4.905000E+02  2.488022E-02  8.796018E-06  8.663932E-11  3.542081E-16
 4.907500E+02  2.486751E-02  8.781572E-06  8.616416E-11  3.492374E-16
 4.910000E+02  2.485481E-02  8.767166E-06  8.569211E-11  3.443417E-16
 4.912500E+02  2.484212E-02  8.752799E-06  8.522316E-11  3.395199E-16
 4.915000E+02  2.482944E-02  8.738472E-06  8.475728E-11  3.347706E-16
 4.917500E+02  2.481678E-02  8.724184E-06  8.429445E-11  3.300929E-16
 4.920000E+02  2.480413E-02  8.709935E-06  8.383465E-11  3.254854E-16
 4.922500E+02  2.479149E-02  8.695725E-06  8.337784E-11  3.209471E-16
 4.925000E+02  2.477887E-02  8.681554E-06  8.292402E-11  3.164769E-16
 4.927500E+02  2.476625E-02  8.667421E-06  8.247315E-11  3.120736E-16
 4.930000E+02  2.475366E-02  8.653328E-06  8.202522E-11  3.077362E-16
 4.932500E+02  2.474107E-02  8.639272E-06  8.158021E-11  3.034638E-16
 4.935000E+02  2.472850E-02  8.625255E-06  8.113808E-11  2.992551E-16
 4.937500E+02  2.471594E-02  8.611276E-06  8.069882E-11  2.951092E-16
 4.940000E+02  2.470339E-02  8.597335E-06  8.026242E-11  2.910251E-16
 4.942500E+02  2.469085E-02  8.583432E-06  7.982884E-11  2.870019E-16
 4.945000E+02  2.467833E-02  8.569566E-06  7.939806E-11  2.830385E-16
 4.947500E+02  2.466582E-02  8.555739E-06  7.897008E-11  2.791340E-16
 4.950000E+02  2.465333E-02  8.541948E-06  7.854485E-11  2.752875E-16
 4.952500E+02  2.464084E-02  8.528195E-06  7.812238E-11  2.714980E-16
 4.955000E+02  2.462837E-02  8.514480E-06  7.770262E-11  2.677646E-16
 4.957500E+02  2.461591E-02  8.500801E-06  7.728557E-11  2.640866E-16
 4.960000E+02  2.460347E-02  8.487159E-06  7.687121E-11  2.604629E-16
 4.962500E+02  2.459103E-02  8.473554E-06  7.645951E-11  2.568927E-16
 4.965000E+02  2.457861E-02  8.459986E-06  7.605045E-11  2.533752E-16
 4.967500E+02  2.456620E-02  8.446455E-06  7.564402E-11  2.499095E-16
 4.970000E+02  2.455381E-02  8.432960E-06  7.524019E-11  2.464949E-16
 4.972500E+02  2.454142E-02  8.419501E-06  7.483895E-11  2.431306E-16
 4.975000E+02  2.452905E-02  8.406078E-06  7.444027E-11  2.398156E-16
 4.977500E+02  2.451670E-02  8.392691E-06  7.404415E-11  2.365494E-16
 4.980000E+02  2.450435E-02  8.379341E-06  7.365055E-11  2.333310E-16
 4.982500E+02  2.449202E-02  8.366026E-06  7.325947E-11  2.301598E-16
 4.985000E+02  2.447970E-02  8.352747E-06  7.287088E-11  2.270350E-16
 4.987500E+02  2.446739E-02  8.339503E-06  7.248476E-11  2.239559E-16
 4.990000E+02  2.445509E-02  8.326295E-06  7.210110E-11  2.209217E-16
 4.992500E+02  2.444281E-02  8.313122E-06  7.171988E-11  2.179319E-16
 4.995000E+02  2.443054E-02  8.299984E-06  7.134108E-11  2.149856E-16
 4.997500E+02  2.441828E-02  8.286882E-06  7.096468E-11  2.120822E-16
 5.000000E+02  2.440603E-02  8.273814E-06  7.059067E-11  2.092211E-16
