#         T/K     Cv/J*K^-1     Cp/J*K^-1
 2.500000E+02  3.055082E+01  3.055098E+01
 2.502500E+02  3.056613E+01  3.056629E+01
 2.505000E+02  3.058142E+01  3.058158E+01
 2.507500E+02  3.059670E+01  3.059686E+01
 2.510000E+02  3.061195E+01  3.061212E+01
 2.512500E+02  3.062720E+01  3.062736E+01
 2.515000E+02  3.064242E+01  3.064258E+01
 2.517500E+02  3.065763E+01  3.065779E+01
 2.520000E+02  3.067282E+01  3.067298E+01
 2.522500E+02  3.068799E+01  3.068815E+01
 2.525000E+02  3.070315E+01  3.070331E+01
 2.527500E+02  3.071829E+01  3.071845E+01
 2.530000E+02  3.073341E+01  3.073357E+01
 2.532500E+02  3.074852E+01  3.074868E+01
 2.535000E+02  3.076361E+01  3.076377E+01
 2.537500E+02  3.077868E+01  3.077884E+01
 2.540000E+02  3.079374E+01  3.079390E+01
 2.542500E+02  3.080878E+01  3.080894E+01
 2.545000E+02  3.082380E+01  3.082396E+01
 2.547500E+02  3.083881E+01  3.083897E+01
 2.550000E+02  3.085380E+01  3.085396E+01
 2.552500E+02  3.086877E+01  3.086893E+01
 2.555000E+02  3.088373E+01  3.088389E+01
 2.557500E+02  3.089867E+01  3.089883E+01
 2.560000E+02  3.091359E+01  3.091375E+01
 2.562500E+02  3.092850E+01  3.092866E+01
 2.565000E+02  3.094339E+01  3.094355E+01
 2.567500E+02  3.095827E+01  3.095843E+01
 2.570000E+02  3.097312E+01  3.097329E+01
 2.572500E+02  3.098797E+01  3.098813E+01
 2.575000E+02  3.100279E+01  3.100296E+01
 2.577500E+02  3.101760E+01  3.101777E+01
 2.580000E+02  3.103240E+01  3.103256E+01
 2.582500E+02  3.104718E+01  3.104734E+01
 2.585000E+02  3.106194E+01  3.106210E+01
 2.587500E+02  3.107668E+01  3.107685E+01
 2.590000E+02  3.109141E+01  3.109158E+01
 2.592500E+02  3.110613E+01  3.110629E+01
 2.595000E+02  3.112082E+01  3.112099E+01
 2.597500E+02  3.113551E+01  3.113567E+01
 2.600000E+02  3.115017E+01  3.115033E+01
 2.602500E+02  3.116482E+01  3.116498E+01
 2.605000E+02  3.117945E+01  3.117962E+01
 2.607500E+02  3.119407E+01  3.119424E+01
 2.610000E+02  3.120867E+01  3.120884E+01
 2.612500E+02  3.122326E+01  3.122342E+01
 2.615000E+02  3.123783E+01  3.123800E+01
 2.617500E+02  3.125239E+01  3.125255E+01
 2.620000E+02  3.126692E+01  3.126709E+01
 2.622500E+02  3.128145E+01  3.128161E+01
 2.625000E+02  3.129596E+01  3.129612E+01
 2.627500E+02  3.131045E+01  3.131061E+01
 2.630000E+02  3.132492E+01  3.132509E+01
 2.632500E+02  3.133938E+01  3.133955E+01
 2.635000E+02  3.135383E+01  3.135399E+01
 2.637500E+02  3.136826E+01  3.136842E+01
 2.640000E+02  3.138267E+01  3.138284E+01
 2.642500E+02  3.139707E+01  3.139724E+01
 2.645000E+02  3.141146E+01  3.141162E+01
 2.647500E+02  3.142582E+01  3.142599E+01
 2.650000E+02  3.144018E+01  3.144034E+01
 2.652500E+02  3.145451E+01  3.145468E+01
 2.655000E+02  3.146883E+01  3.146900E+01
 2.657500E+02  3.148314E+01  3.148331E+01
 2.660000E+02  3.149743E+01  3.149760E+01
 2.662500E+02  3.151171E+01  3.151187E+01
 2.665000E+02  3.152597E+01  3.152613E+01
 2.667500E+02  3.154021E+01  3.154038E+01
 2.670000E+02  3.155444E+01  3.155461E+01
 2.672500E+02  3.156866E+01  3.156882E+01
 2.675000E+02  3.158286E+01  3.158302E+01
 2.677500E+02  3.159704E+01  3.159721E+01
 2.680000E+02  3.161121E+01  3.161138E+01
 2.682500E+02  3.162537E+01  3.162553E+01
 2.685000E+02  3.163950E+01  3.163967E+01
 2.687500E+02  3.165363E+01  3.165380E+01
 2.690000E+02  3.166774E+01  3.166790E+01
 2.692500E+02  3.168183E+01  3.168200E+01
 2.695000E+02  3.169591E+01  3.169608E+01
 2.697500E+02  3.170998E+01  3.171014E+01
 2.700000E+02  3.172403E+01  3.172419E+01
 2.702500E+02  3.173806E+01  3.173823E+01
 2.705000E+02  3.175208E+01  3.175225E+01
 2.707500E+02  3.176609E+01  3.176625E+01
 2.710000E+02  3.178008E+01  3.178024E+01
 2.712500E+02  3.179405E+01  3.179422E+01
 2.715000E+02  3.180801E+01  3.180818E+01
 2.717500E+02  3.182196E+01  3.182212E+01
 2.720000E+02  3.183589E+01  3.183606E+01
 2.722500E+02  3.184980E+01  3.184997E+01
 2.725000E+02  3.186371E+01  3.186387E+01
 2.727500E+02  3.187759E+01  3.187776E+01
 2.730000E+02  3.189147E+01  3.189163E+01
 2.732500E+02  3.190532E+01  3.190549E+01
 2.735000E+02  3.191917E+01  3.191933E+01
 2.737500E+02  3.193300E+01  3.193316E+01
 2.740000E+02  3.194681E+01  3.194698E+01
 2.742500E+02  3.196061E+01  3.196078E+01
 2.745000E+02  3.197440E+01  3.197456E+01
 2.747500E+02  3.198817E+01  3.198833E+01
 2.750000E+02  3.200192E+01  3.200209E+01
 2.752500E+02  3.201566E+01  3.201583E+01
 2.755000E+02  3.202939E+01  3.202956E+01
 2.757500E+02  3.204310E+01  3.204327E+01
 2.760000E+02  3.205680E+01  3.205697E+01
 2.762500E+02  3.207049E+01  3.207066E+01
 2.765000E+02  3.208416E+01  3.208433E+01
 2.767500E+02  3.209781E+01  3.209798E+01
 2.770000E+02  3.211146E+01  3.211162E+01
 2.772500E+02  3.212508E+01  3.212525E+01
 2.775000E+02  3.213870E+01  3.213886E+01
 2.777500E+02  3.215229E+01  3.215246E+01
 2.780000E+02  3.216588E+01  3.216605E+01
 2.782500E+02  3.217945E+01  3.217962E+01
 2.785000E+02  3.219301E+01  3.219318E+01
 2.787500E+02  3.220655E+01  3.220672E+01
 2.790000E+02  3.222008E+01  3.222025E+01
 2.792500E+02  3.223359E+01  3.223376E+01
 2.795000E+02  3.224709E+01  3.224726E+01
 2.797500E+02  3.226058E+01  3.226075E+01
 2.800000E+02  3.227405E+01  3.227422E+01
 2.802500E+02  3.228751E+01  3.228768E+01
 2.805000E+02  3.230095E+01  3.230112E+01
 2.807500E+02  3.231438E+01  3.231455E+01
 2.810000E+02  3.232780E+01  3.232797E+01
 2.812500E+02  3.234120E+01  3.234137E+01
 2.815000E+02  3.235459E+01  3.235476E+01
 2.817500E+02  3.236796E+01  3.236813E+01
 2.820000E+02  3.238132E+01  3.238149E+01
 2.822500E+02  3.239467E+01  3.239484E+01
 2.825000E+02  3.240800E+01  3.240817E+01
 2.827500E+02  3.242132E+01  3.242149E+01
 2.830000E+02  3.243463E+01  3.243480E+01
 2.832500E+02  3.244792E+01  3.244809E+01
 2.835000E+02  3.246120E+01  3.246137E+01
 2.837500E+02  3.247446E+01  3.247463E+01
 2.840000E+02  3.248771E+01  3.248788E+01
 2.842500E+02  3.250095E+01  3.250112E+01
 2.845000E+02  3.251417E+01  3.251434E+01
 2.847500E+02  3.252738E+01  3.252755E+01
 2.850000E+02  3.254057E+01  3.254075E+01
 2.852500E+02  3.255376E+01  3.255393E+01
 2.855000E+02  3.256693E+01  3.256710E+01
 2.857500E+02  3.258008E+01  3.258025E+01
 2.860000E+02  3.259322E+01  3.259339E+01
 2.862500E+02  3.260635E+01  3.260652E+01
 2.865000E+02  3.261946E+01  3.261964E+01
 2.867500E+02  3.263256E+01  3.263274E+01
 2.870000E+02  3.264565E+01  3.264582E+01
 2.872500E+02  3.265873E+01  3.265890E+01
 2.875000E+02  3.267179E+01  3.267196E+01
 2.877500E+02  3.268483E+01  3.268501E+01
 2.880000E+02  3.269787E+01  3.269804E+01
 2.882500E+02  3.271089E+01  3.271106E+01
 2.885000E+02  3.272389E+01  3.272407E+01
 2.887500E+02  3.273689E+01  3.273706E+01
 2.890000E+02  3.274987E+01  3.275004E+01
 2.892500E+02  3.276283E+01  3.276301E+01
 2.895000E+02  3.277579E+01  3.277596E+01
 2.897500E+02  3.278873E+01  3.278890E+01
 2.900000E+02  3.280165E+01  3.280183E+01
 2.902500E+02  3.281457E+01  3.281474E+01
 2.905000E+02  3.282747E+01  3.282764E+01
 2.907500E+02  3.284036E+01  3.284053E+01
 2.910000E+02  3.285323E+01  3.285340E+01
 2.912500E+02  3.286609E+01  3.286626E+01
 2.915000E+02  3.287894E+01  3.287911E+01
 2.917500E+02  3.289177E+01  3.289195E+01
 2.920000E+02  3.290459E+01  3.290477E+01
 2.922500E+02  3.291740E+01  3.291758E+01
 2.925000E+02  3.293020E+01  3.293037E+01
 2.927500E+02  3.294298E+01  3.294315E+01
 2.930000E+02  3.295575E+01  3.295592E+01
 2.932500E+02  3.296850E+01  3.296868E+01
 2.935000E+02  3.298124E+01  3.298142E+01
 2.937500E+02  3.299397E+01  3.299415E+01
 2.940000E+02  3.300669E+01  3.300687E+01
 2.942500E+02  3.301939E+01  3.301957E+01
 2.945000E+02  3.303208E+01  3.303226E+01
 2.947500E+02  3.304476E+01  3.304494E+01
 2.950000E+02  3.305743E+01  3.305760E+01
 2.952500E+02  3.307008E+01  3.307026E+01
 2.955000E+02  3.308272E+01  3.308289E+01
 2.957500E+02  3.309534E+01  3.309552E+01
 2.960000E+02  3.310796E+01  3.310813E+01
 2.962500E+02  3.312056E+01  3.312073E+01
 2.965000E+02  3.313314E+01  3.313332E+01
 2.967500E+02  3.314572E+01  3.314589E+01
 2.970000E+02  3.315828E+01  3.315846E+01
 2.972500E+02  3.317083E+01  3.317100E+01
 2.975000E+02  3.318336E+01  3.318354E+01
 2.977500E+02  3.319589E+01  3.319606E+01
 2.980000E+02  3.320840E+01  3.320857E+01
 2.982500E+02  3.322089E+01  3.322107E+01
 2.985000E+02  3.323338E+01  3.323356E+01
 2.987500E+02  3.324585E+01  3.324603E+01
 2.990000E+02  3.325831E+01  3.325849E+01
 2.992500E+02  3.327075E+01  3.327093E+01
 2.995000E+02  3.328319E+01  3.328337E+01
 2.997500E+02  3.329561E+01  3.329579E+01
 3.000000E+02  3.330802E+01  3.330820E+01
 3.002500E+02  3.332041E+01  3.332059E+01
 3.005000E+02  3.333279E+01  3.333297E+01
 3.007500E+02  3.334517E+01  3.334535E+01
 3.010000E+02  3.335752E+01  3.335770E+01
 3.012500E+02  3.336987E+01  3.337005E+01
 3.015000E+02  3.338220E+01  3.338238E+01
 3.017500E+02  3.339452E+01  3.339470E+01
 3.020000E+02  3.340683E+01  3.340701E+01
 3.022500E+02  3.341912E+01  3.341930E+01
 3.025000E+02  3.343140E+01  3.343158E+01
 3.027500E+02  3.344367E+01  3.344385E+01
 3.030000E+02  3.345593E+01  3.345611E+01
 3.032500E+02  3.346817E+01  3.346836E+01
 3.035000E+02  3.348041E+01  3.348059E+01
 3.037500E+02  3.349262E+01  3.349281E+01
 3.040000E+02  3.350483E+01  3.350501E+01
 3.042500E+02  3.351703E+01  3.351721E+01
 3.045000E+02  3.352921E+01  3.352939E+01
 3.047500E+02  3.354138E+01  3.354156E+01
 3.050000E+02  3.355353E+01  3.355372E+01
 3.052500E+02  3.356568E+01  3.356586E+01
 3.055000E+02  3.357781E+01  3.357799E+01
 3.057500E+02  3.358993E+01  3.359011E+01
 3.060000E+02  3.360204E+01  3.360222E+01
 3.062500E+02  3.361413E+01  3.361432E+01
 3.065000E+02  3.362621E+01  3.362640E+01
 3.067500E+02  3.363828E+01  3.363847E+01
 3.070000E+02  3.365034E+01  3.365053E+01
 3.072500E+02  3.366239E+01  3.366257E+01
 3.075000E+02  3.367442E+01  3.367460E+01
 3.077500E+02  3.368644E+01  3.368663E+01
 3.080000E+02  3.369845E+01  3.369863E+01
 3.082500E+02  3.371044E+01  3.371063E+01
 3.085000E+02  3.372243E+01  3.372261E+01
 3.087500E+02  3.373440E+01  3.373458E+01
 3.090000E+02  3.374636E+01  3.374654E+01
 3.092500E+02  3.375831E+01  3.375849E+01
 3.095000E+02  3.377024E+01  3.377043E+01
 3.097500E+02  3.378216E+01  3.378235E+01
 3.100000E+02  3.379407E+01  3.379426E+01
 3.102500E+02  3.380597E+01  3.380616E+01
 3.105000E+02  3.381786E+01  3.381804E+01
 3.107500E+02  3.382973E+01  3.382992E+01
 3.110000E+02  3.384159E+01  3.384178E+01
 3.112500E+02  3.385344E+01  3.385363E+01
 3.115000E+02  3.386527E+01  3.386546E+01
 3.117500E+02  3.387710E+01  3.387729E+01
 3.120000E+02  3.388891E+01  3.388910E+01
 3.122500E+02  3.390071E+01  3.390090E+01
 3.125000E+02  3.391250E+01  3.391269E+01
 3.127500E+02  3.392428E+01  3.392446E+01
 3.130000E+02  3.393604E+01  3.393623E+01
 3.132500E+02  3.394779E+01  3.394798E+01
 3.135000E+02  3.395953E+01  3.395972E+01
 3.137500E+02  3.397126E+01  3.397145E+01
 3.140000E+02  3.398297E+01  3.398316E+01
 3.142500E+02  3.399468E+01  3.399487E+01
 3.145000E+02  3.400637E+01  3.400656E+01
 3.147500E+02  3.401804E+01  3.401824E+01
 3.150000E+02  3.402971E+01  3.402990E+01
 3.152500E+02  3.404137E+01  3.404156E+01
 3.155000E+02  3.405301E+01  3.405320E+01
 3.157500E+02  3.406464E+01  3.406483E+01
 3.160000E+02  3.407626E+01  3.407645E+01
 3.162500E+02  3.408786E+01  3.408806E+01
 3.165000E+02  3.409946E+01  3.409965E+01
 3.167500E+02  3.411104E+01  3.411123E+01
 3.170000E+02  3.412261E+01  3.412280E+01
 3.172500E+02  3.413417E+01  3.413436E+01
 3.175000E+02  3.414572E+01  3.414591E+01
 3.177500E+02  3.415725E+01  3.415744E+01
 3.180000E+02  3.416877E+01  3.416897E+01
 3.182500E+02  3.418028E+01  3.418048E+01
 3.185000E+02  3.419178E+01  3.419197E+01
 3.187500E+02  3.420327E+01  3.420346E+01
 3.190000E+02  3.421474E+01  3.421494E+01
 3.192500E+02  3.422620E+01  3.422640E+01
 3.195000E+02  3.423765E+01  3.423785E+01
 3.197500E+02  3.424909E+01  3.424929E+01
 3.200000E+02  3.426052E+01  3.426071E+01
 3.202500E+02  3.427193E+01  3.427213E+01
 3.205000E+02  3.428333E+01  3.428353E+01
 3.207500E+02  3.429473E+01  3.429492E+01
 3.210000E+02  3.430610E+01  3.430630E+01
 3.212500E+02  3.431747E+01  3.431767E+01
 3.215000E+02  3.432883E+01  3.432902E+01
 3.217500E+02  3.434017E+01  3.434037E+01
 3.220000E+02  3.435150E+01  3.435170E+01
 3.222500E+02  3.436282E+01  3.436302E+01
 3.225000E+02  3.437412E+01  3.437432E+01
 3.227500E+02  3.438542E+01  3.438562E+01
 3.230000E+02  3.439670E+01  3.439690E+01
 3.232500E+02  3.440797E+01  3.440817E+01
 3.235000E+02  3.441923E+01  3.441943E+01
 3.237500E+02  3.443048E+01  3.443068E+01
 3.240000E+02  3.444172E+01  3.444192E+01
 3.242500E+02  3.445294E+01  3.445314E+01
 3.245000E+02  3.446415E+01  3.446435E+01
 3.247500E+02  3.447535E+01  3.447555E+01
 3.250000E+02  3.448654E+01  3.448674E+01
 3.252500E+02  3.449772E+01  3.449792E+01
 3.255000E+02  3.450888E+01  3.450908E+01
 3.257500E+02  3.452003E+01  3.452024E+01
 3.260000E+02  3.453117E+01  3.453138E+01
 3.262500E+02  3.454230E+01  3.454251E+01
 3.265000E+02  3.455342E+01  3.455362E+01
 3.267500E+02  3.456453E+01  3.456473E+01
 3.270000E+02  3.457562E+01  3.457582E+01
 3.272500E+02  3.458670E+01  3.458690E+01
 3.275000E+02  3.459777E+01  3.459797E+01
 3.277500E+02  3.460883E+01  3.460903E+01
 3.280000E+02  3.461987E+01  3.462008E+01
 3.282500E+02  3.463091E+01  3.463111E+01
 3.285000E+02  3.464193E+01  3.464213E+01
 3.287500E+02  3.465294E+01  3.465314E+01
 3.290000E+02  3.466394E+01  3.466414E+01
 3.292500E+02  3.467493E+01  3.467513E+01
 3.295000E+02  3.468590E+01  3.468611E+01
 3.297500E+02  3.469686E+01  3.469707E+01
 3.300000E+02  3.470781E+01  3.470802E+01
 3.302500E+02  3.471875E+01  3.471896E+01
 3.305000E+02  3.472968E+01  3.472989E+01
 3.307500E+02  3.474060E+01  3.474080E+01
 3.310000E+02  3.475150E+01  3.475171E+01
 3.312500E+02  3.476239E+01  3.476260E+01
 3.315000E+02  3.477327E+01  3.477348E+01
 3.317500E+02  3.478414E+01  3.478435E+01
 3.320000E+02  3.479500E+01  3.479521E+01
 3.322500E+02  3.480584E+01  3.480605E+01
 3.325000E+02  3.481668E+01  3.481689E+01
 3.327500E+02  3.482750E+01  3.482771E+01
 3.330000E+02  3.483831E+01  3.483852E+01
 3.332500E+02  3.484910E+01  3.484932E+01
 3.335000E+02  3.485989E+01  3.486010E+01
 3.337500E+02  3.487066E+01  3.487088E+01
 3.340000E+02  3.488143E+01  3.488164E+01
 3.342500E+02  3.489218E+01  3.489239E+01
 3.345000E+02  3.490292E+01  3.490313E+01
 3.347500E+02  3.491364E+01  3.491385E+01
 3.350000E+02  3.492436E+01  3.492457E+01
 3.352500E+02  3.493506E+01  3.493527E+01
 3.355000E+02  3.494575E+01  3.494596E+01
 3.357500E+02  3.495643E+01  3.495664E+01
 3.360000E+02  3.496710E+01  3.496731E+01
 3.362500E+02  3.497775E+01  3.497797E+01
 3.365000E+02  3.498840E+01  3.498861E+01
 3.367500E+02  3.499903E+01  3.499925E+01
 3.370000E+02  3.500965E+01  3.500987E+01
 3.372500E+02  3.502026E+01  3.502048E+01
 3.375000E+02  3.503086E+01  3.503107E+01
 3.377500E+02  3.504144E+01  3.504166E+01
 3.380000E+02  3.505201E+01  3.505223E+01
 3.382500E+02  3.506258E+01  3.506279E+01
 3.385000E+02  3.507312E+01  3.507334E+01
 3.387500E+02  3.508366E+01  3.508388E+01
 3.390000E+02  3.509419E+01  3.509441E+01
 3.392500E+02  3.510470E+01  3.510492E+01
 3.395000E+02  3.511520E+01  3.511542E+01
 3.397500E+02  3.512569E+01  3.512591E+01
 3.400000E+02  3.513617E+01  3.513639E+01
 3.402500E+02  3.514664E+01  3.514686E+01
 3.405000E+02  3.515709E+01  3.515731E+01
 3.407500E+02  3.516754E+01  3.516776E+01
 3.410000E+02  3.517797E+01  3.517819E+01
 3.412500E+02  3.518839E+01  3.518861E+01
 3.415000E+02  3.519879E+01  3.519902E+01
 3.417500E+02  3.520919E+01  3.520941E+01
 3.420000E+02  3.521957E+01  3.521979E+01
 3.422500E+02  3.522994E+01  3.523017E+01
 3.425000E+02  3.524030E+01  3.524053E+01
 3.427500E+02  3.525065E+01  3.525087E+01
 3.430000E+02  3.526099E+01  3.526121E+01
 3.432500E+02  3.527131E+01  3.527154E+01
 3.435000E+02  3.528162E+01  3.528185E+01
 3.437500E+02  3.529192E+01  3.529215E+01
 3.440000E+02  3.530221E+01  3.530244E+01
 3.442500E+02  3.531249E+01  3.531271E+01
 3.445000E+02  3.532275E+01  3.532298E+01
 3.447500E+02  3.533300E+01  3.533323E+01
 3.450000E+02  3.534325E+01  3.534347E+01
 3.452500E+02  3.535347E+01  3.535370E+01
 3.455000E+02  3.536369E+01  3.536392E+01
 3.457500E+02  3.537390E+01  3.537412E+01
 3.460000E+02  3.538409E+01  3.538432E+01
 3.462500E+02  3.539427E+01  3.539450E+01
 3.465000E+02  3.540444E+01  3.540467E+01
 3.467500E+02  3.541459E+01  3.541483E+01
 3.470000E+02  3.542474E+01  3.542497E+01
 3.472500E+02  3.543487E+01  3.543510E+01
 3.475000E+02  3.544499E+01  3.544523E+01
 3.477500E+02  3.545510E+01  3.545534E+01
 3.480000E+02  3.546520E+01  3.546543E+01
 3.482500E+02  3.547528E+01  3.547552E+01
 3.485000E+02  3.548536E+01  3.548559E+01
 3.487500E+02  3.549542E+01  3.549565E+01
 3.490000E+02  3.550547E+01  3.550570E+01
 3.492500E+02  3.551550E+01  3.551574E+01
 3.495000E+02  3.552553E+01  3.552577E+01
 3.497500E+02  3.553554E+01  3.553578E+01
 3.500000E+02  3.554554E+01  3.554578E+01
 3.502500E+02  3.555553E+01  3.555577E+01
 3.505000E+02  3.556551E+01  3.556575E+01
 3.507500E+02  3.557547E+01  3.557571E+01
 3.510000E+02  3.558543E+01  3.558566E+01
 3.512500E+02  3.559537E+01  3.559561E+01
 3.515000E+02  3.560530E+01  3.560553E+01
 3.517500E+02  3.561521E+01  3.561545E+01
 3.520000E+02  3.562512E+01  3.562536E+01
 3.522500E+02  3.563501E+01  3.563525E+01
 3.525000E+02  3.564489E+01  3.564513E+01
 3.527500E+02  3.565476E+01  3.565500E+01
 3.530000E+02  3.566461E+01  3.566485E+01
 3.532500E+02  3.567445E+01  3.567470E+01
 3.535000E+02  3.568429E+01  3.568453E+01
 3.537500E+02  3.569410E+01  3.569435E+01
 3.540000E+02  3.570391E+01  3.570416E+01
 3.542500E+02  3.571371E+01  3.571395E+01
 3.545000E+02  3.572349E+01  3.572373E+01
 3.547500E+02  3.573326E+01  3.573351E+01
 3.550000E+02  3.574302E+01  3.574326E+01
 3.552500E+02  3.575276E+01  3.575301E+01
 3.555000E+02  3.576250E+01  3.576274E+01
 3.557500E+02  3.577222E+01  3.577247E+01
 3.560000E+02  3.578193E+01  3.578218E+01
 3.562500E+02  3.579162E+01  3.579187E+01
 3.565000E+02  3.580131E+01  3.580156E+01
 3.567500E+02  3.581098E+01  3.581123E+01
 3.570000E+02  3.582064E+01  3.582089E+01
 3.572500E+02  3.583029E+01  3.583054E+01
 3.575000E+02  3.583992E+01  3.584018E+01
 3.577500E+02  3.584955E+01  3.584980E+01
 3.580000E+02  3.585916E+01  3.585941E+01
 3.582500E+02  3.586876E+01  3.586901E+01
 3.585000E+02  3.587834E+01  3.587860E+01
 3.587500E+02  3.588792E+01  3.588817E+01
 3.590000E+02  3.589748E+01  3.589773E+01
 3.592500E+02  3.590703E+01  3.590728E+01
 3.595000E+02  3.591656E+01  3.591682E+01
 3.597500E+02  3.592609E+01  3.592634E+01
 3.600000E+02  3.593560E+01  3.593585E+01
 3.602500E+02  3.594510E+01  3.594535E+01
 3.605000E+02  3.595458E+01  3.595484E+01
 3.607500E+02  3.596406E+01  3.596432E+01
 3.610000E+02  3.597352E+01  3.597378E+01
 3.612500E+02  3.598297E+01  3.598323E+01
 3.615000E+02  3.599240E+01  3.599267E+01
 3.617500E+02  3.600183E+01  3.600209E+01
 3.620000E+02  3.601124E+01  3.601150E+01
 3.622500E+02  3.602064E+01  3.602090E+01
 3.625000E+02  3.603003E+01  3.603029E+01
 3.627500E+02  3.603940E+01  3.603966E+01
 3.630000E+02  3.604876E+01  3.604902E+01
 3.632500E+02  3.605811E+01  3.605837E+01
 3.635000E+02  3.606745E+01  3.606771E+01
 3.637500E+02  3.607677E+01  3.607703E+01
 3.640000E+02  3.608608E+01  3.608635E+01
 3.642500E+02  3.609538E+01  3.609564E+01
 3.645000E+02  3.610466E+01  3.610493E+01
 3.647500E+02  3.611393E+01  3.611420E+01
 3.650000E+02  3.612319E+01  3.612346E+01
 3.652500E+02  3.613244E+01  3.613271E+01
 3.655000E+02  3.614168E+01  3.614195E+01
 3.657500E+02  3.615090E+01  3.615117E+01
 3.660000E+02  3.616011E+01  3.616038E+01
 3.662500E+02  3.616930E+01  3.616957E+01
 3.665000E+02  3.617849E+01  3.617876E+01
 3.667500E+02  3.618766E+01  3.618793E+01
 3.670000E+02  3.619681E+01  3.619709E+01
 3.672500E+02  3.620596E+01  3.620623E+01
 3.675000E+02  3.621509E+01  3.621537E+01
 3.677500E+02  3.622421E+01  3.622448E+01
 3.680000E+02  3.623331E+01  3.623359E+01
 3.682500E+02  3.624241E+01  3.624269E+01
 3.685000E+02  3.625149E+01  3.625177E+01
 3.687500E+02  3.626055E+01  3.626083E+01
 3.690000E+02  3.626961E+01  3.626989E+01
 3.692500E+02  3.627865E+01  3.627893E+01
 3.695000E+02  3.628768E+01  3.628796E+01
 3.697500E+02  3.629669E+01  3.629697E+01
 3.700000E+02  3.630570E+01  3.630598E+01
 3.702500E+02  3.631468E+01  3.631497E+01
 3.705000E+02  3.632366E+01  3.632394E+01
 3.707500E+02  3.633262E+01  3.633291E+01
 3.710000E+02  3.634157E+01  3.634186E+01
 3.712500E+02  3.635051E+01  3.635079E+01
 3.715000E+02  3.635943E+01  3.635972E+01
 3.717500E+02  3.636834E+01  3.636863E+01
 3.720000E+02  3.637724E+01  3.637753E+01
 3.722500E+02  3.638612E+01  3.638641E+01
 3.725000E+02  3.639499E+01  3.639528E+01
 3.727500E+02  3.640385E+01  3.640414E+01
 3.730000E+02  3.641269E+01  3.641299E+01
 3.732500E+02  3.642153E+01  3.642182E+01
 3.735000E+02  3.643034E+01  3.643064E+01
 3.737500E+02  3.643915E+01  3.643944E+01
 3.740000E+02  3.644794E+01  3.644823E+01
 3.742500E+02  3.645671E+01  3.645701E+01
 3.745000E+02  3.646548E+01  6.239898E+03
 3.747500E+02  2.563145E+01  6.233245E+03
 3.750000E+02  2.563332E+01  3.399386E+01
 3.752500E+02  2.563518E+01  3.399563E+01
 3.755000E+02  2.563705E+01  3.399741E+01
 3.757500E+02  2.563892E+01  3.399919E+01
 3.760000E+02  2.564079E+01  3.400097E+01
 3.762500E+02  2.564267E+01  3.400275E+01
 3.765000E+02  2.564455E+01  3.400453E+01
 3.767500E+02  2.564643E+01  3.400632E+01
 3.770000E+02  2.564831E+01  3.400811E+01
 3.772500E+02  2.565020E+01  3.400991E+01
 3.775000E+02  2.565208E+01  3.401170E+01
 3.777500E+02  2.565397E+01  3.401350E+01
 3.780000E+02  2.565587E+01  3.401530E+01
 3.782500E+02  2.565776E+01  3.401711E+01
 3.785000E+02  2.565966E+01  3.401891E+01
 3.787500E+02  2.566156E+01  3.402072E+01
 3.790000E+02  2.566346E+01  3.402253E+01
 3.792500E+02  2.566536E+01  3.402435E+01
 3.795000E+02  2.566727E+01  3.402617E+01
 3.797500E+02  2.566918E+01  3.402799E+01
 3.800000E+02  2.567109E+01  3.402981E+01
 3.802500E+02  2.567300E+01  3.403163E+01
 3.805000E+02  2.567491E+01  3.403346E+01
 3.807500E+02  2.567683E+01  3.403529E+01
 3.810000E+02  2.567875E+01  3.403712E+01
 3.812500E+02  2.568067E+01  3.403896E+01
 3.815000E+02  2.568260E+01  3.404079E+01
 3.817500E+02  2.568452E+01  3.404263E+01
 3.820000E+02  2.568645E+01  3.404448E+01
 3.822500E+02  2.568838E+01  3.404632E+01
 3.825000E+02  2.569032E+01  3.404817E+01
 3.827500E+02  2.569225E+01  3.405002E+01
 3.830000E+02  2.569419E+01  3.405187E+01
 3.832500E+02  2.569613E+01  3.405373E+01
 3.835000E+02  2.569807E+01  3.405559E+01
 3.837500E+02  2.570002E+01  3.405745E+01
 3.840000E+02  2.570196E+01  3.405931E+01
 3.842500E+02  2.570391E+01  3.406117E+01
 3.845000E+02  2.570586E+01  3.406304E+01
 3.847500E+02  2.570782E+01  3.406491E+01
 3.850000E+02  2.570977E+01  3.406678E+01
 3.852500E+02  2.571173E+01  3.406866E+01
 3.855000E+02  2.571369E+01  3.407054E+01
 3.857500E+02  2.571565E+01  3.407242E+01
 3.860000E+02  2.571762E+01  3.407430E+01
 3.862500E+02  2.571958E+01  3.407619E+01
 3.865000E+02  2.572155E+01  3.407807E+01
 3.867500E+02  2.572352E+01  3.407996E+01
 3.870000E+02  2.572549E+01  3.408185E+01
 3.872500E+02  2.572747E+01  3.408375E+01
 3.875000E+02  2.572945E+01  3.408565E+01
 3.877500E+02  2.573143E+01  3.408755E+01
 3.880000E+02  2.573341E+01  3.408945E+01
 3.882500E+02  2.573539E+01  3.409135E+01
 3.885000E+02  2.573738E+01  3.409326E+01
 3.887500E+02  2.573937E+01  3.409517E+01
 3.890000E+02  2.574136E+01  3.409708E+01
 3.892500E+02  2.574335E+01  3.409899E+01
 3.895000E+02  2.574534E+01  3.410091E+01
 3.897500E+02  2.574734E+01  3.410283E+01
 3.900000E+02  2.574934E+01  3.410475E+01
 3.902500E+02  2.575134E+01  3.410667E+01
 3.905000E+02  2.575334E+01  3.410860E+01
 3.907500E+02  2.575535E+01  3.411053E+01
 3.910000E+02  2.575736E+01  3.411246E+01
 3.912500E+02  2.575936E+01  3.411439E+01
 3.915000E+02  2.576138E+01  3.411633E+01
 3.917500E+02  2.576339E+01  3.411826E+01
 3.920000E+02  2.576541E+01  3.412020E+01
 3.922500E+02  2.576742E+01  3.412215E+01
 3.925000E+02  2.576944E+01  3.412409E+01
 3.927500E+02  2.577147E+01  3.412604E+01
 3.930000E+02  2.577349E+01  3.412799E+01
 3.932500E+02  2.577552E+01  3.412994E+01
 3.935000E+02  2.577754E+01  3.413189E+01
 3.937500E+02  2.577957E+01  3.413385E+01
 3.940000E+02  2.578161E+01  3.413581E+01
 3.942500E+02  2.578364E+01  3.413777E+01
 3.945000E+02  2.578568E+01  3.413973E+01
 3.947500E+02  2.578771E+01  3.414169E+01
 3.950000E+02  2.578976E+01  3.414366E+01
 3.952500E+02  2.579180E+01  3.414563E+01
 3.955000E+02  2.579384E+01  3.414760E+01
 3.957500E+02  2.579589E+01  3.414958E+01
 3.960000E+02  2.579794E+01  3.415155E+01
 3.962500E+02  2.579999E+01  3.415353E+01
 3.965000E+02  2.580204E+01  3.415551E+01
 3.967500E+02  2.580410E+01  3.415750E+01
 3.970000E+02  2.580615E+01  3.415948E+01
 3.972500E+02  2.580821E+01  3.416147E+01
 3.975000E+02  2.581027E+01  3.416346E+01
 3.977500E+02  2.581233E+01  3.416545E+01
 3.980000E+02  2.581440E+01  3.416745E+01
 3.982500E+02  2.581647E+01  3.416944E+01
 3.985000E+02  2.581853E+01  3.417144E+01
 3.987500E+02  2.582060E+01  3.417344E+01
 3.990000E+02  2.582268E+01  3.417544E+01
 3.992500E+02  2.582475E+01  3.417745E+01
 3.995000E+02  2.582683E+01  3.417946E+01
 3.997500E+02  2.582891E+01  3.418147E+01
 4.000000E+02  2.583099E+01  3.418348E+01
 4.002500E+02  2.583307E+01  3.418549E+01
 4.005000E+02  2.583515E+01  3.418751E+01
 4.007500E+02  2.583724E+01  3.418953E+01
 4.010000E+02  2.583933E+01  3.419155E+01
 4.012500E+02  2.584142E+01  3.419357E+01
 4.015000E+02  2.584351E+01  3.419559E+01
 4.017500E+02  2.584561E+01  3.419762E+01
 4.020000E+02  2.584770E+01  3.419965E+01
 4.022500E+02  2.584980E+01  3.420168E+01
 4.025000E+02  2.585190E+01  3.420371E+01
 4.027500E+02  2.585400E+01  3.420575E+01
 4.030000E+02  2.585610E+01  3.420778E+01
 4.032500E+02  2.585821E+01  3.420982E+01
 4.035000E+02  2.586032E+01  3.421186E+01
 4.037500E+02  2.586243E+01  3.421391E+01
 4.040000E+02  2.586454E+01  3.421595E+01
 4.042500E+02  2.586665E+01  3.421800E+01
 4.045000E+02  2.586877E+01  3.422005E+01
 4.047500E+02  2.587088E+01  3.422210E+01
 4.050000E+02  2.587300E+01  3.422416E+01
 4.052500E+02  2.587512E+01  3.422621E+01
 4.055000E+02  2.587725E+01  3.422827E+01
 4.057500E+02  2.587937E+01  3.423033E+01
 4.060000E+02  2.588150E+01  3.423239E+01
 4.062500E+02  2.588362E+01  3.423446E+01
 4.065000E+02  2.588575E+01  3.423652E+01
 4.067500E+02  2.588789E+01  3.423859E+01
 4.070000E+02  2.589002E+01  3.424066E+01
 4.072500E+02  2.589216E+01  3.424274E+01
 4.075000E+02  2.589429E+01  3.424481E+01
 4.077500E+02  2.589643E+01  3.424689E+01
 4.080000E+02  2.589857E+01  3.424896E+01
 4.082500E+02  2.590072E+01  3.425104E+01
 4.085000E+02  2.590286E+01  3.425313E+01
 4.087500E+02  2.590501E+01  3.425521E+01
 4.090000E+02  2.590716E+01  3.425730E+01
 4.092500E+02  2.590931E+01  3.425939E+01
 4.095000E+02  2.591146E+01  3.426148E+01
 4.097500E+02  2.591361E+01  3.426357E+01
 4.100000E+02  2.591577E+01  3.426566E+01
 4.102500E+02  2.591793E+01  3.426776E+01
 4.105000E+02  2.592008E+01  3.426986E+01
 4.107500E+02  2.592225E+01  3.427196E+01
 4.110000E+02  2.592441E+01  3.427406E+01
 4.112500E+02  2.592657E+01  3.427616E+01
 4.115000E+02  2.592874E+01  3.427827E+01
 4.117500E+02  2.593091E+01  3.428038E+01
 4.120000E+02  2.593308E+01  3.428249E+01
 4.122500E+02  2.593525E+01  3.428460E+01
 4.125000E+02  2.593742E+01  3.428671E+01
 4.127500E+02  2.593960E+01  3.428883E+01
 4.130000E+02  2.594177E+01  3.429095E+01
 4.132500E+02  2.594395E+01  3.429307E+01
 4.135000E+02  2.594613E+01  3.429519E+01
 4.137500E+02  2.594832E+01  3.429731E+01
 4.140000E+02  2.595050E+01  3.429944E+01
 4.142500E+02  2.595269E+01  3.430156E+01
 4.145000E+02  2.595487E+01  3.430369E+01
 4.147500E+02  2.595706E+01  3.430582E+01
 4.150000E+02  2.595925E+01  3.430796E+01
 4.152500E+02  2.596144E+01  3.431009E+01
 4.155000E+02  2.596364E+01  3.431223E+01
 4.157500E+02  2.596584E+01  3.431437E+01
 4.160000E+02  2.596803E+01  3.431651E+01
 4.162500E+02  2.597023E+01  3.431865E+01
 4.165000E+02  2.597243E+01  3.432079E+01
 4.167500E+02  2.597464E+01  3.432294E+01
 4.170000E+02  2.597684E+01  3.432509E+01
 4.172500E+02  2.597905E+01  3.432724E+01
 4.175000E+02  2.598125E+01  3.432939E+01
 4.177500E+02  2.598346E+01  3.433154E+01
 4.180000E+02  2.598568E+01  3.433370E+01
 4.182500E+02  2.598789E+01  3.433585E+01
 4.185000E+02  2.599010E+01  3.433801E+01
 4.187500E+02  2.599232E+01  3.434017E+01
 4.190000E+02  2.599454E+01  3.434234E+01
 4.192500E+02  2.599676E+01  3.434450E+01
 4.195000E+02  2.599898E+01  3.434667E+01
 4.197500E+02  2.600120E+01  3.434883E+01
 4.200000E+02  2.600343E+01  3.435100E+01
 4.202500E+02  2.600565E+01  3.435317E+01
 4.205000E+02  2.600788E+01  3.435535E+01
 4.207500E+02  2.601011E+01  3.435752E+01
 4.210000E+02  2.601234E+01  3.435970E+01
 4.212500E+02  2.601457E+01  3.436188E+01
 4.215000E+02  2.601681E+01  3.436406E+01
 4.217500E+02  2.601904E+01  3.436624E+01
 4.220000E+02  2.602128E+01  3.436842E+01
 4.222500E+02  2.602352E+01  3.437061E+01
 4.225000E+02  2.602576E+01  3.437280E+01
 4.227500E+02  2.602800E+01  3.437499E+01
 4.230000E+02  2.603025E+01  3.437718E+01
 4.232500E+02  2.603249E+01  3.437937E+01
 4.235000E+02  2.603474E+01  3.438156E+01
 4.237500E+02  2.603699E+01  3.438376E+01
 4.240000E+02  2.603924E+01  3.438596E+01
 4.242500E+02  2.604149E+01  3.438816E+01
 4.245000E+02  2.604374E+01  3.439036E+01
 4.247500E+02  2.604600E+01  3.439256E+01
 4.250000E+02  2.604826E+01  3.439477E+01
 4.252500E+02  2.605051E+01  3.439697E+01
 4.255000E+02  2.605277E+01  3.439918E+01
 4.257500E+02  2.605503E+01  3.440139E+01
 4.260000E+02  2.605730E+01  3.440360E+01
 4.262500E+02  2.605956E+01  3.440581E+01
 4.265000E+02  2.606183E+01  3.440803E+01
 4.267500E+02  2.606410E+01  3.441025E+01
 4.270000E+02  2.606637E+01  3.441246E+01
 4.272500E+02  2.606864E+01  3.441468E+01
 4.275000E+02  2.607091E+01  3.441690E+01
 4.277500E+02  2.607318E+01  3.441913E+01
 4.280000E+02  2.607546E+01  3.442135E+01
 4.282500E+02  2.607773E+01  3.442358E+01
 4.285000E+02  2.608001E+01  3.442581E+01
 4.287500E+02  2.608229E+01  3.442804E+01
 4.290000E+02  2.608457E+01  3.443027E+01
 4.292500E+02  2.608686E+01  3.443250E+01
 4.295000E+02  2.608914E+01  3.443474E+01
 4.297500E+02  2.609143E+01  3.443697E+01
 4.300000E+02  2.609371E+01  3.443921E+01
 4.302500E+02  2.609600E+01  3.444145E+01
 4.305000E+02  2.609829E+01  3.444369E+01
 4.307500E+02  2.610059E+01  3.444593E+01
 4.310000E+02  2.610288E+01  3.444818E+01
 4.312500E+02  2.610517E+01  3.445042E+01
 4.315000E+02  2.610747E+01  3.445267E+01
 4.317500E+02  2.610977E+01  3.445492E+01
 4.320000E+02  2.611207E+01  3.445717E+01
 4.322500E+02  2.611437E+01  3.445942E+01
 4.325000E+02  2.611667E+01  3.446168E+01
 4.327500E+02  2.611897E+01  3.446393E+01
 4.330000E+02  2.612128E+01  3.446619E+01
 4.332500E+02  2.612359E+01  3.446845E+01
 4.335000E+02  2.612589E+01  3.447071E+01
 4.337500E+02  2.612820E+01  3.447297E+01
 4.340000E+02  2.613051E+01  3.447524E+01
 4.342500E+02  2.613283E+01  3.447750E+01
 4.345000E+02  2.613514E+01  3.447977E+01
 4.347500E+02  2.613746E+01  3.448204E+01
 4.350000E+02  2.613977E+01  3.448431E+01
 4.352500E+02  2.614209E+01  3.448658E+01
 4.355000E+02  2.614441E+01  3.448885E+01
 4.357500E+02  2.614673E+01  3.449112E+01
 4.360000E+02  2.614905E+01  3.449340E+01
 4.362500E+02  2.615138E+01  3.449568E+01
 4.365000E+02  2.615370E+01  3.449796E+01
 4.367500E+02  2.615603E+01  3.450024E+01
 4.370000E+02  2.615836E+01  3.450252E+01
 4.372500E+02  2.616069E+01  3.450480E+01
 4.375000E+02  2.616302E+01  3.450709E+01
 4.377500E+02  2.616535E+01  3.450937E+01
 4.380000E+02  2.616768E+01  3.451166E+01
 4.382500E+02  2.617002E+01  3.451395E+01
 4.385000E+02  2.617235E+01  3.451624E+01
 4.387500E+02  2.617469E+01  3.451853E+01
 4.390000E+02  2.617703E+01  3.452083E+01
 4.392500E+02  2.617937E+01  3.452312E+01
 4.395000E+02  2.618171E+01  3.452542E+01
 4.397500E+02  2.618406E+01  3.452772E+01
 4.400000E+02  2.618640E+01  3.453002E+01
 4.402500E+02  2.618875E+01  3.453232E+01
 4.405000E+02  2.619109E+01  3.453462E+01
 4.407500E+02  2.619344E+01  3.453693E+01
 4.410000E+02  2.619579E+01  3.453923E+01
 4.412500E+02  2.619814E+01  3.454154E+01
 4.415000E+02  2.620050E+01  3.454385E+01
 4.417500E+02  2.620285E+01  3.454616E+01
 4.420000E+02  2.620521E+01  3.454847E+01
 4.422500E+02  2.620756E+01  3.455078E+01
 4.425000E+02  2.620992E+01  3.455310E+01
 4.427500E+02  2.621228E+01  3.455541E+01
 4.430000E+02  2.621464E+01  3.455773E+01
 4.432500E+02  2.621700E+01  3.456005E+01
 4.435000E+02  2.621937E+01  3.456237E+01
 4.437500E+02  2.622173E+01  3.456469E+01
 4.440000E+02  2.622410E+01  3.456702E+01
 4.442500E+02  2.622647E+01  3.456934E+01
 4.445000E+02  2.622883E+01  3.457167E+01
 4.447500E+02  2.623120E+01  3.457399E+01
 4.450000E+02  2.623358E+01  3.457632E+01
 4.452500E+02  2.623595E+01  3.457865E+01
 4.455000E+02  2.623832E+01  3.458098E+01
 4.457500E+02  2.624070E+01  3.458332E+01
 4.460000E+02  2.624307E+01  3.458565E+01
 4.462500E+02  2.624545E+01  3.458799E+01
 4.465000E+02  2.624783E+01  3.459032E+01
 4.467500E+02  2.625021E+01  3.459266E+01
 4.470000E+02  2.625259E+01  3.459500E+01
 4.472500E+02  2.625497E+01  3.459734E+01
 4.475000E+02  2.625736E+01  3.459968E+01
 4.477500E+02  2.625974E+01  3.460203E+01
 4.480000E+02  2.626213E+01  3.460437E+01
 4.482500E+02  2.626452E+01  3.460672E+01
 4.485000E+02  2.626691E+01  3.460907E+01
 4.487500E+02  2.626930E+01  3.461142E+01
 4.490000E+02  2.627169E+01  3.461377E+01
 4.492500E+02  2.627408E+01  3.461612E+01
 4.495000E+02  2.627648E+01  3.461847E+01
 4.497500E+02  2.627887E+01  3.462083E+01
 4.500000E+02  2.628127E+01  3.462318E+01
 4.502500E+02  2.628367E+01  3.462554E+01
 4.505000E+02  2.628606E+01  3.462790E+01
 4.507500E+02  2.628846E+01  3.463026E+01
 4.510000E+02  2.629087E+01  3.463262E+01
 4.512500E+02  2.629327E+01  3.463498E+01
 4.515000E+02  2.629567E+01  3.463735E+01
 4.517500E+02  2.629808E+01  3.463971E+01
 4.520000E+02  2.630048E+01  3.464208E+01
 4.522500E+02  2.630289E+01  3.464444E+01
 4.525000E+02  2.630530E+01  3.464681E+01
 4.527500E+02  2.630771E+01  3.464918E+01
 4.530000E+02  2.631012E+01  3.465156E+01
 4.532500E+02  2.631253E+01  3.465393E+01
 4.535000E+02  2.631495E+01  3.465630E+01
 4.537500E+02  2.631736E+01  3.465868E+01
 4.540000E+02  2.631978E+01  3.466105E+01
 4.542500E+02  2.632219E+01  3.466343E+01
 4.545000E+02  2.632461E+01  3.466581E+01
 4.547500E+02  2.632703E+01  3.466819E+01
 4.550000E+02  2.632945E+01  3.467057E+01
 4.552500E+02  2.633187E+01  3.467296E+01
 4.555000E+02  2.633430E+01  3.467534E+01
 4.557500E+02  2.633672E+01  3.467773E+01
 4.560000E+02  2.633915E+01  3.468011E+01
 4.562500E+02  2.634157E+01  3.468250E+01
 4.565000E+02  2.634400E+01  3.468489E+01
 4.567500E+02  2.634643E+01  3.468728E+01
 4.570000E+02  2.634886E+01  3.468967E+01
 4.572500E+02  2.635129E+01  3.469207E+01
 4.575000E+02  2.635372E+01  3.469446E+01
 4.577500E+02  2.635616E+01  3.469686E+01
 4.580000E+02  2.635859E+01  3.469925E+01
 4.582500E+02  2.636103E+01  3.470165E+01
 4.585000E+02  2.636346E+01  3.470405E+01
 4.587500E+02  2.636590E+01  3.470645E+01
 4.590000E+02  2.636834E+01  3.470885E+01
 4.592500E+02  2.637078E+01  3.471126E+01
 4.595000E+02  2.637322E+01  3.471366E+01
 4.597500E+02  2.637566E+01  3.471607E+01
 4.600000E+02  2.637811E+01  3.471847E+01
 4.602500E+02  2.638055E+01  3.472088E+01
 4.605000E+02  2.638300E+01  3.472329E+01
 4.607500E+02  2.638544E+01  3.472570E+01
 4.610000E+02  2.638789E+01  3.472811E+01
 4.612500E+02  2.639034E+01  3.473052E+01
 4.615000E+02  2.639279E+01  3.473294E+01
 4.617500E+02  2.639524E+01  3.473535E+01
 4.620000E+02  2.639770E+01  3.473777E+01
 4.622500E+02  2.640015E+01  3.474018E+01
 4.625000E+02  2.640260E+01  3.474260E+01
 4.627500E+02  2.640506E+01  3.474502E+01
 4.630000E+02  2.640752E+01  3.474744E+01
 4.632500E+02  2.640997E+01  3.474986E+01
 4.635000E+02  2.641243E+01  3.475229E+01
 4.637500E+02  2.641489E+01  3.475471E+01
 4.640000E+02  2.641735E+01  3.475714E+01
 4.642500E+02  2.641982E+01  3.475956E+01
 4.645000E+02  2.642228E+01  3.476199E+01
 4.647500E+02  2.642474E+01  3.476442E+01
 4.650000E+02  2.642721E+01  3.476685E+01
 4.652500E+02  2.642967E+01  3.476928E+01
 4.655000E+02  2.643214E+01  3.477171E+01
 4.657500E+02  2.643461E+01  3.477414E+01
 4.660000E+02  2.643708E+01  3.477658E+01
 4.662500E+02  2.643955E+01  3.477901E+01
 4.665000E+02  2.644202E+01  3.478145E+01
 4.667500E+02  2.644449E+01  3.478389E+01
 4.670000E+02  2.644697E+01  3.478633E+01
 4.672500E+02  2.644944E+01  3.478877E+01
 4.675000E+02  2.645192E+01  3.479121E+01
 4.677500E+02  2.645440E+01  3.479365E+01
 4.680000E+02  2.645687E+01  3.479609E+01
 4.682500E+02  2.645935E+01  3.479854E+01
 4.685000E+02  2.646183E+01  3.480098E+01
 4.687500E+02  2.646431E+01  3.480343E+01
 4.690000E+02  2.646679E+01  3.480588E+01
 4.692500E+02  2.646928E+01  3.480833E+01
 4.695000E+02  2.647176E+01  3.481078E+01
 4.697500E+02  2.647425E+01  3.481323E+01
 4.700000E+02  2.647673E+01  3.481568E+01
 4.702500E+02  2.647922E+01  3.481813E+01
 4.705000E+02  2.648171E+01  3.482059E+01
 4.707500E+02  2.648420E+01  3.482304E+01
 4.710000E+02  2.648669E+01  3.482550E+01
 4.712500E+02  2.648918E+01  3.482796E+01
 4.715000E+02  2.649167E+01  3.483041E+01
 4.717500E+02  2.649416E+01  3.483287E+01
 4.720000E+02  2.649666E+01  3.483533E+01
 4.722500E+02  2.649915E+01  3.483780E+01
 4.725000E+02  2.650165E+01  3.484026E+01
 4.727500E+02  2.650414E+01  3.484272E+01
 4.730000E+02  2.650664E+01  3.484519E+01
 4.732500E+02  2.650914E+01  3.484765E+01
 4.735000E+02  2.651164E+01  3.485012E+01
 4.737500E+02  2.651414E+01  3.485259E+01
 4.740000E+02  2.651664E+01  3.485506E+01
 4.742500E+02  2.651914E+01  3.485753E+01
 4.745000E+02  2.652165E+01  3.486000E+01
 4.747500E+02  2.652415E+01  3.486247E+01
 4.750000E+02  2.652666E+01  3.486494E+01
 4.752500E+02  2.652917E+01  3.486742E+01
 4.755000E+02  2.653167E+01  3.486989E+01
 4.757500E+02  2.653418E+01  3.487237E+01
 4.760000E+02  2.653669E+01  3.487485E+01
 4.762500E+02  2.653920E+01  3.487732E+01
 4.765000E+02  2.654171E+01  3.487980E+01
 4.767500E+02  2.654422E+01  3.488228E+01
 4.770000E+02  2.654674E+01  3.488476E+01
 4.772500E+02  2.654925E+01  3.488725E+01
 4.775000E+02  2.655177E+01  3.488973E+01
 4.777500E+02  2.655428E+01  3.489221E+01
 4.780000E+02  2.655680E+01  3.489470E+01
 4.782500E+02  2.655932E+01  3.489718E+01
 4.785000E+02  2.656184E+01  3.489967E+01
 4.787500E+02  2.656436E+01  3.490216E+01
 4.790000E+02  2.656688E+01  3.490465E+01
 4.792500E+02  2.656940E+01  3.490714E+01
 4.795000E+02  2.657192E+01  3.490963E+01
 4.797500E+02  2.657444E+01  3.491212E+01
 4.800000E+02  2.657697E+01  3.491462E+01
 4.802500E+02  2.657949E+01  3.491711E+01
 4.805000E+02  2.658202E+01  3.491960E+01
 4.807500E+02  2.658455E+01  3.492210E+01
 4.810000E+02  2.658707E+01  3.492460E+01
 4.812500E+02  2.658960E+01  3.492710E+01
 4.815000E+02  2.659213E+01  3.492959E+01
 4.817500E+02  2.659466E+01  3.493209E+01
 4.820000E+02  2.659719E+01  3.493459E+01
 4.822500E+02  2.659973E+01  3.493710E+01
 4.825000E+02  2.660226E+01  3.493960E+01
 4.827500E+02  2.660479E+01  3.494210E+01
 4.830000E+02  2.660733E+01  3.494461E+01
 4.832500E+02  2.660986E+01  3.494711E+01
 4.835000E+02  2.661240E+01  3.494962E+01
 4.837500E+02  2.661494E+01  3.495213E+01
 4.840000E+02  2.661748E+01  3.495464E+01
 4.842500E+02  2.662002E+01  3.495714E+01
 4.845000E+02  2.662256E+01  3.495965E+01
 4.847500E+02  2.662510E+01  3.496217E+01
 4.850000E+02  2.662764E+01  3.496468E+01
 4.852500E+02  2.663018E+01  3.496719E+01
 4.855000E+02  2.663273E+01  3.496970E+01
 4.857500E+02  2.663527E+01  3.497222E+01
 4.860000E+02  2.663782E+01  3.497473E+01
 4.862500E+02  2.664036E+01  3.497725E+01
 4.865000E+02  2.664291E+01  3.497977E+01
 4.867500E+02  2.664546E+01  3.498229E+01
 4.870000E+02  2.664800E+01  3.498481E+01
 4.872500E+02  2.665055E+01  3.498733E+01
 4.875000E+02  2.665310E+01  3.498985E+01
 4.877500E+02  2.665566E+01  3.499237E+01
 4.880000E+02  2.665821E+01  3.499489E+01
 4.882500E+02  2.666076E+01  3.499742E+01
 4.885000E+02  2.666331E+01  3.499994E+01
 4.887500E+02  2.666587E+01  3.500247E+01
 4.890000E+02  2.666843E+01  3.500499E+01
 4.892500E+02  2.667098E+01  3.500752E+01
 4.895000E+02  2.667354E+01  3.501005E+01
 4.897500E+02  2.667610E+01  3.501258E+01
 4.900000E+02  2.667865E+01  3.501511E+01
 4.902500E+02  2.668121E+01  3.501764E+01
 4.905000E+02  2.668377E+01  3.502017E+01
 4.907500E+02  2.668634E+01  3.502270E+01
 4.910000E+02  2.668890E+01  3.502524E+01
 4.912500E+02  2.669146E+01  3.502777E+01
 4.915000E+02  2.669402E+01  3.503031E+01
 4.917500E+02  2.669659E+01  3.503284E+01
 4.920000E+02  2.669915E+01  3.503538E+01
 4.922500E+02  2.670172E+01  3.503792E+01
 4.925000E+02  2.670429E+01  3.504046E+01
 4.927500E+02  2.670685E+01  3.504300E+01
 4.930000E+02  2.670942E+01  3.504554E+01
 4.932500E+02  2.671199E+01  3.504808E+01
 4.935000E+02  2.671456E+01  3.505062E+01
 4.937500E+02  2.671713E+01  3.505316E+01
 4.940000E+02  2.671970E+01  3.505571E+01
 4.942500E+02  2.672228E+01  3.505825E+01
 4.945000E+02  2.672485E+01  3.506080E+01
 4.947500E+02  2.672742E+01  3.506334E+01
 4.950000E+02  2.673000E+01  3.506589E+01
 4.952500E+02  2.673257E+01  3.506844E+01
 4.955000E+02  2.673515E+01  3.507099E+01
 4.957500E+02  2.673773E+01  3.507354E+01
 4.960000E+02  2.674030E+01  3.507609E+01
 4.962500E+02  2.674288E+01  3.507864E+01
 4.965000E+02  2.674546E+01  3.508119E+01
 4.967500E+02  2.674804E+01  3.508374E+01
 4.970000E+02  2.675062E+01  3.508630E+01
 4.972500E+02  2.675321E+01  3.508885E+01
 4.975000E+02  2.675579E+01  3.509141E+01
 4.977500E+02  2.675837E+01  3.509396E+01
 4.980000E+02  2.676095E+01  3.509652E+01
 4.982500E+02  2.676354E+01  3.509908E+01
 4.985000E+02  2.676612E+01  3.510164E+01
 4.987500E+02  2.676871E+01  3.510419E+01
 4.990000E+02  2.677130E+01  3.510675E+01
 4.992500E+02  2.677389E+01  3.510932E+01
 4.995000E+02  2.677647E+01  3.511188E+01
 4.997500E+02  2.677906E+01  3.511444E+01
 5.000000E+02  2.678165E+01  3.511702E+01
