#         T/K          U/kJ          H/kJ      S/J*K^-1
 2.500000E+02  1.975537E+01  1.975720E+01  6.781703E+01
 2.502500E+02  1.976355E+01  1.976538E+01  6.784973E+01
 2.505000E+02  1.977173E+01  1.977356E+01  6.788241E+01
 2.507500E+02  1.977992E+01  1.978175E+01  6.791508E+01
 2.510000E+02  1.978811E+01  1.978994E+01  6.794774E+01
 2.512500E+02  1.979631E+01  1.979814E+01  6.798038E+01
 2.515000E+02  1.980451E+01  1.980634E+01  6.801302E+01
 2.517500E+02  1.981272E+01  1.981455E+01  6.804563E+01
 2.520000E+02  1.982093E+01  1.982276E+01  6.807824E+01
 2.522500E+02  1.982915E+01  1.983098E+01  6.811083E+01
 2.525000E+02  1.983737E+01  1.983920E+01  6.814341E+01
 2.527500E+02  1.984560E+01  1.984743E+01  6.817598E+01
 2.530000E+02  1.985383E+01  1.985566E+01  6.820854E+01
 2.532500E+02  1.986207E+01  1.986390E+01  6.824108E+01
 2.535000E+02  1.987031E+01  1.987214E+01  6.827361E+01
 2.537500E+02  1.987856E+01  1.988039E+01  6.830612E+01
 2.540000E+02  1.988681E+01  1.988864E+01  6.833863E+01
 2.542500E+02  1.989507E+01  1.989690E+01  6.837112E+01
 2.545000E+02  1.990333E+01  1.990516E+01  6.840360E+01
 2.547500E+02  1.991159E+01  1.991342E+01  6.843607E+01
 2.550000E+02  1.991987E+01  1.992170E+01  6.846852E+01
 2.552500E+02  1.992814E+01  1.992997E+01  6.850096E+01
 2.555000E+02  1.993643E+01  1.993826E+01  6.853339E+01
 2.557500E+02  1.994471E+01  1.994654E+01  6.856581E+01
 2.560000E+02  1.995300E+01  1.995483E+01  6.859822E+01
 2.562500E+02  1.996130E+01  1.996313E+01  6.863061E+01
 2.565000E+02  1.996960E+01  1.997143E+01  6.866299E+01
 2.567500E+02  1.997791E+01  1.997974E+01  6.869536E+01
 2.570000E+02  1.998622E+01  1.998805E+01  6.872772E+01
 2.572500E+02  1.999454E+01  1.999637E+01  6.876007E+01
 2.575000E+02  2.000286E+01  2.000469E+01  6.879240E+01
 2.577500E+02  2.001119E+01  2.001302E+01  6.882472E+01
 2.580000E+02  2.001952E+01  2.002135E+01  6.885703E+01
 2.582500E+02  2.002786E+01  2.002969E+01  6.888933E+01
 2.585000E+02  2.003620E+01  2.003803E+01  6.892162E+01
 2.587500E+02  2.004454E+01  2.004638E+01  6.895389E+01
 2.590000E+02  2.005290E+01  2.005473E+01  6.898616E+01
 2.592500E+02  2.006125E+01  2.006308E+01  6.901841E+01
 2.595000E+02  2.006962E+01  2.007145E+01  6.905065E+01
 2.597500E+02  2.007798E+01  2.007981E+01  6.908288E+01
 2.600000E+02  2.008636E+01  2.008819E+01  6.911509E+01
 2.602500E+02  2.009473E+01  2.009656E+01  6.914730E+01
 2.605000E+02  2.010312E+01  2.010495E+01  6.917950E+01
 2.607500E+02  2.011150E+01  2.011334E+01  6.921168E+01
 2.610000E+02  2.011990E+01  2.012173E+01  6.924385E+01
 2.612500E+02  2.012830E+01  2.013013E+01  6.927601E+01
 2.615000E+02  2.013670E+01  2.013853E+01  6.930816E+01
 2.617500E+02  2.014511E+01  2.014694E+01  6.934030E+01
 2.620000E+02  2.015352E+01  2.015535E+01  6.937243E+01
 2.622500E+02  2.016194E+01  2.016377E+01  6.940455E+01
 2.625000E+02  2.017036E+01  2.017219E+01  6.943665E+01
 2.627500E+02  2.017879E+01  2.018062E+01  6.946875E+01
 2.630000E+02  2.018723E+01  2.018906E+01  6.950083E+01
 2.632500E+02  2.019566E+01  2.019750E+01  6.953290E+01
 2.635000E+02  2.020411E+01  2.020594E+01  6.956497E+01
 2.637500E+02  2.021256E+01  2.021439E+01  6.959702E+01
 2.640000E+02  2.022101E+01  2.022285E+01  6.962906E+01
 2.642500E+02  2.022947E+01  2.023131E+01  6.966109E+01
 2.645000E+02  2.023794E+01  2.023977E+01  6.969311E+01
 2.647500E+02  2.024641E+01  2.024824E+01  6.972512E+01
 2.650000E+02  2.025489E+01  2.025672E+01  6.975712E+01
 2.652500E+02  2.026337E+01  2.026520E+01  6.978911E+01
 2.655000E+02  2.027185E+01  2.027368E+01  6.982109E+01
 2.657500E+02  2.028034E+01  2.028218E+01  6.985306E+01
 2.660000E+02  2.028884E+01  2.029067E+01  6.988501E+01
 2.662500E+02  2.029734E+01  2.029917E+01  6.991696E+01
 2.665000E+02  2.030585E+01  2.030768E+01  6.994890E+01
 2.667500E+02  2.031436E+01  2.031619E+01  6.998083E+01
 2.670000E+02  2.032288E+01  2.032471E+01  7.001274E+01
 2.672500E+02  2.033140E+01  2.033324E+01  7.004465E+01
 2.675000E+02  2.033993E+01  2.034176E+01  7.007655E+01
 2.677500E+02  2.034847E+01  2.035030E+01  7.010844E+01
 2.680000E+02  2.035701E+01  2.035884E+01  7.014032E+01
 2.682500E+02  2.036555E+01  2.036738E+01  7.017218E+01
 2.685000E+02  2.037410E+01  2.037593E+01  7.020404E+01
 2.687500E+02  2.038266E+01  2.038449E+01  7.023589E+01
 2.690000E+02  2.039122E+01  2.039305E+01  7.026773E+01
 2.692500E+02  2.039978E+01  2.040161E+01  7.029956E+01
 2.695000E+02  2.040835E+01  2.041019E+01  7.033138E+01
 2.697500E+02  2.041693E+01  2.041876E+01  7.036319E+01
 2.700000E+02  2.042551E+01  2.042735E+01  7.039499E+01
 2.702500E+02  2.043410E+01  2.043593E+01  7.042678E+01
 2.705000E+02  2.044269E+01  2.044453E+01  7.045857E+01
 2.707500E+02  2.045129E+01  2.045313E+01  7.049034E+01
 2.710000E+02  2.045990E+01  2.046173E+01  7.052210E+01
 2.712500E+02  2.046851E+01  2.047034E+01  7.055386E+01
 2.715000E+02  2.047712E+01  2.047895E+01  7.058560E+01
 2.717500E+02  2.048574E+01  2.048757E+01  7.061734E+01
 2.720000E+02  2.049437E+01  2.049620E+01  7.064907E+01
 2.722500E+02  2.050300E+01  2.050483E+01  7.068079E+01
 2.725000E+02  2.051164E+01  2.051347E+01  7.071250E+01
 2.727500E+02  2.052028E+01  2.052211E+01  7.074420E+01
 2.730000E+02  2.052893E+01  2.053076E+01  7.077589E+01
 2.732500E+02  2.053758E+01  2.053941E+01  7.080757E+01
 2.735000E+02  2.054624E+01  2.054807E+01  7.083925E+01
 2.737500E+02  2.055490E+01  2.055674E+01  7.087092E+01
 2.740000E+02  2.056357E+01  2.056541E+01  7.090257E+01
 2.742500E+02  2.057225E+01  2.057408E+01  7.093422E+01
 2.745000E+02  2.058093E+01  2.058276E+01  7.096586E+01
 2.747500E+02  2.058962E+01  2.059145E+01  7.099750E+01
 2.750000E+02  2.059831E+01  2.060014E+01  7.102912E+01
 2.752500E+02  2.060701E+01  2.060884E+01  7.106074E+01
 2.755000E+02  2.061571E+01  2.061755E+01  7.109235E+01
 2.757500E+02  2.062442E+01  2.062626E+01  7.112395E+01
 2.760000E+02  2.063314E+01  2.063497E+01  7.115554E+01
 2.762500E+02  2.064186E+01  2.064369E+01  7.118712E+01
 2.765000E+02  2.065059E+01  2.065242E+01  7.121870E+01
 2.767500E+02  2.065932E+01  2.066115E+01  7.125026E+01
 2.770000E+02  2.066806E+01  2.066989E+01  7.128182E+01
 2.772500E+02  2.067680E+01  2.067863E+01  7.131338E+01
 2.775000E+02  2.068555E+01  2.068738E+01  7.134492E+01
 2.777500E+02  2.069431E+01  2.069614E+01  7.137646E+01
 2.780000E+02  2.070307E+01  2.070490E+01  7.140799E+01
 2.782500E+02  2.071183E+01  2.071367E+01  7.143951E+01
 2.785000E+02  2.072061E+01  2.072244E+01  7.147102E+01
 2.787500E+02  2.072939E+01  2.073122E+01  7.150253E+01
 2.790000E+02  2.073817E+01  2.074000E+01  7.153403E+01
 2.792500E+02  2.074696E+01  2.074879E+01  7.156552E+01
 2.795000E+02  2.075576E+01  2.075759E+01  7.159700E+01
 2.797500E+02  2.076456E+01  2.076639E+01  7.162848E+01
 2.800000E+02  2.077336E+01  2.077520E+01  7.165995E+01
 2.802500E+02  2.078218E+01  2.078401E+01  7.169141E+01
 2.805000E+02  2.079100E+01  2.079283E+01  7.172287E+01
 2.807500E+02  2.079982E+01  2.080166E+01  7.175432E+01
 2.810000E+02  2.080865E+01  2.081049E+01  7.178576E+01
 2.812500E+02  2.081749E+01  2.081933E+01  7.181720E+01
 2.815000E+02  2.082633E+01  2.082817E+01  7.184862E+01
 2.817500E+02  2.083518E+01  2.083702E+01  7.188005E+01
 2.820000E+02  2.084404E+01  2.084587E+01  7.191146E+01
 2.822500E+02  2.085290E+01  2.085473E+01  7.194287E+01
 2.825000E+02  2.086177E+01  2.086360E+01  7.197427E+01
 2.827500E+02  2.087064E+01  2.087247E+01  7.200567E+01
 2.830000E+02  2.087952E+01  2.088135E+01  7.203706E+01
 2.832500E+02  2.088840E+01  2.089024E+01  7.206844E+01
 2.835000E+02  2.089730E+01  2.089913E+01  7.209981E+01
 2.837500E+02  2.090619E+01  2.090803E+01  7.213118E+01
 2.840000E+02  2.091510E+01  2.091693E+01  7.216255E+01
 2.842500E+02  2.092401E+01  2.092584E+01  7.219391E+01
 2.845000E+02  2.093292E+01  2.093476E+01  7.222526E+01
 2.847500E+02  2.094184E+01  2.094368E+01  7.225660E+01
 2.850000E+02  2.095077E+01  2.095261E+01  7.228794E+01
 2.852500E+02  2.095970E+01  2.096154E+01  7.231928E+01
 2.855000E+02  2.096864E+01  2.097048E+01  7.235060E+01
 2.857500E+02  2.097759E+01  2.097943E+01  7.238193E+01
 2.860000E+02  2.098654E+01  2.098838E+01  7.241324E+01
 2.862500E+02  2.099550E+01  2.099734E+01  7.244455E+01
 2.865000E+02  2.100447E+01  2.100630E+01  7.247586E+01
 2.867500E+02  2.101344E+01  2.101527E+01  7.250716E+01
 2.870000E+02  2.102242E+01  2.102425E+01  7.253845E+01
 2.872500E+02  2.103140E+01  2.103324E+01  7.256974E+01
 2.875000E+02  2.104039E+01  2.104223E+01  7.260103E+01
 2.877500E+02  2.104939E+01  2.105122E+01  7.263230E+01
 2.880000E+02  2.105839E+01  2.106022E+01  7.266358E+01
 2.882500E+02  2.106740E+01  2.106923E+01  7.269485E+01
 2.885000E+02  2.107641E+01  2.107825E+01  7.272611E+01
 2.887500E+02  2.108544E+01  2.108727E+01  7.275737E+01
 2.890000E+02  2.109446E+01  2.109630E+01  7.278862E+01
 2.892500E+02  2.110350E+01  2.110533E+01  7.281987E+01
 2.895000E+02  2.111254E+01  2.111438E+01  7.285111E+01
 2.897500E+02  2.112159E+01  2.112342E+01  7.288235E+01
 2.900000E+02  2.113064E+01  2.113248E+01  7.291359E+01
 2.902500E+02  2.113970E+01  2.114154E+01  7.294482E+01
 2.905000E+02  2.114877E+01  2.115060E+01  7.297604E+01
 2.907500E+02  2.115784E+01  2.115968E+01  7.300726E+01
 2.910000E+02  2.116692E+01  2.116876E+01  7.303848E+01
 2.912500E+02  2.117601E+01  2.117784E+01  7.306969E+01
 2.915000E+02  2.118510E+01  2.118694E+01  7.310090E+01
 2.917500E+02  2.119420E+01  2.119604E+01  7.313210E+01
 2.920000E+02  2.120331E+01  2.120514E+01  7.316330E+01
 2.922500E+02  2.121242E+01  2.121426E+01  7.319450E+01
 2.925000E+02  2.122154E+01  2.122338E+01  7.322569E+01
 2.927500E+02  2.123067E+01  2.123250E+01  7.325688E+01
 2.930000E+02  2.123980E+01  2.124164E+01  7.328806E+01
 2.932500E+02  2.124894E+01  2.125078E+01  7.331924E+01
 2.935000E+02  2.125809E+01  2.125992E+01  7.335042E+01
 2.937500E+02  2.126724E+01  2.126908E+01  7.338159E+01
 2.940000E+02  2.127640E+01  2.127824E+01  7.341276E+01
 2.942500E+02  2.128557E+01  2.128740E+01  7.344393E+01
 2.945000E+02  2.129474E+01  2.129658E+01  7.347509E+01
 2.947500E+02  2.130392E+01  2.130576E+01  7.350625E+01
 2.950000E+02  2.131311E+01  2.131494E+01  7.353740E+01
 2.952500E+02  2.132230E+01  2.132414E+01  7.356856E+01
 2.955000E+02  2.133150E+01  2.133334E+01  7.359971E+01
 2.957500E+02  2.134071E+01  2.134255E+01  7.363085E+01
 2.960000E+02  2.134992E+01  2.135176E+01  7.366200E+01
 2.962500E+02  2.135914E+01  2.136098E+01  7.369314E+01
 2.965000E+02  2.136837E+01  2.137021E+01  7.372428E+01
 2.967500E+02  2.137761E+01  2.137945E+01  7.375541E+01
 2.970000E+02  2.138685E+01  2.138869E+01  7.378654E+01
 2.972500E+02  2.139610E+01  2.139794E+01  7.381767E+01
 2.975000E+02  2.140536E+01  2.140719E+01  7.384880E+01
 2.977500E+02  2.141462E+01  2.141646E+01  7.387992E+01
 2.980000E+02  2.142389E+01  2.142573E+01  7.391105E+01
 2.982500E+02  2.143317E+01  2.143501E+01  7.394217E+01
 2.985000E+02  2.144245E+01  2.144429E+01  7.397328E+01
 2.987500E+02  2.145174E+01  2.145358E+01  7.400440E+01
 2.990000E+02  2.146104E+01  2.146288E+01  7.403551E+01
 2.992500E+02  2.147035E+01  2.147219E+01  7.406662E+01
 2.995000E+02  2.147966E+01  2.148150E+01  7.409773E+01
 2.997500E+02  2.148898E+01  2.149082E+01  7.412884E+01
 3.000000E+02  2.149831E+01  2.150015E+01  7.415995E+01
 3.002500E+02  2.150765E+01  2.150948E+01  7.419105E+01
 3.005000E+02  2.151699E+01  2.151883E+01  7.422215E+01
 3.007500E+02  2.152634E+01  2.152818E+01  7.425325E+01
 3.010000E+02  2.153569E+01  2.153753E+01  7.428435E+01
 3.012500E+02  2.154506E+01  2.154690E+01  7.431545E+01
 3.015000E+02  2.155443E+01  2.155627E+01  7.434654E+01
 3.017500E+02  2.156381E+01  2.156565E+01  7.437764E+01
 3.020000E+02  2.157320E+01  2.157503E+01  7.440873E+01
 3.022500E+02  2.158259E+01  2.158443E+01  7.443983E+01
 3.025000E+02  2.159199E+01  2.159383E+01  7.447092E+01
 3.027500E+02  2.160140E+01  2.160324E+01  7.450201E+01
 3.030000E+02  2.161082E+01  2.161265E+01  7.453310E+01
 3.032500E+02  2.162024E+01  2.162208E+01  7.456419E+01
 3.035000E+02  2.162967E+01  2.163151E+01  7.459527E+01
 3.037500E+02  2.163911E+01  2.164095E+01  7.462636E+01
 3.040000E+02  2.164856E+01  2.165039E+01  7.465745E+01
 3.042500E+02  2.165801E+01  2.165985E+01  7.468853E+01
 3.045000E+02  2.166747E+01  2.166931E+01  7.471962E+01
 3.047500E+02  2.167694E+01  2.167878E+01  7.475071E+01
 3.050000E+02  2.168642E+01  2.168826E+01  7.478179E+01
 3.052500E+02  2.169590E+01  2.169774E+01  7.481288E+01
 3.055000E+02  2.170540E+01  2.170723E+01  7.484396E+01
 3.057500E+02  2.171490E+01  2.171673E+01  7.487505E+01
 3.060000E+02  2.172440E+01  2.172624E+01  7.490613E+01
 3.062500E+02  2.173392E+01  2.173576E+01  7.493722E+01
 3.065000E+02  2.174344E+01  2.174528E+01  7.496830E+01
 3.067500E+02  2.175297E+01  2.175481E+01  7.499939E+01
 3.070000E+02  2.176251E+01  2.176435E+01  7.503047E+01
 3.072500E+02  2.177206E+01  2.177390E+01  7.506156E+01
 3.075000E+02  2.178162E+01  2.178346E+01  7.509264E+01
 3.077500E+02  2.179118E+01  2.179302E+01  7.512373E+01
 3.080000E+02  2.180075E+01  2.180259E+01  7.515482E+01
 3.082500E+02  2.181033E+01  2.181217E+01  7.518591E+01
 3.085000E+02  2.181992E+01  2.182176E+01  7.521700E+01
 3.087500E+02  2.182951E+01  2.183135E+01  7.524809E+01
 3.090000E+02  2.183912E+01  2.184096E+01  7.527918E+01
 3.092500E+02  2.184873E+01  2.185057E+01  7.531027E+01
 3.095000E+02  2.185835E+01  2.186019E+01  7.534137E+01
 3.097500E+02  2.186797E+01  2.186981E+01  7.537246E+01
 3.100000E+02  2.187761E+01  2.187945E+01  7.540356E+01
 3.102500E+02  2.188726E+01  2.188909E+01  7.543466E+01
 3.105000E+02  2.189691E+01  2.189875E+01  7.546576E+01
 3.107500E+02  2.190657E+01  2.190841E+01  7.549686E+01
 3.110000E+02  2.191624E+01  2.191808E+01  7.552796E+01
 3.112500E+02  2.192591E+01  2.192775E+01  7.555906E+01
 3.115000E+02  2.193560E+01  2.193744E+01  7.559017E+01
 3.117500E+02  2.194529E+01  2.194713E+01  7.562128E+01
 3.120000E+02  2.195500E+01  2.195684E+01  7.565239E+01
 3.122500E+02  2.196471E+01  2.196655E+01  7.568350E+01
 3.125000E+02  2.197443E+01  2.197627E+01  7.571461E+01
 3.127500E+02  2.198415E+01  2.198599E+01  7.574573E+01
 3.130000E+02  2.199389E+01  2.199573E+01  7.577685E+01
 3.132500E+02  2.200364E+01  2.200548E+01  7.580797E+01
 3.135000E+02  2.201339E+01  2.201523E+01  7.583910E+01
 3.137500E+02  2.202315E+01  2.202499E+01  7.587022E+01
 3.140000E+02  2.203292E+01  2.203476E+01  7.590135E+01
 3.142500E+02  2.204270E+01  2.204454E+01  7.593249E+01
 3.145000E+02  2.205249E+01  2.205433E+01  7.596362E+01
 3.147500E+02  2.206229E+01  2.206413E+01  7.599476E+01
 3.150000E+02  2.207209E+01  2.207393E+01  7.602590E+01
 3.152500E+02  2.208191E+01  2.208375E+01  7.605704E+01
 3.155000E+02  2.209173E+01  2.209357E+01  7.608819E+01
 3.157500E+02  2.210156E+01  2.210340E+01  7.611934E+01
 3.160000E+02  2.211140E+01  2.211324E+01  7.615050E+01
 3.162500E+02  2.212125E+01  2.212309E+01  7.618166E+01
 3.165000E+02  2.213111E+01  2.213295E+01  7.621282E+01
 3.167500E+02  2.214098E+01  2.214282E+01  7.624398E+01
 3.170000E+02  2.215086E+01  2.215270E+01  7.627515E+01
 3.172500E+02  2.216074E+01  2.216258E+01  7.630632E+01
 3.175000E+02  2.217064E+01  2.217248E+01  7.633750E+01
 3.177500E+02  2.218054E+01  2.218238E+01  7.636868E+01
 3.180000E+02  2.219045E+01  2.219229E+01  7.639987E+01
 3.182500E+02  2.220037E+01  2.220222E+01  7.643106E+01
 3.185000E+02  2.221031E+01  2.221215E+01  7.646225E+01
 3.187500E+02  2.222025E+01  2.222209E+01  7.649345E+01
 3.190000E+02  2.223020E+01  2.223204E+01  7.652465E+01
 3.192500E+02  2.224015E+01  2.224200E+01  7.655586E+01
 3.195000E+02  2.225012E+01  2.225196E+01  7.658707E+01
 3.197500E+02  2.226010E+01  2.226194E+01  7.661829E+01
 3.200000E+02  2.227009E+01  2.227193E+01  7.664951E+01
 3.202500E+02  2.228008E+01  2.228192E+01  7.668073E+01
 3.205000E+02  2.229009E+01  2.229193E+01  7.671197E+01
 3.207500E+02  2.230010E+01  2.230195E+01  7.674320E+01
 3.210000E+02  2.231013E+01  2.231197E+01  7.677445E+01
 3.212500E+02  2.232016E+01  2.232201E+01  7.680569E+01
 3.215000E+02  2.233021E+01  2.233205E+01  7.683695E+01
 3.217500E+02  2.234026E+01  2.234210E+01  7.686820E+01
 3.220000E+02  2.235032E+01  2.235217E+01  7.689947E+01
 3.222500E+02  2.236040E+01  2.236224E+01  7.693074E+01
 3.225000E+02  2.237048E+01  2.237232E+01  7.696201E+01
 3.227500E+02  2.238057E+01  2.238241E+01  7.699330E+01
 3.230000E+02  2.239067E+01  2.239252E+01  7.702458E+01
 3.232500E+02  2.240079E+01  2.240263E+01  7.705588E+01
 3.235000E+02  2.241091E+01  2.241275E+01  7.708718E+01
 3.237500E+02  2.242104E+01  2.242288E+01  7.711848E+01
 3.240000E+02  2.243118E+01  2.243302E+01  7.714980E+01
 3.242500E+02  2.244133E+01  2.244317E+01  7.718112E+01
 3.245000E+02  2.245149E+01  2.245333E+01  7.721244E+01
 3.247500E+02  2.246166E+01  2.246351E+01  7.724378E+01
 3.250000E+02  2.247185E+01  2.247369E+01  7.727512E+01
 3.252500E+02  2.248204E+01  2.248388E+01  7.730646E+01
 3.255000E+02  2.249224E+01  2.249408E+01  7.733782E+01
 3.257500E+02  2.250245E+01  2.250429E+01  7.736918E+01
 3.260000E+02  2.251267E+01  2.251451E+01  7.740054E+01
 3.262500E+02  2.252290E+01  2.252475E+01  7.743192E+01
 3.265000E+02  2.253315E+01  2.253499E+01  7.746330E+01
 3.267500E+02  2.254340E+01  2.254524E+01  7.749469E+01
 3.270000E+02  2.255366E+01  2.255551E+01  7.752609E+01
 3.272500E+02  2.256394E+01  2.256578E+01  7.755750E+01
 3.275000E+02  2.257422E+01  2.257606E+01  7.758891E+01
 3.277500E+02  2.258452E+01  2.258636E+01  7.762033E+01
 3.280000E+02  2.259482E+01  2.259666E+01  7.765176E+01
 3.282500E+02  2.260514E+01  2.260698E+01  7.768320E+01
 3.285000E+02  2.261546E+01  2.261730E+01  7.771464E+01
 3.287500E+02  2.262580E+01  2.262764E+01  7.774610E+01
 3.290000E+02  2.263615E+01  2.263799E+01  7.777756E+01
 3.292500E+02  2.264650E+01  2.264835E+01  7.780903E+01
 3.295000E+02  2.265687E+01  2.265871E+01  7.784051E+01
 3.297500E+02  2.266725E+01  2.266909E+01  7.787200E+01
 3.300000E+02  2.267764E+01  2.267948E+01  7.790350E+01
 3.302500E+02  2.268804E+01  2.268989E+01  7.793500E+01
 3.305000E+02  2.269845E+01  2.270030E+01  7.796652E+01
 3.307500E+02  2.270888E+01  2.271072E+01  7.799804E+01
 3.310000E+02  2.271931E+01  2.272115E+01  7.802958E+01
 3.312500E+02  2.272976E+01  2.273160E+01  7.806112E+01
 3.315000E+02  2.274021E+01  2.274206E+01  7.809268E+01
 3.317500E+02  2.275068E+01  2.275252E+01  7.812424E+01
 3.320000E+02  2.276116E+01  2.276300E+01  7.815581E+01
 3.322500E+02  2.277165E+01  2.277349E+01  7.818739E+01
 3.325000E+02  2.278215E+01  2.278399E+01  7.821899E+01
 3.327500E+02  2.279266E+01  2.279450E+01  7.825059E+01
 3.330000E+02  2.280318E+01  2.280502E+01  7.828220E+01
 3.332500E+02  2.281372E+01  2.281556E+01  7.831382E+01
 3.335000E+02  2.282426E+01  2.282610E+01  7.834546E+01
 3.337500E+02  2.283482E+01  2.283666E+01  7.837710E+01
 3.340000E+02  2.284539E+01  2.284723E+01  7.840875E+01
 3.342500E+02  2.285597E+01  2.285781E+01  7.844042E+01
 3.345000E+02  2.286656E+01  2.286840E+01  7.847209E+01
 3.347500E+02  2.287716E+01  2.287901E+01  7.850378E+01
 3.350000E+02  2.288778E+01  2.288962E+01  7.853548E+01
 3.352500E+02  2.289840E+01  2.290025E+01  7.856719E+01
 3.355000E+02  2.290904E+01  2.291088E+01  7.859891E+01
 3.357500E+02  2.291969E+01  2.292153E+01  7.863064E+01
 3.360000E+02  2.293035E+01  2.293220E+01  7.866238E+01
 3.362500E+02  2.294103E+01  2.294287E+01  7.869414E+01
 3.365000E+02  2.295171E+01  2.295356E+01  7.872590E+01
 3.367500E+02  2.296241E+01  2.296425E+01  7.875768E+01
 3.370000E+02  2.297312E+01  2.297496E+01  7.878947E+01
 3.372500E+02  2.298384E+01  2.298568E+01  7.882128E+01
 3.375000E+02  2.299457E+01  2.299642E+01  7.885309E+01
 3.377500E+02  2.300532E+01  2.300716E+01  7.888492E+01
 3.380000E+02  2.301608E+01  2.301792E+01  7.891676E+01
 3.382500E+02  2.302685E+01  2.302869E+01  7.894861E+01
 3.385000E+02  2.303763E+01  2.303947E+01  7.898047E+01
 3.387500E+02  2.304842E+01  2.305027E+01  7.901235E+01
 3.390000E+02  2.305923E+01  2.306107E+01  7.904424E+01
 3.392500E+02  2.307005E+01  2.307189E+01  7.907614E+01
 3.395000E+02  2.308088E+01  2.308272E+01  7.910806E+01
 3.397500E+02  2.309172E+01  2.309357E+01  7.913999E+01
 3.400000E+02  2.310258E+01  2.310443E+01  7.917193E+01
 3.402500E+02  2.311345E+01  2.311529E+01  7.920389E+01
 3.405000E+02  2.312433E+01  2.312618E+01  7.923586E+01
 3.407500E+02  2.313523E+01  2.313707E+01  7.926784E+01
 3.410000E+02  2.314613E+01  2.314798E+01  7.929984E+01
 3.412500E+02  2.315705E+01  2.315890E+01  7.933185E+01
 3.415000E+02  2.316799E+01  2.316983E+01  7.936388E+01
 3.417500E+02  2.317893E+01  2.318078E+01  7.939592E+01
 3.420000E+02  2.318989E+01  2.319173E+01  7.942797E+01
 3.422500E+02  2.320086E+01  2.320271E+01  7.946004E+01
 3.425000E+02  2.321185E+01  2.321369E+01  7.949212E+01
 3.427500E+02  2.322284E+01  2.322469E+01  7.952422E+01
 3.430000E+02  2.323385E+01  2.323570E+01  7.955634E+01
 3.432500E+02  2.324488E+01  2.324672E+01  7.958846E+01
 3.435000E+02  2.325591E+01  2.325776E+01  7.962061E+01
 3.437500E+02  2.326696E+01  2.326881E+01  7.965276E+01
 3.440000E+02  2.327803E+01  2.327987E+01  7.968494E+01
 3.442500E+02  2.328910E+01  2.329095E+01  7.971713E+01
 3.445000E+02  2.330019E+01  2.330204E+01  7.974933E+01
 3.447500E+02  2.331130E+01  2.331314E+01  7.978155E+01
 3.450000E+02  2.332242E+01  2.332426E+01  7.981379E+01
 3.452500E+02  2.333355E+01  2.333539E+01  7.984604E+01
 3.455000E+02  2.334469E+01  2.334654E+01  7.987831E+01
 3.457500E+02  2.335585E+01  2.335770E+01  7.991059E+01
 3.460000E+02  2.336702E+01  2.336887E+01  7.994289E+01
 3.462500E+02  2.337821E+01  2.338005E+01  7.997521E+01
 3.465000E+02  2.338941E+01  2.339125E+01  8.000754E+01
 3.467500E+02  2.340062E+01  2.340247E+01  8.003989E+01
 3.470000E+02  2.341185E+01  2.341369E+01  8.007226E+01
 3.472500E+02  2.342309E+01  2.342493E+01  8.010464E+01
 3.475000E+02  2.343434E+01  2.343619E+01  8.013704E+01
 3.477500E+02  2.344561E+01  2.344746E+01  8.016946E+01
 3.480000E+02  2.345690E+01  2.345874E+01  8.020190E+01
 3.482500E+02  2.346819E+01  2.347004E+01  8.023435E+01
 3.485000E+02  2.347951E+01  2.348135E+01  8.026682E+01
 3.487500E+02  2.349083E+01  2.349268E+01  8.029931E+01
 3.490000E+02  2.350217E+01  2.350402E+01  8.033181E+01
 3.492500E+02  2.351353E+01  2.351537E+01  8.036434E+01
 3.495000E+02  2.352490E+01  2.352674E+01  8.039688E+01
 3.497500E+02  2.353628E+01  2.353813E+01  8.042944E+01
 3.500000E+02  2.354768E+01  2.354953E+01  8.046202E+01
 3.502500E+02  2.355909E+01  2.356094E+01  8.049462E+01
 3.505000E+02  2.357052E+01  2.357237E+01  8.052724E+01
 3.507500E+02  2.358196E+01  2.358381E+01  8.055987E+01
 3.510000E+02  2.359342E+01  2.359527E+01  8.059253E+01
 3.512500E+02  2.360489E+01  2.360674E+01  8.062520E+01
 3.515000E+02  2.361638E+01  2.361823E+01  8.065789E+01
 3.517500E+02  2.362788E+01  2.362973E+01  8.069060E+01
 3.520000E+02  2.363940E+01  2.364125E+01  8.072334E+01
 3.522500E+02  2.365093E+01  2.365278E+01  8.075609E+01
 3.525000E+02  2.366248E+01  2.366433E+01  8.078886E+01
 3.527500E+02  2.367404E+01  2.367589E+01  8.082165E+01
 3.530000E+02  2.368562E+01  2.368747E+01  8.085446E+01
 3.532500E+02  2.369721E+01  2.369906E+01  8.088729E+01
 3.535000E+02  2.370882E+01  2.371067E+01  8.092014E+01
 3.537500E+02  2.372045E+01  2.372230E+01  8.095301E+01
 3.540000E+02  2.373209E+01  2.373394E+01  8.098591E+01
 3.542500E+02  2.374374E+01  2.374559E+01  8.101882E+01
 3.545000E+02  2.375541E+01  2.375726E+01  8.105175E+01
 3.547500E+02  2.376710E+01  2.376895E+01  8.108471E+01
 3.550000E+02  2.377880E+01  2.378065E+01  8.111769E+01
 3.552500E+02  2.379052E+01  2.379237E+01  8.115068E+01
 3.555000E+02  2.380226E+01  2.380410E+01  8.118370E+01
 3.557500E+02  2.381401E+01  2.381586E+01  8.121674E+01
 3.560000E+02  2.382577E+01  2.382762E+01  8.124981E+01
 3.562500E+02  2.383755E+01  2.383940E+01  8.128289E+01
 3.565000E+02  2.384935E+01  2.385120E+01  8.131600E+01
 3.567500E+02  2.386117E+01  2.386302E+01  8.134913E+01
 3.570000E+02  2.387300E+01  2.387485E+01  8.138228E+01
 3.572500E+02  2.388485E+01  2.388669E+01  8.141545E+01
 3.575000E+02  2.389671E+01  2.389856E+01  8.144865E+01
 3.577500E+02  2.390859E+01  2.391044E+01  8.148187E+01
 3.580000E+02  2.392049E+01  2.392233E+01  8.151511E+01
 3.582500E+02  2.393240E+01  2.393425E+01  8.154838E+01
 3.585000E+02  2.394433E+01  2.394618E+01  8.158167E+01
 3.587500E+02  2.395627E+01  2.395812E+01  8.161498E+01
 3.590000E+02  2.396824E+01  2.397009E+01  8.164831E+01
 3.592500E+02  2.398022E+01  2.398207E+01  8.168167E+01
 3.595000E+02  2.399221E+01  2.399406E+01  8.171505E+01
 3.597500E+02  2.400423E+01  2.400608E+01  8.174846E+01
 3.600000E+02  2.401626E+01  2.401811E+01  8.178189E+01
 3.602500E+02  2.402831E+01  2.403016E+01  8.181535E+01
 3.605000E+02  2.404037E+01  2.404222E+01  8.184883E+01
 3.607500E+02  2.405246E+01  2.405431E+01  8.188233E+01
 3.610000E+02  2.406456E+01  2.406641E+01  8.191586E+01
 3.612500E+02  2.407667E+01  2.407852E+01  8.194942E+01
 3.615000E+02  2.408881E+01  2.409066E+01  8.198300E+01
 3.617500E+02  2.410096E+01  2.410281E+01  8.201660E+01
 3.620000E+02  2.411313E+01  2.411498E+01  8.205023E+01
 3.622500E+02  2.412532E+01  2.412717E+01  8.208389E+01
 3.625000E+02  2.413752E+01  2.413937E+01  8.211757E+01
 3.627500E+02  2.414974E+01  2.415160E+01  8.215127E+01
 3.630000E+02  2.416199E+01  2.416384E+01  8.218501E+01
 3.632500E+02  2.417424E+01  2.417609E+01  8.221877E+01
 3.635000E+02  2.418652E+01  2.418837E+01  8.225255E+01
 3.637500E+02  2.419882E+01  2.420067E+01  8.228636E+01
 3.640000E+02  2.421113E+01  2.421298E+01  8.232020E+01
 3.642500E+02  2.422346E+01  2.422531E+01  8.235407E+01
 3.645000E+02  2.423581E+01  2.423766E+01  8.238796E+01
 3.647500E+02  2.424818E+01  2.425003E+01  8.242188E+01
 3.650000E+02  2.426056E+01  2.426241E+01  8.245582E+01
 3.652500E+02  2.427297E+01  2.427482E+01  8.248980E+01
 3.655000E+02  2.428539E+01  2.428724E+01  8.252380E+01
 3.657500E+02  2.429783E+01  2.429968E+01  8.255783E+01
 3.660000E+02  2.431029E+01  2.431215E+01  8.259189E+01
 3.662500E+02  2.432277E+01  2.432463E+01  8.262597E+01
 3.665000E+02  2.433527E+01  2.433712E+01  8.266009E+01
 3.667500E+02  2.434779E+01  2.434964E+01  8.269423E+01
 3.670000E+02  2.436033E+01  2.436218E+01  8.272840E+01
 3.672500E+02  2.437288E+01  2.437473E+01  8.276260E+01
 3.675000E+02  2.438546E+01  2.438731E+01  8.279683E+01
 3.677500E+02  2.439805E+01  2.439990E+01  8.283109E+01
 3.680000E+02  2.441066E+01  2.441252E+01  8.286537E+01
 3.682500E+02  2.442330E+01  2.442515E+01  8.289969E+01
 3.685000E+02  2.443595E+01  2.443780E+01  8.293404E+01
 3.687500E+02  2.444862E+01  2.445047E+01  8.296841E+01
 3.690000E+02  2.446131E+01  2.446316E+01  8.300282E+01
 3.692500E+02  2.447402E+01  2.447587E+01  8.303725E+01
 3.695000E+02  2.448675E+01  2.448861E+01  8.307172E+01
 3.697500E+02  2.449950E+01  2.450136E+01  8.310622E+01
 3.700000E+02  2.451227E+01  2.451413E+01  8.314075E+01
 3.702500E+02  2.452507E+01  2.452692E+01  8.317530E+01
 3.705000E+02  2.453788E+01  2.453973E+01  8.320989E+01
 3.707500E+02  2.455071E+01  2.455256E+01  8.324451E+01
 3.710000E+02  2.456356E+01  2.456541E+01  8.327916E+01
 3.712500E+02  2.457643E+01  2.457828E+01  8.331385E+01
 3.715000E+02  2.458932E+01  2.459118E+01  8.334856E+01
 3.717500E+02  2.460224E+01  2.460409E+01  8.338331E+01
 3.720000E+02  2.461517E+01  2.461702E+01  8.341809E+01
 3.722500E+02  2.462812E+01  2.462998E+01  8.345290E+01
 3.725000E+02  2.464110E+01  2.464295E+01  8.348774E+01
 3.727500E+02  2.465409E+01  2.465595E+01  8.352262E+01
 3.730000E+02  2.466711E+01  2.466896E+01  8.355753E+01
 3.732500E+02  2.468015E+01  2.468200E+01  8.359247E+01
 3.735000E+02  2.469321E+01  2.469506E+01  8.362744E+01
 3.737500E+02  2.470629E+01  2.470814E+01  8.366245E+01
 3.740000E+02  2.471939E+01  2.472124E+01  8.369749E+01
 3.742500E+02  2.473251E+01  2.473436E+01  8.373257E+01
 3.745000E+02  2.474565E+01  2.474751E+01  8.376768E+01
 3.747500E+02  6.388910E+01  6.699268E+01  1.965306E+02
 3.750000E+02  6.389553E+01  6.700119E+01  1.965534E+02
 3.752500E+02  6.390196E+01  6.700971E+01  1.965761E+02
 3.755000E+02  6.390839E+01  6.701823E+01  1.965988E+02
 3.757500E+02  6.391482E+01  6.702675E+01  1.966214E+02
 3.760000E+02  6.392125E+01  6.703527E+01  1.966441E+02
 3.762500E+02  6.392768E+01  6.704379E+01  1.966668E+02
 3.765000E+02  6.393411E+01  6.705231E+01  1.966894E+02
 3.767500E+02  6.394054E+01  6.706083E+01  1.967120E+02
 3.770000E+02  6.394697E+01  6.706935E+01  1.967346E+02
 3.772500E+02  6.395340E+01  6.707788E+01  1.967572E+02
 3.775000E+02  6.395984E+01  6.708640E+01  1.967798E+02
 3.777500E+02  6.396627E+01  6.709492E+01  1.968024E+02
 3.780000E+02  6.397270E+01  6.710344E+01  1.968249E+02
 3.782500E+02  6.397914E+01  6.711197E+01  1.968475E+02
 3.785000E+02  6.398557E+01  6.712049E+01  1.968700E+02
 3.787500E+02  6.399200E+01  6.712901E+01  1.968925E+02
 3.790000E+02  6.399844E+01  6.713754E+01  1.969150E+02
 3.792500E+02  6.400487E+01  6.714606E+01  1.969375E+02
 3.795000E+02  6.401131E+01  6.715459E+01  1.969600E+02
 3.797500E+02  6.401775E+01  6.716311E+01  1.969824E+02
 3.800000E+02  6.402418E+01  6.717164E+01  1.970049E+02
 3.802500E+02  6.403062E+01  6.718017E+01  1.970273E+02
 3.805000E+02  6.403706E+01  6.718869E+01  1.970497E+02
 3.807500E+02  6.404349E+01  6.719722E+01  1.970721E+02
 3.810000E+02  6.404993E+01  6.720575E+01  1.970945E+02
 3.812500E+02  6.405637E+01  6.721428E+01  1.971169E+02
 3.815000E+02  6.406281E+01  6.722281E+01  1.971393E+02
 3.817500E+02  6.406925E+01  6.723133E+01  1.971616E+02
 3.820000E+02  6.407569E+01  6.723986E+01  1.971839E+02
 3.822500E+02  6.408213E+01  6.724839E+01  1.972063E+02
 3.825000E+02  6.408857E+01  6.725692E+01  1.972286E+02
 3.827500E+02  6.409501E+01  6.726545E+01  1.972509E+02
 3.830000E+02  6.410145E+01  6.727398E+01  1.972732E+02
 3.832500E+02  6.410789E+01  6.728252E+01  1.972954E+02
 3.835000E+02  6.411434E+01  6.729105E+01  1.973177E+02
 3.837500E+02  6.412078E+01  6.729958E+01  1.973399E+02
 3.840000E+02  6.412722E+01  6.730811E+01  1.973621E+02
 3.842500E+02  6.413367E+01  6.731665E+01  1.973844E+02
 3.845000E+02  6.414011E+01  6.732518E+01  1.974066E+02
 3.847500E+02  6.414655E+01  6.733371E+01  1.974287E+02
 3.850000E+02  6.415300E+01  6.734225E+01  1.974509E+02
 3.852500E+02  6.415944E+01  6.735078E+01  1.974731E+02
 3.855000E+02  6.416589E+01  6.735932E+01  1.974952E+02
 3.857500E+02  6.417234E+01  6.736785E+01  1.975174E+02
 3.860000E+02  6.417878E+01  6.737639E+01  1.975395E+02
 3.862500E+02  6.418523E+01  6.738492E+01  1.975616E+02
 3.865000E+02  6.419168E+01  6.739346E+01  1.975837E+02
 3.867500E+02  6.419812E+01  6.740200E+01  1.976058E+02
 3.870000E+02  6.420457E+01  6.741053E+01  1.976278E+02
 3.872500E+02  6.421102E+01  6.741907E+01  1.976499E+02
 3.875000E+02  6.421747E+01  6.742761E+01  1.976719E+02
 3.877500E+02  6.422392E+01  6.743615E+01  1.976940E+02
 3.880000E+02  6.423037E+01  6.744469E+01  1.977160E+02
 3.882500E+02  6.423682E+01  6.745323E+01  1.977380E+02
 3.885000E+02  6.424327E+01  6.746177E+01  1.977600E+02
 3.887500E+02  6.424972E+01  6.747031E+01  1.977819E+02
 3.890000E+02  6.425618E+01  6.747885E+01  1.978039E+02
 3.892500E+02  6.426263E+01  6.748739E+01  1.978259E+02
 3.895000E+02  6.426908E+01  6.749593E+01  1.978478E+02
 3.897500E+02  6.427554E+01  6.750448E+01  1.978697E+02
 3.900000E+02  6.428199E+01  6.751302E+01  1.978916E+02
 3.902500E+02  6.428844E+01  6.752156E+01  1.979135E+02
 3.905000E+02  6.429490E+01  6.753010E+01  1.979354E+02
 3.907500E+02  6.430135E+01  6.753865E+01  1.979573E+02
 3.910000E+02  6.430781E+01  6.754719E+01  1.979791E+02
 3.912500E+02  6.431426E+01  6.755574E+01  1.980010E+02
 3.915000E+02  6.432072E+01  6.756428E+01  1.980228E+02
 3.917500E+02  6.432718E+01  6.757283E+01  1.980446E+02
 3.920000E+02  6.433364E+01  6.758137E+01  1.980664E+02
 3.922500E+02  6.434009E+01  6.758992E+01  1.980882E+02
 3.925000E+02  6.434655E+01  6.759847E+01  1.981100E+02
 3.927500E+02  6.435301E+01  6.760702E+01  1.981318E+02
 3.930000E+02  6.435947E+01  6.761556E+01  1.981536E+02
 3.932500E+02  6.436593E+01  6.762411E+01  1.981753E+02
 3.935000E+02  6.437239E+01  6.763266E+01  1.981970E+02
 3.937500E+02  6.437885E+01  6.764121E+01  1.982187E+02
 3.940000E+02  6.438531E+01  6.764976E+01  1.982405E+02
 3.942500E+02  6.439177E+01  6.765831E+01  1.982621E+02
 3.945000E+02  6.439823E+01  6.766686E+01  1.982838E+02
 3.947500E+02  6.440470E+01  6.767541E+01  1.983055E+02
 3.950000E+02  6.441116E+01  6.768396E+01  1.983272E+02
 3.952500E+02  6.441762E+01  6.769251E+01  1.983488E+02
 3.955000E+02  6.442409E+01  6.770107E+01  1.983704E+02
 3.957500E+02  6.443055E+01  6.770962E+01  1.983920E+02
 3.960000E+02  6.443702E+01  6.771817E+01  1.984137E+02
 3.962500E+02  6.444348E+01  6.772673E+01  1.984352E+02
 3.965000E+02  6.444995E+01  6.773528E+01  1.984568E+02
 3.967500E+02  6.445641E+01  6.774383E+01  1.984784E+02
 3.970000E+02  6.446288E+01  6.775239E+01  1.985000E+02
 3.972500E+02  6.446935E+01  6.776094E+01  1.985215E+02
 3.975000E+02  6.447581E+01  6.776950E+01  1.985430E+02
 3.977500E+02  6.448228E+01  6.777806E+01  1.985645E+02
 3.980000E+02  6.448875E+01  6.778661E+01  1.985861E+02
 3.982500E+02  6.449522E+01  6.779517E+01  1.986075E+02
 3.985000E+02  6.450169E+01  6.780373E+01  1.986290E+02
 3.987500E+02  6.450816E+01  6.781229E+01  1.986505E+02
 3.990000E+02  6.451463E+01  6.782084E+01  1.986720E+02
 3.992500E+02  6.452110E+01  6.782940E+01  1.986934E+02
 3.995000E+02  6.452757E+01  6.783796E+01  1.987148E+02
 3.997500E+02  6.453404E+01  6.784652E+01  1.987362E+02
 4.000000E+02  6.454052E+01  6.785508E+01  1.987577E+02
 4.002500E+02  6.454699E+01  6.786364E+01  1.987791E+02
 4.005000E+02  6.455346E+01  6.787221E+01  1.988004E+02
 4.007500E+02  6.455994E+01  6.788077E+01  1.988218E+02
 4.010000E+02  6.456641E+01  6.788933E+01  1.988432E+02
 4.012500E+02  6.457288E+01  6.789789E+01  1.988645E+02
 4.015000E+02  6.457936E+01  6.790646E+01  1.988858E+02
 4.017500E+02  6.458584E+01  6.791502E+01  1.989072E+02
 4.020000E+02  6.459231E+01  6.792358E+01  1.989285E+02
 4.022500E+02  6.459879E+01  6.793215E+01  1.989498E+02
 4.025000E+02  6.460527E+01  6.794071E+01  1.989711E+02
 4.027500E+02  6.461174E+01  6.794928E+01  1.989923E+02
 4.030000E+02  6.461822E+01  6.795785E+01  1.990136E+02
 4.032500E+02  6.462470E+01  6.796641E+01  1.990349E+02
 4.035000E+02  6.463118E+01  6.797498E+01  1.990561E+02
 4.037500E+02  6.463766E+01  6.798355E+01  1.990773E+02
 4.040000E+02  6.464414E+01  6.799211E+01  1.990985E+02
 4.042500E+02  6.465062E+01  6.800068E+01  1.991197E+02
 4.045000E+02  6.465710E+01  6.800925E+01  1.991409E+02
 4.047500E+02  6.466358E+01  6.801782E+01  1.991621E+02
 4.050000E+02  6.467006E+01  6.802639E+01  1.991833E+02
 4.052500E+02  6.467655E+01  6.803496E+01  1.992044E+02
 4.055000E+02  6.468303E+01  6.804353E+01  1.992256E+02
 4.057500E+02  6.468951E+01  6.805210E+01  1.992467E+02
 4.060000E+02  6.469600E+01  6.806068E+01  1.992678E+02
 4.062500E+02  6.470248E+01  6.806925E+01  1.992889E+02
 4.065000E+02  6.470897E+01  6.807782E+01  1.993100E+02
 4.067500E+02  6.471545E+01  6.808639E+01  1.993311E+02
 4.070000E+02  6.472194E+01  6.809497E+01  1.993522E+02
 4.072500E+02  6.472842E+01  6.810354E+01  1.993732E+02
 4.075000E+02  6.473491E+01  6.811212E+01  1.993943E+02
 4.077500E+02  6.474140E+01  6.812069E+01  1.994153E+02
 4.080000E+02  6.474789E+01  6.812927E+01  1.994363E+02
 4.082500E+02  6.475438E+01  6.813784E+01  1.994574E+02
 4.085000E+02  6.476086E+01  6.814642E+01  1.994784E+02
 4.087500E+02  6.476735E+01  6.815500E+01  1.994994E+02
 4.090000E+02  6.477384E+01  6.816357E+01  1.995203E+02
 4.092500E+02  6.478033E+01  6.817215E+01  1.995413E+02
 4.095000E+02  6.478682E+01  6.818073E+01  1.995623E+02
 4.097500E+02  6.479332E+01  6.818931E+01  1.995832E+02
 4.100000E+02  6.479981E+01  6.819789E+01  1.996041E+02
 4.102500E+02  6.480630E+01  6.820647E+01  1.996250E+02
 4.105000E+02  6.481279E+01  6.821505E+01  1.996460E+02
 4.107500E+02  6.481929E+01  6.822363E+01  1.996669E+02
 4.110000E+02  6.482578E+01  6.823221E+01  1.996877E+02
 4.112500E+02  6.483228E+01  6.824079E+01  1.997086E+02
 4.115000E+02  6.483877E+01  6.824938E+01  1.997295E+02
 4.117500E+02  6.484527E+01  6.825796E+01  1.997503E+02
 4.120000E+02  6.485176E+01  6.826654E+01  1.997712E+02
 4.122500E+02  6.485826E+01  6.827513E+01  1.997920E+02
 4.125000E+02  6.486476E+01  6.828371E+01  1.998128E+02
 4.127500E+02  6.487125E+01  6.829229E+01  1.998336E+02
 4.130000E+02  6.487775E+01  6.830088E+01  1.998544E+02
 4.132500E+02  6.488425E+01  6.830947E+01  1.998752E+02
 4.135000E+02  6.489075E+01  6.831805E+01  1.998960E+02
 4.137500E+02  6.489725E+01  6.832664E+01  1.999167E+02
 4.140000E+02  6.490375E+01  6.833523E+01  1.999375E+02
 4.142500E+02  6.491025E+01  6.834381E+01  1.999582E+02
 4.145000E+02  6.491675E+01  6.835240E+01  1.999789E+02
 4.147500E+02  6.492325E+01  6.836099E+01  1.999997E+02
 4.150000E+02  6.492975E+01  6.836958E+01  2.000204E+02
 4.152500E+02  6.493626E+01  6.837817E+01  2.000410E+02
 4.155000E+02  6.494276E+01  6.838676E+01  2.000617E+02
 4.157500E+02  6.494926E+01  6.839535E+01  2.000824E+02
 4.160000E+02  6.495577E+01  6.840394E+01  2.001031E+02
 4.162500E+02  6.496227E+01  6.841253E+01  2.001237E+02
 4.165000E+02  6.496878E+01  6.842113E+01  2.001443E+02
 4.167500E+02  6.497528E+01  6.842972E+01  2.001650E+02
 4.170000E+02  6.498179E+01  6.843831E+01  2.001856E+02
 4.172500E+02  6.498830E+01  6.844691E+01  2.002062E+02
 4.175000E+02  6.499480E+01  6.845550E+01  2.002268E+02
 4.177500E+02  6.500131E+01  6.846410E+01  2.002474E+02
 4.180000E+02  6.500782E+01  6.847269E+01  2.002679E+02
 4.182500E+02  6.501433E+01  6.848129E+01  2.002885E+02
 4.185000E+02  6.502084E+01  6.848988E+01  2.003090E+02
 4.187500E+02  6.502735E+01  6.849848E+01  2.003296E+02
 4.190000E+02  6.503386E+01  6.850708E+01  2.003501E+02
 4.192500E+02  6.504037E+01  6.851568E+01  2.003706E+02
 4.195000E+02  6.504688E+01  6.852428E+01  2.003911E+02
 4.197500E+02  6.505339E+01  6.853287E+01  2.004116E+02
 4.200000E+02  6.505991E+01  6.854147E+01  2.004321E+02
 4.202500E+02  6.506642E+01  6.855007E+01  2.004525E+02
 4.205000E+02  6.507293E+01  6.855867E+01  2.004730E+02
 4.207500E+02  6.507945E+01  6.856728E+01  2.004935E+02
 4.210000E+02  6.508596E+01  6.857588E+01  2.005139E+02
 4.212500E+02  6.509248E+01  6.858448E+01  2.005343E+02
 4.215000E+02  6.509899E+01  6.859308E+01  2.005547E+02
 4.217500E+02  6.510551E+01  6.860168E+01  2.005751E+02
 4.220000E+02  6.511203E+01  6.861029E+01  2.005955E+02
 4.222500E+02  6.511854E+01  6.861889E+01  2.006159E+02
 4.225000E+02  6.512506E+01  6.862750E+01  2.006363E+02
 4.227500E+02  6.513158E+01  6.863610E+01  2.006566E+02
 4.230000E+02  6.513810E+01  6.864471E+01  2.006770E+02
 4.232500E+02  6.514462E+01  6.865331E+01  2.006973E+02
 4.235000E+02  6.515114E+01  6.866192E+01  2.007177E+02
 4.237500E+02  6.515766E+01  6.867053E+01  2.007380E+02
 4.240000E+02  6.516418E+01  6.867914E+01  2.007583E+02
 4.242500E+02  6.517070E+01  6.868774E+01  2.007786E+02
 4.245000E+02  6.517722E+01  6.869635E+01  2.007989E+02
 4.247500E+02  6.518375E+01  6.870496E+01  2.008192E+02
 4.250000E+02  6.519027E+01  6.871357E+01  2.008394E+02
 4.252500E+02  6.519679E+01  6.872218E+01  2.008597E+02
 4.255000E+02  6.520332E+01  6.873079E+01  2.008799E+02
 4.257500E+02  6.520984E+01  6.873940E+01  2.009001E+02
 4.260000E+02  6.521637E+01  6.874802E+01  2.009204E+02
 4.262500E+02  6.522289E+01  6.875663E+01  2.009406E+02
 4.265000E+02  6.522942E+01  6.876524E+01  2.009608E+02
 4.267500E+02  6.523595E+01  6.877385E+01  2.009810E+02
 4.270000E+02  6.524247E+01  6.878247E+01  2.010011E+02
 4.272500E+02  6.524900E+01  6.879108E+01  2.010213E+02
 4.275000E+02  6.525553E+01  6.879970E+01  2.010415E+02
 4.277500E+02  6.526206E+01  6.880831E+01  2.010616E+02
 4.280000E+02  6.526859E+01  6.881693E+01  2.010818E+02
 4.282500E+02  6.527512E+01  6.882555E+01  2.011019E+02
 4.285000E+02  6.528165E+01  6.883416E+01  2.011220E+02
 4.287500E+02  6.528818E+01  6.884278E+01  2.011421E+02
 4.290000E+02  6.529471E+01  6.885140E+01  2.011622E+02
 4.292500E+02  6.530125E+01  6.886002E+01  2.011823E+02
 4.295000E+02  6.530778E+01  6.886864E+01  2.012024E+02
 4.297500E+02  6.531431E+01  6.887726E+01  2.012224E+02
 4.300000E+02  6.532085E+01  6.888588E+01  2.012425E+02
 4.302500E+02  6.532738E+01  6.889450E+01  2.012625E+02
 4.305000E+02  6.533392E+01  6.890312E+01  2.012826E+02
 4.307500E+02  6.534045E+01  6.891174E+01  2.013026E+02
 4.310000E+02  6.534699E+01  6.892037E+01  2.013226E+02
 4.312500E+02  6.535352E+01  6.892899E+01  2.013426E+02
 4.315000E+02  6.536006E+01  6.893761E+01  2.013626E+02
 4.317500E+02  6.536660E+01  6.894624E+01  2.013826E+02
 4.320000E+02  6.537314E+01  6.895486E+01  2.014025E+02
 4.322500E+02  6.537968E+01  6.896349E+01  2.014225E+02
 4.325000E+02  6.538622E+01  6.897211E+01  2.014424E+02
 4.327500E+02  6.539276E+01  6.898074E+01  2.014624E+02
 4.330000E+02  6.539930E+01  6.898937E+01  2.014823E+02
 4.332500E+02  6.540584E+01  6.899799E+01  2.015022E+02
 4.335000E+02  6.541238E+01  6.900662E+01  2.015221E+02
 4.337500E+02  6.541892E+01  6.901525E+01  2.015420E+02
 4.340000E+02  6.542547E+01  6.902388E+01  2.015619E+02
 4.342500E+02  6.543201E+01  6.903251E+01  2.015818E+02
 4.345000E+02  6.543855E+01  6.904114E+01  2.016017E+02
 4.347500E+02  6.544510E+01  6.904977E+01  2.016215E+02
 4.350000E+02  6.545164E+01  6.905840E+01  2.016414E+02
 4.352500E+02  6.545819E+01  6.906703E+01  2.016612E+02
 4.355000E+02  6.546473E+01  6.907566E+01  2.016810E+02
 4.357500E+02  6.547128E+01  6.908430E+01  2.017009E+02
 4.360000E+02  6.547783E+01  6.909293E+01  2.017207E+02
 4.362500E+02  6.548438E+01  6.910156E+01  2.017405E+02
 4.365000E+02  6.549092E+01  6.911020E+01  2.017602E+02
 4.367500E+02  6.549747E+01  6.911883E+01  2.017800E+02
 4.370000E+02  6.550402E+01  6.912747E+01  2.017998E+02
 4.372500E+02  6.551057E+01  6.913610E+01  2.018195E+02
 4.375000E+02  6.551712E+01  6.914474E+01  2.018393E+02
 4.377500E+02  6.552367E+01  6.915338E+01  2.018590E+02
 4.380000E+02  6.553023E+01  6.916202E+01  2.018788E+02
 4.382500E+02  6.553678E+01  6.917065E+01  2.018985E+02
 4.385000E+02  6.554333E+01  6.917929E+01  2.019182E+02
 4.387500E+02  6.554988E+01  6.918793E+01  2.019379E+02
 4.390000E+02  6.555644E+01  6.919657E+01  2.019576E+02
 4.392500E+02  6.556299E+01  6.920521E+01  2.019772E+02
 4.395000E+02  6.556955E+01  6.921385E+01  2.019969E+02
 4.397500E+02  6.557610E+01  6.922250E+01  2.020166E+02
 4.400000E+02  6.558266E+01  6.923114E+01  2.020362E+02
 4.402500E+02  6.558922E+01  6.923978E+01  2.020558E+02
 4.405000E+02  6.559577E+01  6.924842E+01  2.020755E+02
 4.407500E+02  6.560233E+01  6.925707E+01  2.020951E+02
 4.410000E+02  6.560889E+01  6.926571E+01  2.021147E+02
 4.412500E+02  6.561545E+01  6.927436E+01  2.021343E+02
 4.415000E+02  6.562201E+01  6.928300E+01  2.021539E+02
 4.417500E+02  6.562857E+01  6.929165E+01  2.021735E+02
 4.420000E+02  6.563513E+01  6.930029E+01  2.021930E+02
 4.422500E+02  6.564169E+01  6.930894E+01  2.022126E+02
 4.425000E+02  6.564825E+01  6.931759E+01  2.022321E+02
 4.427500E+02  6.565482E+01  6.932624E+01  2.022517E+02
 4.430000E+02  6.566138E+01  6.933489E+01  2.022712E+02
 4.432500E+02  6.566794E+01  6.934354E+01  2.022907E+02
 4.435000E+02  6.567451E+01  6.935219E+01  2.023102E+02
 4.437500E+02  6.568107E+01  6.936084E+01  2.023297E+02
 4.440000E+02  6.568764E+01  6.936949E+01  2.023492E+02
 4.442500E+02  6.569420E+01  6.937814E+01  2.023687E+02
 4.445000E+02  6.570077E+01  6.938679E+01  2.023882E+02
 4.447500E+02  6.570734E+01  6.939544E+01  2.024076E+02
 4.450000E+02  6.571390E+01  6.940410E+01  2.024271E+02
 4.452500E+02  6.572047E+01  6.941275E+01  2.024465E+02
 4.455000E+02  6.572704E+01  6.942140E+01  2.024660E+02
 4.457500E+02  6.573361E+01  6.943006E+01  2.024854E+02
 4.460000E+02  6.574018E+01  6.943872E+01  2.025048E+02
 4.462500E+02  6.574675E+01  6.944737E+01  2.025242E+02
 4.465000E+02  6.575332E+01  6.945603E+01  2.025436E+02
 4.467500E+02  6.575989E+01  6.946469E+01  2.025630E+02
 4.470000E+02  6.576646E+01  6.947334E+01  2.025823E+02
 4.472500E+02  6.577304E+01  6.948200E+01  2.026017E+02
 4.475000E+02  6.577961E+01  6.949066E+01  2.026211E+02
 4.477500E+02  6.578618E+01  6.949932E+01  2.026404E+02
 4.480000E+02  6.579276E+01  6.950798E+01  2.026597E+02
 4.482500E+02  6.579933E+01  6.951664E+01  2.026791E+02
 4.485000E+02  6.580591E+01  6.952530E+01  2.026984E+02
 4.487500E+02  6.581249E+01  6.953396E+01  2.027177E+02
 4.490000E+02  6.581906E+01  6.954263E+01  2.027370E+02
 4.492500E+02  6.582564E+01  6.955129E+01  2.027563E+02
 4.495000E+02  6.583222E+01  6.955995E+01  2.027756E+02
 4.497500E+02  6.583880E+01  6.956862E+01  2.027948E+02
 4.500000E+02  6.584538E+01  6.957728E+01  2.028141E+02
 4.502500E+02  6.585195E+01  6.958595E+01  2.028333E+02
 4.505000E+02  6.585854E+01  6.959461E+01  2.028526E+02
 4.507500E+02  6.586512E+01  6.960328E+01  2.028718E+02
 4.510000E+02  6.587170E+01  6.961194E+01  2.028910E+02
 4.512500E+02  6.587828E+01  6.962061E+01  2.029102E+02
 4.515000E+02  6.588486E+01  6.962928E+01  2.029294E+02
 4.517500E+02  6.589144E+01  6.963795E+01  2.029486E+02
 4.520000E+02  6.589803E+01  6.964662E+01  2.029678E+02
 4.522500E+02  6.590461E+01  6.965529E+01  2.029870E+02
 4.525000E+02  6.591120E+01  6.966396E+01  2.030062E+02
 4.527500E+02  6.591778E+01  6.967263E+01  2.030253E+02
 4.530000E+02  6.592437E+01  6.968130E+01  2.030445E+02
 4.532500E+02  6.593096E+01  6.968997E+01  2.030636E+02
 4.535000E+02  6.593754E+01  6.969864E+01  2.030827E+02
 4.537500E+02  6.594413E+01  6.970732E+01  2.031019E+02
 4.540000E+02  6.595072E+01  6.971599E+01  2.031210E+02
 4.542500E+02  6.595731E+01  6.972467E+01  2.031401E+02
 4.545000E+02  6.596390E+01  6.973334E+01  2.031592E+02
 4.547500E+02  6.597049E+01  6.974202E+01  2.031782E+02
 4.550000E+02  6.597708E+01  6.975069E+01  2.031973E+02
 4.552500E+02  6.598367E+01  6.975937E+01  2.032164E+02
 4.555000E+02  6.599026E+01  6.976805E+01  2.032354E+02
 4.557500E+02  6.599685E+01  6.977672E+01  2.032545E+02
 4.560000E+02  6.600345E+01  6.978540E+01  2.032735E+02
 4.562500E+02  6.601004E+01  6.979408E+01  2.032925E+02
 4.565000E+02  6.601664E+01  6.980276E+01  2.033116E+02
 4.567500E+02  6.602323E+01  6.981144E+01  2.033306E+02
 4.570000E+02  6.602983E+01  6.982012E+01  2.033496E+02
 4.572500E+02  6.603642E+01  6.982880E+01  2.033686E+02
 4.575000E+02  6.604302E+01  6.983748E+01  2.033875E+02
 4.577500E+02  6.604962E+01  6.984617E+01  2.034065E+02
 4.580000E+02  6.605621E+01  6.985485E+01  2.034255E+02
 4.582500E+02  6.606281E+01  6.986353E+01  2.034444E+02
 4.585000E+02  6.606941E+01  6.987222E+01  2.034634E+02
 4.587500E+02  6.607601E+01  6.988090E+01  2.034823E+02
 4.590000E+02  6.608261E+01  6.988959E+01  2.035012E+02
 4.592500E+02  6.608921E+01  6.989827E+01  2.035202E+02
 4.595000E+02  6.609581E+01  6.990696E+01  2.035391E+02
 4.597500E+02  6.610242E+01  6.991565E+01  2.035580E+02
 4.600000E+02  6.610902E+01  6.992433E+01  2.035769E+02
 4.602500E+02  6.611562E+01  6.993302E+01  2.035957E+02
 4.605000E+02  6.612222E+01  6.994171E+01  2.036146E+02
 4.607500E+02  6.612883E+01  6.995040E+01  2.036335E+02
 4.610000E+02  6.613543E+01  6.995909E+01  2.036523E+02
 4.612500E+02  6.614204E+01  6.996778E+01  2.036712E+02
 4.615000E+02  6.614865E+01  6.997647E+01  2.036900E+02
 4.617500E+02  6.615525E+01  6.998516E+01  2.037089E+02
 4.620000E+02  6.616186E+01  6.999386E+01  2.037277E+02
 4.622500E+02  6.616847E+01  7.000255E+01  2.037465E+02
 4.625000E+02  6.617508E+01  7.001124E+01  2.037653E+02
 4.627500E+02  6.618169E+01  7.001994E+01  2.037841E+02
 4.630000E+02  6.618829E+01  7.002863E+01  2.038029E+02
 4.632500E+02  6.619491E+01  7.003733E+01  2.038216E+02
 4.635000E+02  6.620152E+01  7.004602E+01  2.038404E+02
 4.637500E+02  6.620813E+01  7.005472E+01  2.038592E+02
 4.640000E+02  6.621474E+01  7.006342E+01  2.038779E+02
 4.642500E+02  6.622135E+01  7.007211E+01  2.038967E+02
 4.645000E+02  6.622797E+01  7.008081E+01  2.039154E+02
 4.647500E+02  6.623458E+01  7.008951E+01  2.039341E+02
 4.650000E+02  6.624119E+01  7.009821E+01  2.039528E+02
 4.652500E+02  6.624781E+01  7.010691E+01  2.039715E+02
 4.655000E+02  6.625442E+01  7.011561E+01  2.039902E+02
 4.657500E+02  6.626104E+01  7.012431E+01  2.040089E+02
 4.660000E+02  6.626766E+01  7.013301E+01  2.040276E+02
 4.662500E+02  6.627428E+01  7.014172E+01  2.040463E+02
 4.665000E+02  6.628089E+01  7.015042E+01  2.040649E+02
 4.667500E+02  6.628751E+01  7.015912E+01  2.040836E+02
 4.670000E+02  6.629413E+01  7.016783E+01  2.041022E+02
 4.672500E+02  6.630075E+01  7.017653E+01  2.041208E+02
 4.675000E+02  6.630737E+01  7.018524E+01  2.041395E+02
 4.677500E+02  6.631399E+01  7.019394E+01  2.041581E+02
 4.680000E+02  6.632061E+01  7.020265E+01  2.041767E+02
 4.682500E+02  6.632724E+01  7.021136E+01  2.041953E+02
 4.685000E+02  6.633386E+01  7.022006E+01  2.042139E+02
 4.687500E+02  6.634048E+01  7.022877E+01  2.042325E+02
 4.690000E+02  6.634711E+01  7.023748E+01  2.042510E+02
 4.692500E+02  6.635373E+01  7.024619E+01  2.042696E+02
 4.695000E+02  6.636036E+01  7.025490E+01  2.042882E+02
 4.697500E+02  6.636698E+01  7.026361E+01  2.043067E+02
 4.700000E+02  6.637361E+01  7.027232E+01  2.043253E+02
 4.702500E+02  6.638024E+01  7.028103E+01  2.043438E+02
 4.705000E+02  6.638687E+01  7.028975E+01  2.043623E+02
 4.707500E+02  6.639349E+01  7.029846E+01  2.043808E+02
 4.710000E+02  6.640012E+01  7.030717E+01  2.043993E+02
 4.712500E+02  6.640675E+01  7.031589E+01  2.044178E+02
 4.715000E+02  6.641338E+01  7.032460E+01  2.044363E+02
 4.717500E+02  6.642001E+01  7.033332E+01  2.044548E+02
 4.720000E+02  6.642664E+01  7.034204E+01  2.044733E+02
 4.722500E+02  6.643328E+01  7.035075E+01  2.044917E+02
 4.725000E+02  6.643991E+01  7.035947E+01  2.045102E+02
 4.727500E+02  6.644654E+01  7.036819E+01  2.045286E+02
 4.730000E+02  6.645318E+01  7.037691E+01  2.045471E+02
 4.732500E+02  6.645981E+01  7.038562E+01  2.045655E+02
 4.735000E+02  6.646645E+01  7.039434E+01  2.045839E+02
 4.737500E+02  6.647308E+01  7.040306E+01  2.046023E+02
 4.740000E+02  6.647972E+01  7.041179E+01  2.046207E+02
 4.742500E+02  6.648635E+01  7.042051E+01  2.046391E+02
 4.745000E+02  6.649299E+01  7.042923E+01  2.046575E+02
 4.747500E+02  6.649963E+01  7.043795E+01  2.046759E+02
 4.750000E+02  6.650627E+01  7.044668E+01  2.046943E+02
 4.752500E+02  6.651291E+01  7.045540E+01  2.047126E+02
 4.755000E+02  6.651955E+01  7.046412E+01  2.047310E+02
 4.757500E+02  6.652619E+01  7.047285E+01  2.047493E+02
 4.760000E+02  6.653283E+01  7.048157E+01  2.047677E+02
 4.762500E+02  6.653947E+01  7.049030E+01  2.047860E+02
 4.765000E+02  6.654611E+01  7.049903E+01  2.048043E+02
 4.767500E+02  6.655276E+01  7.050776E+01  2.048226E+02
 4.770000E+02  6.655940E+01  7.051648E+01  2.048409E+02
 4.772500E+02  6.656605E+01  7.052521E+01  2.048592E+02
 4.775000E+02  6.657269E+01  7.053394E+01  2.048775E+02
 4.777500E+02  6.657934E+01  7.054267E+01  2.048958E+02
 4.780000E+02  6.658598E+01  7.055140E+01  2.049140E+02
 4.782500E+02  6.659263E+01  7.056013E+01  2.049323E+02
 4.785000E+02  6.659928E+01  7.056887E+01  2.049506E+02
 4.787500E+02  6.660592E+01  7.057760E+01  2.049688E+02
 4.790000E+02  6.661257E+01  7.058633E+01  2.049870E+02
 4.792500E+02  6.661922E+01  7.059506E+01  2.050053E+02
 4.795000E+02  6.662587E+01  7.060380E+01  2.050235E+02
 4.797500E+02  6.663252E+01  7.061253E+01  2.050417E+02
 4.800000E+02  6.663917E+01  7.062127E+01  2.050599E+02
 4.802500E+02  6.664582E+01  7.063000E+01  2.050781E+02
 4.805000E+02  6.665248E+01  7.063874E+01  2.050963E+02
 4.807500E+02  6.665913E+01  7.064748E+01  2.051145E+02
 4.810000E+02  6.666578E+01  7.065622E+01  2.051326E+02
 4.812500E+02  6.667244E+01  7.066496E+01  2.051508E+02
 4.815000E+02  6.667909E+01  7.067369E+01  2.051690E+02
 4.817500E+02  6.668575E+01  7.068243E+01  2.051871E+02
 4.820000E+02  6.669240E+01  7.069117E+01  2.052052E+02
 4.822500E+02  6.669906E+01  7.069992E+01  2.052234E+02
 4.825000E+02  6.670572E+01  7.070866E+01  2.052415E+02
 4.827500E+02  6.671238E+01  7.071740E+01  2.052596E+02
 4.830000E+02  6.671903E+01  7.072614E+01  2.052777E+02
 4.832500E+02  6.672569E+01  7.073489E+01  2.052958E+02
 4.835000E+02  6.673235E+01  7.074363E+01  2.053139E+02
 4.837500E+02  6.673901E+01  7.075237E+01  2.053320E+02
 4.840000E+02  6.674567E+01  7.076112E+01  2.053500E+02
 4.842500E+02  6.675234E+01  7.076987E+01  2.053681E+02
 4.845000E+02  6.675900E+01  7.077861E+01  2.053862E+02
 4.847500E+02  6.676566E+01  7.078736E+01  2.054042E+02
 4.850000E+02  6.677232E+01  7.079611E+01  2.054223E+02
 4.852500E+02  6.677899E+01  7.080485E+01  2.054403E+02
 4.855000E+02  6.678565E+01  7.081360E+01  2.054583E+02
 4.857500E+02  6.679232E+01  7.082235E+01  2.054763E+02
 4.860000E+02  6.679898E+01  7.083110E+01  2.054943E+02
 4.862500E+02  6.680565E+01  7.083985E+01  2.055123E+02
 4.865000E+02  6.681232E+01  7.084861E+01  2.055303E+02
 4.867500E+02  6.681899E+01  7.085736E+01  2.055483E+02
 4.870000E+02  6.682565E+01  7.086611E+01  2.055663E+02
 4.872500E+02  6.683232E+01  7.087486E+01  2.055843E+02
 4.875000E+02  6.683899E+01  7.088362E+01  2.056022E+02
 4.877500E+02  6.684566E+01  7.089237E+01  2.056202E+02
 4.880000E+02  6.685233E+01  7.090113E+01  2.056381E+02
 4.882500E+02  6.685901E+01  7.090988E+01  2.056561E+02
 4.885000E+02  6.686568E+01  7.091864E+01  2.056740E+02
 4.887500E+02  6.687235E+01  7.092740E+01  2.056919E+02
 4.890000E+02  6.687902E+01  7.093615E+01  2.057098E+02
 4.892500E+02  6.688570E+01  7.094491E+01  2.057277E+02
 4.895000E+02  6.689237E+01  7.095367E+01  2.057456E+02
 4.897500E+02  6.689905E+01  7.096243E+01  2.057635E+02
 4.900000E+02  6.690572E+01  7.097119E+01  2.057814E+02
 4.902500E+02  6.691240E+01  7.097995E+01  2.057993E+02
 4.905000E+02  6.691908E+01  7.098871E+01  2.058172E+02
 4.907500E+02  6.692576E+01  7.099747E+01  2.058350E+02
 4.910000E+02  6.693243E+01  7.100624E+01  2.058529E+02
 4.912500E+02  6.693911E+01  7.101500E+01  2.058707E+02
 4.915000E+02  6.694579E+01  7.102376E+01  2.058885E+02
 4.917500E+02  6.695247E+01  7.103253E+01  2.059064E+02
 4.920000E+02  6.695915E+01  7.104129E+01  2.059242E+02
 4.922500E+02  6.696584E+01  7.105006E+01  2.059420E+02
 4.925000E+02  6.697252E+01  7.105883E+01  2.059598E+02
 4.927500E+02  6.697920E+01  7.106759E+01  2.059776E+02
 4.930000E+02  6.698588E+01  7.107636E+01  2.059954E+02
 4.932500E+02  6.699257E+01  7.108513E+01  2.060132E+02
 4.935000E+02  6.699925E+01  7.109390E+01  2.060309E+02
 4.937500E+02  6.700594E+01  7.110267E+01  2.060487E+02
 4.940000E+02  6.701262E+01  7.111144E+01  2.060665E+02
 4.942500E+02  6.701931E+01  7.112021E+01  2.060842E+02
 4.945000E+02  6.702600E+01  7.112898E+01  2.061020E+02
 4.947500E+02  6.703269E+01  7.113775E+01  2.061197E+02
 4.950000E+02  6.703938E+01  7.114652E+01  2.061374E+02
 4.952500E+02  6.704606E+01  7.115530E+01  2.061551E+02
 4.955000E+02  6.705275E+01  7.116407E+01  2.061728E+02
 4.957500E+02  6.705944E+01  7.117284E+01  2.061906E+02
 4.960000E+02  6.706614E+01  7.118162E+01  2.062082E+02
 4.962500E+02  6.707283E+01  7.119039E+01  2.062259E+02
 4.965000E+02  6.707952E+01  7.119917E+01  2.062436E+02
 4.967500E+02  6.708621E+01  7.120795E+01  2.062613E+02
 4.970000E+02  6.709291E+01  7.121673E+01  2.062790E+02
 4.972500E+02  6.709960E+01  7.122550E+01  2.062966E+02
 4.975000E+02  6.710630E+01  7.123428E+01  2.063143E+02
 4.977500E+02  6.711299E+01  7.124306E+01  2.063319E+02
 4.980000E+02  6.711969E+01  7.125184E+01  2.063495E+02
 4.982500E+02  6.712638E+01  7.126062E+01  2.063672E+02
 4.985000E+02  6.713308E+01  7.126940E+01  2.063848E+02
 4.987500E+02  6.713978E+01  7.127819E+01  2.064024E+02
 4.990000E+02  6.714648E+01  7.128697E+01  2.064200E+02
 4.992500E+02  6.715318E+01  7.129575E+01  2.064376E+02
 4.995000E+02  6.715988E+01  7.130454E+01  2.064552E+02
 4.997500E+02  6.716658E+01  7.131332E+01  2.064728E+02
 5.000000E+02  6.717328E+01  7.132210E+01  2.064904E+02
