#         T/K        V/dm^3  V(excl)/dm^3    alpha/K^-1        status
 2.500000E+02  1.804971E-02  1.767298E-02  8.858078E-05                                 112
 2.502500E+02  1.805011E-02  1.767298E-02  8.859115E-05                                 112
 2.505000E+02  1.805051E-02  1.767298E-02  8.861391E-05                                 112
 2.507500E+02  1.805091E-02  1.767298E-02  8.863682E-05                                 112
 2.510000E+02  1.805131E-02  1.767298E-02  8.865987E-05                                 112
 2.512500E+02  1.805171E-02  1.767298E-02  8.868308E-05                                 112
 2.515000E+02  1.805211E-02  1.767298E-02  8.870644E-05                                 112
 2.517500E+02  1.805251E-02  1.767298E-02  8.872996E-05                                 112
 2.520000E+02  1.805292E-02  1.767298E-02  8.875363E-05                                 112
 2.522500E+02  1.805332E-02  1.767298E-02  8.877746E-05                                 112
 2.525000E+02  1.805372E-02  1.767298E-02  8.880144E-05                                 112
 2.527500E+02  1.805412E-02  1.767298E-02  8.882559E-05                                 112
 2.530000E+02  1.805452E-02  1.767298E-02  8.884989E-05                                 112
 2.532500E+02  1.805492E-02  1.767298E-02  8.887436E-05                                 112
 2.535000E+02  1.805532E-02  1.767298E-02  8.889899E-05                                 112
 2.537500E+02  1.805572E-02  1.767298E-02  8.892378E-05                                 112
 2.540000E+02  1.805612E-02  1.767298E-02  8.894874E-05                                 112
 2.542500E+02  1.805652E-02  1.767298E-02  8.897386E-05                                 112
 2.545000E+02  1.805693E-02  1.767298E-02  8.899915E-05                                 112
 2.547500E+02  1.805733E-02  1.767298E-02  8.902460E-05                                 112
 2.550000E+02  1.805773E-02  1.767298E-02  8.905023E-05                                 112
 2.552500E+02  1.805813E-02  1.767298E-02  8.907602E-05                                 112
 2.555000E+02  1.805853E-02  1.767298E-02  8.910198E-05                                 112
 2.557500E+02  1.805894E-02  1.767298E-02  8.912812E-05                                 112
 2.560000E+02  1.805934E-02  1.767298E-02  8.915444E-05                                 112
 2.562500E+02  1.805974E-02  1.767298E-02  8.918092E-05                                 112
 2.565000E+02  1.806014E-02  1.767298E-02  8.920758E-05                                 112
 2.567500E+02  1.806055E-02  1.767298E-02  8.923442E-05                                 112
 2.570000E+02  1.806095E-02  1.767298E-02  8.926144E-05                                 112
 2.572500E+02  1.806135E-02  1.767298E-02  8.928864E-05                                 112
 2.575000E+02  1.806176E-02  1.767298E-02  8.931601E-05                                 112
 2.577500E+02  1.806216E-02  1.767298E-02  8.934357E-05                                 112
 2.580000E+02  1.806256E-02  1.767298E-02  8.937131E-05                                 112
 2.582500E+02  1.806297E-02  1.767298E-02  8.939923E-05                                 112
 2.585000E+02  1.806337E-02  1.767298E-02  8.942734E-05                                 112
 2.587500E+02  1.806378E-02  1.767298E-02  8.945564E-05                                 112
 2.590000E+02  1.806418E-02  1.767298E-02  8.948412E-05                                 112
 2.592500E+02  1.806458E-02  1.767298E-02  8.951279E-05                                 112
 2.595000E+02  1.806499E-02  1.767298E-02  8.954166E-05                                 112
 2.597500E+02  1.806539E-02  1.767298E-02  8.957071E-05                                 112
 2.600000E+02  1.806580E-02  1.767298E-02  8.959995E-05                                 112
 2.602500E+02  1.806620E-02  1.767298E-02  8.962939E-05                                 112
 2.605000E+02  1.806661E-02  1.767298E-02  8.965903E-05                                 112
 2.607500E+02  1.806701E-02  1.767298E-02  8.968886E-05                                 112
 2.610000E+02  1.806742E-02  1.767298E-02  8.971888E-05                                 112
 2.612500E+02  1.806782E-02  1.767298E-02  8.974911E-05                                 112
 2.615000E+02  1.806823E-02  1.767298E-02  8.977953E-05                                 112
 2.617500E+02  1.806863E-02  1.767298E-02  8.981016E-05                                 112
 2.620000E+02  1.806904E-02  1.767298E-02  8.984099E-05                                 112
 2.622500E+02  1.806944E-02  1.767298E-02  8.987202E-05                                 112
 2.625000E+02  1.806985E-02  1.767298E-02  8.990326E-05                                 112
 2.627500E+02  1.807026E-02  1.767298E-02  8.993471E-05                                 112
 2.630000E+02  1.807066E-02  1.767298E-02  8.996636E-05                                 112
 2.632500E+02  1.807107E-02  1.767298E-02  8.999822E-05                                 112
 2.635000E+02  1.807148E-02  1.767298E-02  9.003029E-05                                 112
 2.637500E+02  1.807188E-02  1.767298E-02  9.006257E-05                                 112
 2.640000E+02  1.807229E-02  1.767298E-02  9.009507E-05                                 112
 2.642500E+02  1.807270E-02  1.767298E-02  9.012778E-05                                 112
 2.645000E+02  1.807310E-02  1.767298E-02  9.016070E-05                                 112
 2.647500E+02  1.807351E-02  1.767298E-02  9.019384E-05                                 112
 2.650000E+02  1.807392E-02  1.767298E-02  9.022720E-05                                 112
 2.652500E+02  1.807433E-02  1.767298E-02  9.026078E-05                                 112
 2.655000E+02  1.807474E-02  1.767298E-02  9.029458E-05                                 112
 2.657500E+02  1.807514E-02  1.767298E-02  9.032861E-05                                 112
 2.660000E+02  1.807555E-02  1.767298E-02  9.036286E-05                                 112
 2.662500E+02  1.807596E-02  1.767298E-02  9.039733E-05                                 112
 2.665000E+02  1.807637E-02  1.767298E-02  9.043202E-05                                 112
 2.667500E+02  1.807678E-02  1.767298E-02  9.046695E-05                                 112
 2.670000E+02  1.807719E-02  1.767298E-02  9.050211E-05                                 112
 2.672500E+02  1.807760E-02  1.767298E-02  9.053749E-05                                 112
 2.675000E+02  1.807800E-02  1.767298E-02  9.057311E-05                                 112
 2.677500E+02  1.807841E-02  1.767298E-02  9.060896E-05                                 112
 2.680000E+02  1.807882E-02  1.767298E-02  9.064505E-05                                 112
 2.682500E+02  1.807923E-02  1.767298E-02  9.068137E-05                                 112
 2.685000E+02  1.807964E-02  1.767298E-02  9.071793E-05                                 112
 2.687500E+02  1.808005E-02  1.767298E-02  9.075473E-05                                 112
 2.690000E+02  1.808046E-02  1.767298E-02  9.079177E-05                                 112
 2.692500E+02  1.808087E-02  1.767298E-02  9.082906E-05                                 112
 2.695000E+02  1.808129E-02  1.767298E-02  9.086658E-05                                 112
 2.697500E+02  1.808170E-02  1.767298E-02  9.090435E-05                                 112
 2.700000E+02  1.808211E-02  1.767298E-02  9.094237E-05                                 112
 2.702500E+02  1.808252E-02  1.767298E-02  9.098064E-05                                 112
 2.705000E+02  1.808293E-02  1.767298E-02  9.101915E-05                                 112
 2.707500E+02  1.808334E-02  1.767298E-02  9.105792E-05                                 112
 2.710000E+02  1.808375E-02  1.767298E-02  9.109694E-05                                 112
 2.712500E+02  1.808416E-02  1.767298E-02  9.113621E-05                                 112
 2.715000E+02  1.808458E-02  1.767298E-02  9.117574E-05                                 112
 2.717500E+02  1.808499E-02  1.767298E-02  9.121553E-05                                 112
 2.720000E+02  1.808540E-02  1.767298E-02  9.125557E-05                                 112
 2.722500E+02  1.808581E-02  1.767298E-02  9.129588E-05                                 112
 2.725000E+02  1.808623E-02  1.767298E-02  9.133644E-05                                 112
 2.727500E+02  1.808664E-02  1.767298E-02  9.137727E-05                                 112
 2.730000E+02  1.808705E-02  1.767298E-02  9.141837E-05                                 112
 2.732500E+02  1.808747E-02  1.767298E-02  9.145973E-05                                 112
 2.735000E+02  1.808788E-02  1.767298E-02  9.150136E-05                                 112
 2.737500E+02  1.808829E-02  1.767298E-02  9.154325E-05                                 112
 2.740000E+02  1.808871E-02  1.767298E-02  9.158542E-05                                 112
 2.742500E+02  1.808912E-02  1.767298E-02  9.162787E-05                                 112
 2.745000E+02  1.808954E-02  1.767298E-02  9.167058E-05                                 112
 2.747500E+02  1.808995E-02  1.767298E-02  9.171358E-05                                 112
 2.750000E+02  1.809037E-02  1.767298E-02  9.175685E-05                                 112
 2.752500E+02  1.809078E-02  1.767298E-02  9.180040E-05                                 112
 2.755000E+02  1.809120E-02  1.767298E-02  9.184423E-05                                 112
 2.757500E+02  1.809161E-02  1.767298E-02  9.188834E-05                                 112
 2.760000E+02  1.809203E-02  1.767298E-02  9.193274E-05                                 112
 2.762500E+02  1.809244E-02  1.767298E-02  9.197742E-05                                 112
 2.765000E+02  1.809286E-02  1.767298E-02  9.202239E-05                                 112
 2.767500E+02  1.809328E-02  1.767298E-02  9.206765E-05                                 112
 2.770000E+02  1.809369E-02  1.767298E-02  9.211320E-05                                 112
 2.772500E+02  1.809411E-02  1.767298E-02  9.215904E-05                                 112
 2.775000E+02  1.809453E-02  1.767298E-02  9.220518E-05                                 112
 2.777500E+02  1.809494E-02  1.767298E-02  9.225161E-05                                 112
 2.780000E+02  1.809536E-02  1.767298E-02  9.229834E-05                                 112
 2.782500E+02  1.809578E-02  1.767298E-02  9.234537E-05                                 112
 2.785000E+02  1.809620E-02  1.767298E-02  9.239269E-05                                 112
 2.787500E+02  1.809662E-02  1.767298E-02  9.244033E-05                                 112
 2.790000E+02  1.809703E-02  1.767298E-02  9.248826E-05                                 112
 2.792500E+02  1.809745E-02  1.767298E-02  9.253651E-05                                 112
 2.795000E+02  1.809787E-02  1.767298E-02  9.258506E-05                                 112
 2.797500E+02  1.809829E-02  1.767298E-02  9.263392E-05                                 112
 2.800000E+02  1.809871E-02  1.767298E-02  9.268309E-05                                 112
 2.802500E+02  1.809913E-02  1.767298E-02  9.273258E-05                                 112
 2.805000E+02  1.809955E-02  1.767298E-02  9.278238E-05                                 112
 2.807500E+02  1.809997E-02  1.767298E-02  9.283250E-05                                 112
 2.810000E+02  1.810039E-02  1.767298E-02  9.288293E-05                                 112
 2.812500E+02  1.810081E-02  1.767298E-02  9.293369E-05                                 112
 2.815000E+02  1.810123E-02  1.767298E-02  9.298477E-05                                 112
 2.817500E+02  1.810165E-02  1.767298E-02  9.303617E-05                                 112
 2.820000E+02  1.810207E-02  1.767298E-02  9.308790E-05                                 112
 2.822500E+02  1.810249E-02  1.767298E-02  9.313995E-05                                 112
 2.825000E+02  1.810292E-02  1.767298E-02  9.319234E-05                                 112
 2.827500E+02  1.810334E-02  1.767298E-02  9.324505E-05                                 112
 2.830000E+02  1.810376E-02  1.767298E-02  9.329810E-05                                 112
 2.832500E+02  1.810418E-02  1.767298E-02  9.335149E-05                                 112
 2.835000E+02  1.810460E-02  1.767298E-02  9.340521E-05                                 112
 2.837500E+02  1.810503E-02  1.767298E-02  9.345927E-05                                 112
 2.840000E+02  1.810545E-02  1.767298E-02  9.351367E-05                                 112
 2.842500E+02  1.810587E-02  1.767298E-02  9.356842E-05                                 112
 2.845000E+02  1.810630E-02  1.767298E-02  9.362351E-05                                 112
 2.847500E+02  1.810672E-02  1.767298E-02  9.367894E-05                                 112
 2.850000E+02  1.810715E-02  1.767298E-02  9.373472E-05                                 112
 2.852500E+02  1.810757E-02  1.767298E-02  9.379086E-05                                 112
 2.855000E+02  1.810799E-02  1.767298E-02  9.384734E-05                                 112
 2.857500E+02  1.810842E-02  1.767298E-02  9.390418E-05                                 112
 2.860000E+02  1.810884E-02  1.767298E-02  9.396138E-05                                 112
 2.862500E+02  1.810927E-02  1.767298E-02  9.401894E-05                                 112
 2.865000E+02  1.810970E-02  1.767298E-02  9.407686E-05                                 112
 2.867500E+02  1.811012E-02  1.767298E-02  9.413513E-05                                 112
 2.870000E+02  1.811055E-02  1.767298E-02  9.419377E-05                                 112
 2.872500E+02  1.811098E-02  1.767298E-02  9.425278E-05                                 112
 2.875000E+02  1.811140E-02  1.767298E-02  9.431215E-05                                 112
 2.877500E+02  1.811183E-02  1.767298E-02  9.437190E-05                                 112
 2.880000E+02  1.811226E-02  1.767298E-02  9.443201E-05                                 112
 2.882500E+02  1.811268E-02  1.767298E-02  9.449251E-05                                 112
 2.885000E+02  1.811311E-02  1.767298E-02  9.455337E-05                                 112
 2.887500E+02  1.811354E-02  1.767298E-02  9.461462E-05                                 112
 2.890000E+02  1.811397E-02  1.767298E-02  9.467625E-05                                 112
 2.892500E+02  1.811440E-02  1.767298E-02  9.473826E-05                                 112
 2.895000E+02  1.811483E-02  1.767298E-02  9.480065E-05                                 112
 2.897500E+02  1.811526E-02  1.767298E-02  9.486343E-05                                 112
 2.900000E+02  1.811569E-02  1.767298E-02  9.492660E-05                                 112
 2.902500E+02  1.811612E-02  1.767298E-02  9.499016E-05                                 112
 2.905000E+02  1.811655E-02  1.767298E-02  9.505411E-05                                 112
 2.907500E+02  1.811698E-02  1.767298E-02  9.511846E-05                                 112
 2.910000E+02  1.811741E-02  1.767298E-02  9.518320E-05                                 112
 2.912500E+02  1.811784E-02  1.767298E-02  9.524835E-05                                 112
 2.915000E+02  1.811827E-02  1.767298E-02  9.531390E-05                                 112
 2.917500E+02  1.811870E-02  1.767298E-02  9.537984E-05                                 112
 2.920000E+02  1.811914E-02  1.767298E-02  9.544620E-05                                 112
 2.922500E+02  1.811957E-02  1.767298E-02  9.551296E-05                                 112
 2.925000E+02  1.812000E-02  1.767298E-02  9.558013E-05                                 112
 2.927500E+02  1.812043E-02  1.767298E-02  9.564772E-05                                 112
 2.930000E+02  1.812087E-02  1.767298E-02  9.571572E-05                                 112
 2.932500E+02  1.812130E-02  1.767298E-02  9.578414E-05                                 112
 2.935000E+02  1.812174E-02  1.767298E-02  9.585297E-05                                 112
 2.937500E+02  1.812217E-02  1.767298E-02  9.592222E-05                                 112
 2.940000E+02  1.812260E-02  1.767298E-02  9.599190E-05                                 112
 2.942500E+02  1.812304E-02  1.767298E-02  9.606202E-05                                 112
 2.945000E+02  1.812347E-02  1.767298E-02  9.613255E-05                                 112
 2.947500E+02  1.812391E-02  1.767298E-02  9.620352E-05                                 112
 2.950000E+02  1.812435E-02  1.767298E-02  9.627492E-05                                 112
 2.952500E+02  1.812478E-02  1.767298E-02  9.634675E-05                                 112
 2.955000E+02  1.812522E-02  1.767298E-02  9.641902E-05                                 112
 2.957500E+02  1.812566E-02  1.767298E-02  9.649173E-05                                 112
 2.960000E+02  1.812609E-02  1.767298E-02  9.656488E-05                                 112
 2.962500E+02  1.812653E-02  1.767298E-02  9.663847E-05                                 112
 2.965000E+02  1.812697E-02  1.767298E-02  9.671252E-05                                 112
 2.967500E+02  1.812741E-02  1.767298E-02  9.678701E-05                                 112
 2.970000E+02  1.812785E-02  1.767298E-02  9.686195E-05                                 112
 2.972500E+02  1.812829E-02  1.767298E-02  9.693735E-05                                 112
 2.975000E+02  1.812873E-02  1.767298E-02  9.701320E-05                                 112
 2.977500E+02  1.812917E-02  1.767298E-02  9.708951E-05                                 112
 2.980000E+02  1.812961E-02  1.767298E-02  9.716628E-05                                 112
 2.982500E+02  1.813005E-02  1.767298E-02  9.724352E-05                                 112
 2.985000E+02  1.813049E-02  1.767298E-02  9.732122E-05                                 112
 2.987500E+02  1.813093E-02  1.767298E-02  9.739938E-05                                 112
 2.990000E+02  1.813137E-02  1.767298E-02  9.747802E-05                                 112
 2.992500E+02  1.813181E-02  1.767298E-02  9.755713E-05                                 112
 2.995000E+02  1.813226E-02  1.767298E-02  9.763672E-05                                 112
 2.997500E+02  1.813270E-02  1.767298E-02  9.771679E-05                                 112
 3.000000E+02  1.813314E-02  1.767298E-02  9.779733E-05                                 112
 3.002500E+02  1.813358E-02  1.767298E-02  9.787836E-05                                 112
 3.005000E+02  1.813403E-02  1.767298E-02  9.795988E-05                                 112
 3.007500E+02  1.813447E-02  1.767298E-02  9.804188E-05                                 112
 3.010000E+02  1.813492E-02  1.767298E-02  9.812437E-05                                 112
 3.012500E+02  1.813536E-02  1.767298E-02  9.820736E-05                                 112
 3.015000E+02  1.813581E-02  1.767298E-02  9.829084E-05                                 112
 3.017500E+02  1.813625E-02  1.767298E-02  9.837482E-05                                 112
 3.020000E+02  1.813670E-02  1.767298E-02  9.845931E-05                                 112
 3.022500E+02  1.813715E-02  1.767298E-02  9.854429E-05                                 112
 3.025000E+02  1.813759E-02  1.767298E-02  9.862978E-05                                 112
 3.027500E+02  1.813804E-02  1.767298E-02  9.871578E-05                                 112
 3.030000E+02  1.813849E-02  1.767298E-02  9.880229E-05                                 112
 3.032500E+02  1.813894E-02  1.767298E-02  9.888932E-05                                 112
 3.035000E+02  1.813939E-02  1.767298E-02  9.897686E-05                                 112
 3.037500E+02  1.813983E-02  1.767298E-02  9.906492E-05                                 112
 3.040000E+02  1.814028E-02  1.767298E-02  9.915350E-05                                 112
 3.042500E+02  1.814073E-02  1.767298E-02  9.924261E-05                                 112
 3.045000E+02  1.814118E-02  1.767298E-02  9.933224E-05                                 112
 3.047500E+02  1.814164E-02  1.767298E-02  9.942240E-05                                 112
 3.050000E+02  1.814209E-02  1.767298E-02  9.951310E-05                                 112
 3.052500E+02  1.814254E-02  1.767298E-02  9.960433E-05                                 112
 3.055000E+02  1.814299E-02  1.767298E-02  9.969611E-05                                 112
 3.057500E+02  1.814344E-02  1.767298E-02  9.978842E-05                                 112
 3.060000E+02  1.814390E-02  1.767298E-02  9.988127E-05                                 112
 3.062500E+02  1.814435E-02  1.767298E-02  9.997467E-05                                 112
 3.065000E+02  1.814480E-02  1.767298E-02  1.000686E-04                                 112
 3.067500E+02  1.814526E-02  1.767298E-02  1.001631E-04                                 112
 3.070000E+02  1.814571E-02  1.767298E-02  1.002582E-04                                 112
 3.072500E+02  1.814617E-02  1.767298E-02  1.003538E-04                                 112
 3.075000E+02  1.814662E-02  1.767298E-02  1.004500E-04                                 112
 3.077500E+02  1.814708E-02  1.767298E-02  1.005467E-04                                 112
 3.080000E+02  1.814753E-02  1.767298E-02  1.006440E-04                                 112
 3.082500E+02  1.814799E-02  1.767298E-02  1.007419E-04                                 112
 3.085000E+02  1.814845E-02  1.767298E-02  1.008403E-04                                 112
 3.087500E+02  1.814891E-02  1.767298E-02  1.009394E-04                                 112
 3.090000E+02  1.814936E-02  1.767298E-02  1.010390E-04                                 112
 3.092500E+02  1.814982E-02  1.767298E-02  1.011391E-04                                 112
 3.095000E+02  1.815028E-02  1.767298E-02  1.012399E-04                                 112
 3.097500E+02  1.815074E-02  1.767298E-02  1.013413E-04                                 112
 3.100000E+02  1.815120E-02  1.767298E-02  1.014432E-04                                 112
 3.102500E+02  1.815166E-02  1.767298E-02  1.015457E-04                                 112
 3.105000E+02  1.815212E-02  1.767298E-02  1.016489E-04                                 112
 3.107500E+02  1.815258E-02  1.767298E-02  1.017526E-04                                 112
 3.110000E+02  1.815305E-02  1.767298E-02  1.018569E-04                                 112
 3.112500E+02  1.815351E-02  1.767298E-02  1.019618E-04                                 112
 3.115000E+02  1.815397E-02  1.767298E-02  1.020674E-04                                 112
 3.117500E+02  1.815444E-02  1.767298E-02  1.021735E-04                                 112
 3.120000E+02  1.815490E-02  1.767298E-02  1.022803E-04                                 112
 3.122500E+02  1.815536E-02  1.767298E-02  1.023877E-04                                 112
 3.125000E+02  1.815583E-02  1.767298E-02  1.024957E-04                                 112
 3.127500E+02  1.815629E-02  1.767298E-02  1.026043E-04                                 112
 3.130000E+02  1.815676E-02  1.767298E-02  1.027136E-04                                 112
 3.132500E+02  1.815723E-02  1.767298E-02  1.028234E-04                                 112
 3.135000E+02  1.815769E-02  1.767298E-02  1.029340E-04                                 112
 3.137500E+02  1.815816E-02  1.767298E-02  1.030451E-04                                 112
 3.140000E+02  1.815863E-02  1.767298E-02  1.031569E-04                                 112
 3.142500E+02  1.815910E-02  1.767298E-02  1.032693E-04                                 112
 3.145000E+02  1.815957E-02  1.767298E-02  1.033824E-04                                 112
 3.147500E+02  1.816004E-02  1.767298E-02  1.034961E-04                                 112
 3.150000E+02  1.816051E-02  1.767298E-02  1.036105E-04                                 112
 3.152500E+02  1.816098E-02  1.767298E-02  1.037255E-04                                 112
 3.155000E+02  1.816145E-02  1.767298E-02  1.038412E-04                                 112
 3.157500E+02  1.816192E-02  1.767298E-02  1.039576E-04                                 112
 3.160000E+02  1.816239E-02  1.767298E-02  1.040746E-04                                 112
 3.162500E+02  1.816287E-02  1.767298E-02  1.041923E-04                                 112
 3.165000E+02  1.816334E-02  1.767298E-02  1.043106E-04                                 112
 3.167500E+02  1.816381E-02  1.767298E-02  1.044296E-04                                 112
 3.170000E+02  1.816429E-02  1.767298E-02  1.045493E-04                                 112
 3.172500E+02  1.816476E-02  1.767298E-02  1.046697E-04                                 112
 3.175000E+02  1.816524E-02  1.767298E-02  1.047908E-04                                 112
 3.177500E+02  1.816571E-02  1.767298E-02  1.049126E-04                                 112
 3.180000E+02  1.816619E-02  1.767298E-02  1.050350E-04                                 112
 3.182500E+02  1.816667E-02  1.767298E-02  1.051582E-04                                 112
 3.185000E+02  1.816715E-02  1.767298E-02  1.052820E-04                                 112
 3.187500E+02  1.816762E-02  1.767298E-02  1.054066E-04                                 112
 3.190000E+02  1.816810E-02  1.767298E-02  1.055318E-04                                 112
 3.192500E+02  1.816858E-02  1.767298E-02  1.056578E-04                                 112
 3.195000E+02  1.816906E-02  1.767298E-02  1.057845E-04                                 112
 3.197500E+02  1.816954E-02  1.767298E-02  1.059118E-04                                 112
 3.200000E+02  1.817003E-02  1.767298E-02  1.060400E-04                                 112
 3.202500E+02  1.817051E-02  1.767298E-02  1.061688E-04                                 112
 3.205000E+02  1.817099E-02  1.767298E-02  1.062984E-04                                 112
 3.207500E+02  1.817147E-02  1.767298E-02  1.064286E-04                                 112
 3.210000E+02  1.817196E-02  1.767298E-02  1.065597E-04                                 112
 3.212500E+02  1.817244E-02  1.767298E-02  1.066914E-04                                 112
 3.215000E+02  1.817293E-02  1.767298E-02  1.068239E-04                                 112
 3.217500E+02  1.817341E-02  1.767298E-02  1.069572E-04                                 112
 3.220000E+02  1.817390E-02  1.767298E-02  1.070912E-04                                 112
 3.222500E+02  1.817439E-02  1.767298E-02  1.072259E-04                                 112
 3.225000E+02  1.817487E-02  1.767298E-02  1.073614E-04                                 112
 3.227500E+02  1.817536E-02  1.767298E-02  1.074977E-04                                 112
 3.230000E+02  1.817585E-02  1.767298E-02  1.076347E-04                                 112
 3.232500E+02  1.817634E-02  1.767298E-02  1.077725E-04                                 112
 3.235000E+02  1.817683E-02  1.767298E-02  1.079111E-04                                 112
 3.237500E+02  1.817732E-02  1.767298E-02  1.080504E-04                                 112
 3.240000E+02  1.817781E-02  1.767298E-02  1.081905E-04                                 112
 3.242500E+02  1.817830E-02  1.767298E-02  1.083315E-04                                 112
 3.245000E+02  1.817880E-02  1.767298E-02  1.084731E-04                                 112
 3.247500E+02  1.817929E-02  1.767298E-02  1.086156E-04                                 112
 3.250000E+02  1.817978E-02  1.767298E-02  1.087589E-04                                 112
 3.252500E+02  1.818028E-02  1.767298E-02  1.089030E-04                                 112
 3.255000E+02  1.818077E-02  1.767298E-02  1.090478E-04                                 112
 3.257500E+02  1.818127E-02  1.767298E-02  1.091935E-04                                 112
 3.260000E+02  1.818177E-02  1.767298E-02  1.093400E-04                                 112
 3.262500E+02  1.818226E-02  1.767298E-02  1.094873E-04                                 112
 3.265000E+02  1.818276E-02  1.767298E-02  1.096354E-04                                 112
 3.267500E+02  1.818326E-02  1.767298E-02  1.097843E-04                                 112
 3.270000E+02  1.818376E-02  1.767298E-02  1.099341E-04                                 112
 3.272500E+02  1.818426E-02  1.767298E-02  1.100847E-04                                 112
 3.275000E+02  1.818476E-02  1.767298E-02  1.102361E-04                                 112
 3.277500E+02  1.818526E-02  1.767298E-02  1.103884E-04                                 112
 3.280000E+02  1.818576E-02  1.767298E-02  1.105415E-04                                 112
 3.282500E+02  1.818627E-02  1.767298E-02  1.106954E-04                                 112
 3.285000E+02  1.818677E-02  1.767298E-02  1.108502E-04                                 112
 3.287500E+02  1.818727E-02  1.767298E-02  1.110059E-04                                 112
 3.290000E+02  1.818778E-02  1.767298E-02  1.111624E-04                                 112
 3.292500E+02  1.818829E-02  1.767298E-02  1.113198E-04                                 112
 3.295000E+02  1.818879E-02  1.767298E-02  1.114780E-04                                 112
 3.297500E+02  1.818930E-02  1.767298E-02  1.116371E-04                                 112
 3.300000E+02  1.818981E-02  1.767298E-02  1.117971E-04                                 112
 3.302500E+02  1.819032E-02  1.767298E-02  1.119580E-04                                 112
 3.305000E+02  1.819083E-02  1.767298E-02  1.121197E-04                                 112
 3.307500E+02  1.819134E-02  1.767298E-02  1.122823E-04                                 112
 3.310000E+02  1.819185E-02  1.767298E-02  1.124459E-04                                 112
 3.312500E+02  1.819236E-02  1.767298E-02  1.126103E-04                                 112
 3.315000E+02  1.819287E-02  1.767298E-02  1.127756E-04                                 112
 3.317500E+02  1.819338E-02  1.767298E-02  1.129419E-04                                 112
 3.320000E+02  1.819390E-02  1.767298E-02  1.131090E-04                                 112
 3.322500E+02  1.819441E-02  1.767298E-02  1.132771E-04                                 112
 3.325000E+02  1.819493E-02  1.767298E-02  1.134460E-04                                 112
 3.327500E+02  1.819545E-02  1.767298E-02  1.136159E-04                                 112
 3.330000E+02  1.819596E-02  1.767298E-02  1.137868E-04                                 112
 3.332500E+02  1.819648E-02  1.767298E-02  1.139585E-04                                 112
 3.335000E+02  1.819700E-02  1.767298E-02  1.141312E-04                                 112
 3.337500E+02  1.819752E-02  1.767298E-02  1.143048E-04                                 112
 3.340000E+02  1.819804E-02  1.767298E-02  1.144794E-04                                 112
 3.342500E+02  1.819856E-02  1.767298E-02  1.146549E-04                                 112
 3.345000E+02  1.819908E-02  1.767298E-02  1.148314E-04                                 112
 3.347500E+02  1.819961E-02  1.767298E-02  1.150089E-04                                 112
 3.350000E+02  1.820013E-02  1.767298E-02  1.151873E-04                                 112
 3.352500E+02  1.820065E-02  1.767298E-02  1.153667E-04                                 112
 3.355000E+02  1.820118E-02  1.767298E-02  1.155470E-04                                 112
 3.357500E+02  1.820171E-02  1.767298E-02  1.157283E-04                                 112
 3.360000E+02  1.820223E-02  1.767298E-02  1.159106E-04                                 112
 3.362500E+02  1.820276E-02  1.767298E-02  1.160939E-04                                 112
 3.365000E+02  1.820329E-02  1.767298E-02  1.162782E-04                                 112
 3.367500E+02  1.820382E-02  1.767298E-02  1.164635E-04                                 112
 3.370000E+02  1.820435E-02  1.767298E-02  1.166498E-04                                 112
 3.372500E+02  1.820488E-02  1.767298E-02  1.168371E-04                                 112
 3.375000E+02  1.820541E-02  1.767298E-02  1.170254E-04                                 112
 3.377500E+02  1.820595E-02  1.767298E-02  1.172148E-04                                 112
 3.380000E+02  1.820648E-02  1.767298E-02  1.174051E-04                                 112
 3.382500E+02  1.820701E-02  1.767298E-02  1.175965E-04                                 112
 3.385000E+02  1.820755E-02  1.767298E-02  1.177889E-04                                 112
 3.387500E+02  1.820809E-02  1.767298E-02  1.179823E-04                                 112
 3.390000E+02  1.820862E-02  1.767298E-02  1.181768E-04                                 112
 3.392500E+02  1.820916E-02  1.767298E-02  1.183723E-04                                 112
 3.395000E+02  1.820970E-02  1.767298E-02  1.185689E-04                                 112
 3.397500E+02  1.821024E-02  1.767298E-02  1.187666E-04                                 112
 3.400000E+02  1.821078E-02  1.767298E-02  1.189653E-04                                 112
 3.402500E+02  1.821133E-02  1.767298E-02  1.191651E-04                                 112
 3.405000E+02  1.821187E-02  1.767298E-02  1.193659E-04                                 112
 3.407500E+02  1.821241E-02  1.767298E-02  1.195678E-04                                 112
 3.410000E+02  1.821296E-02  1.767298E-02  1.197708E-04                                 112
 3.412500E+02  1.821350E-02  1.767298E-02  1.199749E-04                                 112
 3.415000E+02  1.821405E-02  1.767298E-02  1.201801E-04                                 112
 3.417500E+02  1.821460E-02  1.767298E-02  1.203864E-04                                 112
 3.420000E+02  1.821515E-02  1.767298E-02  1.205938E-04                                 112
 3.422500E+02  1.821570E-02  1.767298E-02  1.208023E-04                                 112
 3.425000E+02  1.821625E-02  1.767298E-02  1.210119E-04                                 112
 3.427500E+02  1.821680E-02  1.767298E-02  1.212226E-04                                 112
 3.430000E+02  1.821735E-02  1.767298E-02  1.214345E-04                                 112
 3.432500E+02  1.821790E-02  1.767298E-02  1.216474E-04                                 112
 3.435000E+02  1.821846E-02  1.767298E-02  1.218616E-04                                 112
 3.437500E+02  1.821901E-02  1.767298E-02  1.220768E-04                                 112
 3.440000E+02  1.821957E-02  1.767298E-02  1.222933E-04                                 112
 3.442500E+02  1.822013E-02  1.767298E-02  1.225108E-04                                 112
 3.445000E+02  1.822069E-02  1.767298E-02  1.227295E-04                                 112
 3.447500E+02  1.822125E-02  1.767298E-02  1.229494E-04                                 112
 3.450000E+02  1.822181E-02  1.767298E-02  1.231705E-04                                 112
 3.452500E+02  1.822237E-02  1.767298E-02  1.233927E-04                                 112
 3.455000E+02  1.822293E-02  1.767298E-02  1.236161E-04                                 112
 3.457500E+02  1.822350E-02  1.767298E-02  1.238407E-04                                 112
 3.460000E+02  1.822406E-02  1.767298E-02  1.240665E-04                                 112
 3.462500E+02  1.822463E-02  1.767298E-02  1.242935E-04                                 112
 3.465000E+02  1.822519E-02  1.767298E-02  1.245217E-04                                 112
 3.467500E+02  1.822576E-02  1.767298E-02  1.247512E-04                                 112
 3.470000E+02  1.822633E-02  1.767298E-02  1.249818E-04                                 112
 3.472500E+02  1.822690E-02  1.767298E-02  1.252136E-04                                 112
 3.475000E+02  1.822747E-02  1.767298E-02  1.254467E-04                                 112
 3.477500E+02  1.822804E-02  1.767298E-02  1.256810E-04                                 112
 3.480000E+02  1.822862E-02  1.767298E-02  1.259165E-04                                 112
 3.482500E+02  1.822919E-02  1.767298E-02  1.261533E-04                                 112
 3.485000E+02  1.822977E-02  1.767298E-02  1.263914E-04                                 112
 3.487500E+02  1.823034E-02  1.767298E-02  1.266307E-04                                 112
 3.490000E+02  1.823092E-02  1.767298E-02  1.268713E-04                                 112
 3.492500E+02  1.823150E-02  1.767298E-02  1.271131E-04                                 112
 3.495000E+02  1.823208E-02  1.767298E-02  1.273562E-04                                 112
 3.497500E+02  1.823266E-02  1.767298E-02  1.276006E-04                                 112
 3.500000E+02  1.823324E-02  1.767298E-02  1.278463E-04                                 112
 3.502500E+02  1.823383E-02  1.767298E-02  1.280933E-04                                 112
 3.505000E+02  1.823441E-02  1.767298E-02  1.283416E-04                                 112
 3.507500E+02  1.823500E-02  1.767298E-02  1.285911E-04                                 112
 3.510000E+02  1.823558E-02  1.767298E-02  1.288421E-04                                 112
 3.512500E+02  1.823617E-02  1.767298E-02  1.290943E-04                                 112
 3.515000E+02  1.823676E-02  1.767298E-02  1.293478E-04                                 112
 3.517500E+02  1.823735E-02  1.767298E-02  1.296027E-04                                 112
 3.520000E+02  1.823794E-02  1.767298E-02  1.298589E-04                                 112
 3.522500E+02  1.823853E-02  1.767298E-02  1.301165E-04                                 112
 3.525000E+02  1.823913E-02  1.767298E-02  1.303754E-04                                 112
 3.527500E+02  1.823972E-02  1.767298E-02  1.306357E-04                                 112
 3.530000E+02  1.824032E-02  1.767298E-02  1.308974E-04                                 112
 3.532500E+02  1.824092E-02  1.767298E-02  1.311604E-04                                 112
 3.535000E+02  1.824152E-02  1.767298E-02  1.314248E-04                                 112
 3.537500E+02  1.824212E-02  1.767298E-02  1.316906E-04                                 112
 3.540000E+02  1.824272E-02  1.767298E-02  1.319577E-04                                 112
 3.542500E+02  1.824332E-02  1.767298E-02  1.322263E-04                                 112
 3.545000E+02  1.824392E-02  1.767298E-02  1.324963E-04                                 112
 3.547500E+02  1.824453E-02  1.767298E-02  1.327677E-04                                 112
 3.550000E+02  1.824513E-02  1.767298E-02  1.330405E-04                                 112
 3.552500E+02  1.824574E-02  1.767298E-02  1.333148E-04                                 112
 3.555000E+02  1.824635E-02  1.767298E-02  1.335905E-04                                 112
 3.557500E+02  1.824696E-02  1.767298E-02  1.338676E-04                                 112
 3.560000E+02  1.824757E-02  1.767298E-02  1.341461E-04                                 112
 3.562500E+02  1.824818E-02  1.767298E-02  1.344262E-04                                 112
 3.565000E+02  1.824880E-02  1.767298E-02  1.347077E-04                                 112
 3.567500E+02  1.824941E-02  1.767298E-02  1.349906E-04                                 112
 3.570000E+02  1.825003E-02  1.767298E-02  1.352750E-04                                 112
 3.572500E+02  1.825065E-02  1.767298E-02  1.355610E-04                                 112
 3.575000E+02  1.825127E-02  1.767298E-02  1.358484E-04                                 112
 3.577500E+02  1.825189E-02  1.767298E-02  1.361373E-04                                 112
 3.580000E+02  1.825251E-02  1.767298E-02  1.364277E-04                                 112
 3.582500E+02  1.825313E-02  1.767298E-02  1.367196E-04                                 112
 3.585000E+02  1.825376E-02  1.767298E-02  1.370130E-04                                 112
 3.587500E+02  1.825438E-02  1.767298E-02  1.373080E-04                                 112
 3.590000E+02  1.825501E-02  1.767298E-02  1.376045E-04                                 112
 3.592500E+02  1.825564E-02  1.767298E-02  1.379026E-04                                 112
 3.595000E+02  1.825627E-02  1.767298E-02  1.382022E-04                                 112
 3.597500E+02  1.825690E-02  1.767298E-02  1.385033E-04                                 112
 3.600000E+02  1.825753E-02  1.767298E-02  1.388061E-04                                 112
 3.602500E+02  1.825817E-02  1.767298E-02  1.391104E-04                                 112
 3.605000E+02  1.825880E-02  1.767298E-02  1.394162E-04                                 112
 3.607500E+02  1.825944E-02  1.767298E-02  1.397237E-04                                 112
 3.610000E+02  1.826008E-02  1.767298E-02  1.400328E-04                                 112
 3.612500E+02  1.826072E-02  1.767298E-02  1.403435E-04                                 112
 3.615000E+02  1.826136E-02  1.767298E-02  1.406557E-04                                 112
 3.617500E+02  1.826200E-02  1.767298E-02  1.409696E-04                                 112
 3.620000E+02  1.826265E-02  1.767298E-02  1.412852E-04                                 112
 3.622500E+02  1.826329E-02  1.767298E-02  1.416023E-04                                 112
 3.625000E+02  1.826394E-02  1.767298E-02  1.419211E-04                                 112
 3.627500E+02  1.826459E-02  1.767298E-02  1.422416E-04                                 112
 3.630000E+02  1.826524E-02  1.767298E-02  1.425637E-04                                 112
 3.632500E+02  1.826589E-02  1.767298E-02  1.428875E-04                                 112
 3.635000E+02  1.826654E-02  1.767298E-02  1.432130E-04                                 112
 3.637500E+02  1.826720E-02  1.767298E-02  1.435402E-04                                 112
 3.640000E+02  1.826786E-02  1.767298E-02  1.438690E-04                                 112
 3.642500E+02  1.826851E-02  1.767298E-02  1.441995E-04                                 112
 3.645000E+02  1.826917E-02  1.767298E-02  1.445318E-04                                 112
 3.647500E+02  1.826983E-02  1.767298E-02  1.448658E-04                                 112
 3.650000E+02  1.827050E-02  1.767298E-02  1.452015E-04                                 112
 3.652500E+02  1.827116E-02  1.767298E-02  1.455389E-04                                 112
 3.655000E+02  1.827183E-02  1.767298E-02  1.458781E-04                                 112
 3.657500E+02  1.827249E-02  1.767298E-02  1.462191E-04                                 112
 3.660000E+02  1.827316E-02  1.767298E-02  1.465618E-04                                 112
 3.662500E+02  1.827383E-02  1.767298E-02  1.469062E-04                                 112
 3.665000E+02  1.827450E-02  1.767298E-02  1.472525E-04                                 112
 3.667500E+02  1.827518E-02  1.767298E-02  1.476005E-04                                 112
 3.670000E+02  1.827585E-02  1.767298E-02  1.479503E-04                                 112
 3.672500E+02  1.827653E-02  1.767298E-02  1.483020E-04                                 112
 3.675000E+02  1.827721E-02  1.767298E-02  1.486554E-04                                 112
 3.677500E+02  1.827789E-02  1.767298E-02  1.490107E-04                                 112
 3.680000E+02  1.827857E-02  1.767298E-02  1.493678E-04                                 112
 3.682500E+02  1.827925E-02  1.767298E-02  1.497268E-04                                 112
 3.685000E+02  1.827994E-02  1.767298E-02  1.500876E-04                                 112
 3.687500E+02  1.828062E-02  1.767298E-02  1.504502E-04                                 112
 3.690000E+02  1.828131E-02  1.767298E-02  1.508148E-04                                 112
 3.692500E+02  1.828200E-02  1.767298E-02  1.511812E-04                                 112
 3.695000E+02  1.828269E-02  1.767298E-02  1.515495E-04                                 112
 3.697500E+02  1.828339E-02  1.767298E-02  1.519197E-04                                 112
 3.700000E+02  1.828408E-02  1.767298E-02  1.522918E-04                                 112
 3.702500E+02  1.828478E-02  1.767298E-02  1.526658E-04                                 112
 3.705000E+02  1.828548E-02  1.767298E-02  1.530417E-04                                 112
 3.707500E+02  1.828618E-02  1.767298E-02  1.534196E-04                                 112
 3.710000E+02  1.828688E-02  1.767298E-02  1.537994E-04                                 112
 3.712500E+02  1.828759E-02  1.767298E-02  1.541812E-04                                 112
 3.715000E+02  1.828829E-02  1.767298E-02  1.545650E-04                                 112
 3.717500E+02  1.828900E-02  1.767298E-02  1.549507E-04                                 112
 3.720000E+02  1.828971E-02  1.767298E-02  1.553384E-04                                 112
 3.722500E+02  1.829042E-02  1.767298E-02  1.557281E-04                                 112
 3.725000E+02  1.829113E-02  1.767298E-02  1.561198E-04                                 112
 3.727500E+02  1.829185E-02  1.767298E-02  1.565135E-04                                 112
 3.730000E+02  1.829256E-02  1.767298E-02  1.569092E-04                                 112
 3.732500E+02  1.829328E-02  1.767298E-02  1.573070E-04                                 112
 3.735000E+02  1.829400E-02  1.767298E-02  1.577068E-04                                 112
 3.737500E+02  1.829473E-02  1.767298E-02  1.581087E-04                                 112
 3.740000E+02  1.829545E-02  1.767298E-02  1.585126E-04                                 112
 3.742500E+02  1.829618E-02  1.767298E-02  1.589186E-04                                 112
 3.745000E+02  1.829690E-02  1.767298E-02  3.346092E+03                                 112
 3.747500E+02  3.062986E+01  1.767298E-02  2.000152E+00                                 111
 3.750000E+02  3.065049E+01  1.767298E-02  2.692035E-03                                 111
 3.752500E+02  3.067111E+01  1.767298E-02  2.690194E-03                                 111
 3.755000E+02  3.069174E+01  1.767298E-02  2.688356E-03                                 111
 3.757500E+02  3.071237E+01  1.767298E-02  2.686520E-03                                 111
 3.760000E+02  3.073300E+01  1.767298E-02  2.684687E-03                                 111
 3.762500E+02  3.075362E+01  1.767298E-02  2.682857E-03                                 111
 3.765000E+02  3.077425E+01  1.767298E-02  2.681029E-03                                 111
 3.767500E+02  3.079488E+01  1.767298E-02  2.679203E-03                                 111
 3.770000E+02  3.081550E+01  1.767298E-02  2.677381E-03                                 111
 3.772500E+02  3.083613E+01  1.767298E-02  2.675560E-03                                 111
 3.775000E+02  3.085675E+01  1.767298E-02  2.673743E-03                                 111
 3.777500E+02  3.087738E+01  1.767298E-02  2.671928E-03                                 111
 3.780000E+02  3.089801E+01  1.767298E-02  2.670115E-03                                 111
 3.782500E+02  3.091863E+01  1.767298E-02  2.668305E-03                                 111
 3.785000E+02  3.093926E+01  1.767298E-02  2.666497E-03                                 111
 3.787500E+02  3.095988E+01  1.767298E-02  2.664692E-03                                 111
 3.790000E+02  3.098051E+01  1.767298E-02  2.662890E-03                                 111
 3.792500E+02  3.100113E+01  1.767298E-02  2.661090E-03                                 111
 3.795000E+02  3.102175E+01  1.767298E-02  2.659292E-03                                 111
 3.797500E+02  3.104238E+01  1.767298E-02  2.657498E-03                                 111
 3.800000E+02  3.106300E+01  1.767298E-02  2.655705E-03                                 111
 3.802500E+02  3.108362E+01  1.767298E-02  2.653915E-03                                 111
 3.805000E+02  3.110425E+01  1.767298E-02  2.652128E-03                                 111
 3.807500E+02  3.112487E+01  1.767298E-02  2.650343E-03                                 111
 3.810000E+02  3.114549E+01  1.767298E-02  2.648560E-03                                 111
 3.812500E+02  3.116612E+01  1.767298E-02  2.646780E-03                                 111
 3.815000E+02  3.118674E+01  1.767298E-02  2.645002E-03                                 111
 3.817500E+02  3.120736E+01  1.767298E-02  2.643227E-03                                 111
 3.820000E+02  3.122798E+01  1.767298E-02  2.641454E-03                                 111
 3.822500E+02  3.124860E+01  1.767298E-02  2.639684E-03                                 111
 3.825000E+02  3.126923E+01  1.767298E-02  2.637916E-03                                 111
 3.827500E+02  3.128985E+01  1.767298E-02  2.636151E-03                                 111
 3.830000E+02  3.131047E+01  1.767298E-02  2.634388E-03                                 111
 3.832500E+02  3.133109E+01  1.767298E-02  2.632627E-03                                 111
 3.835000E+02  3.135171E+01  1.767298E-02  2.630869E-03                                 111
 3.837500E+02  3.137233E+01  1.767298E-02  2.629114E-03                                 111
 3.840000E+02  3.139295E+01  1.767298E-02  2.627360E-03                                 111
 3.842500E+02  3.141357E+01  1.767298E-02  2.625609E-03                                 111
 3.845000E+02  3.143419E+01  1.767298E-02  2.623861E-03                                 111
 3.847500E+02  3.145481E+01  1.767298E-02  2.622115E-03                                 111
 3.850000E+02  3.147543E+01  1.767298E-02  2.620371E-03                                 111
 3.852500E+02  3.149605E+01  1.767298E-02  2.618630E-03                                 111
 3.855000E+02  3.151667E+01  1.767298E-02  2.616891E-03                                 111
 3.857500E+02  3.153729E+01  1.767298E-02  2.615154E-03                                 111
 3.860000E+02  3.155791E+01  1.767298E-02  2.613420E-03                                 111
 3.862500E+02  3.157852E+01  1.767298E-02  2.611688E-03                                 111
 3.865000E+02  3.159914E+01  1.767298E-02  2.609959E-03                                 111
 3.867500E+02  3.161976E+01  1.767298E-02  2.608232E-03                                 111
 3.870000E+02  3.164038E+01  1.767298E-02  2.606507E-03                                 111
 3.872500E+02  3.166100E+01  1.767298E-02  2.604785E-03                                 111
 3.875000E+02  3.168161E+01  1.767298E-02  2.603064E-03                                 111
 3.877500E+02  3.170223E+01  1.767298E-02  2.601347E-03                                 111
 3.880000E+02  3.172285E+01  1.767298E-02  2.599631E-03                                 111
 3.882500E+02  3.174346E+01  1.767298E-02  2.597918E-03                                 111
 3.885000E+02  3.176408E+01  1.767298E-02  2.596207E-03                                 111
 3.887500E+02  3.178470E+01  1.767298E-02  2.594499E-03                                 111
 3.890000E+02  3.180531E+01  1.767298E-02  2.592793E-03                                 111
 3.892500E+02  3.182593E+01  1.767298E-02  2.591089E-03                                 111
 3.895000E+02  3.184654E+01  1.767298E-02  2.589387E-03                                 111
 3.897500E+02  3.186716E+01  1.767298E-02  2.587688E-03                                 111
 3.900000E+02  3.188778E+01  1.767298E-02  2.585991E-03                                 111
 3.902500E+02  3.190839E+01  1.767298E-02  2.584296E-03                                 111
 3.905000E+02  3.192901E+01  1.767298E-02  2.582604E-03                                 111
 3.907500E+02  3.194962E+01  1.767298E-02  2.580914E-03                                 111
 3.910000E+02  3.197024E+01  1.767298E-02  2.579226E-03                                 111
 3.912500E+02  3.199085E+01  1.767298E-02  2.577540E-03                                 111
 3.915000E+02  3.201146E+01  1.767298E-02  2.575857E-03                                 111
 3.917500E+02  3.203208E+01  1.767298E-02  2.574176E-03                                 111
 3.920000E+02  3.205269E+01  1.767298E-02  2.572497E-03                                 111
 3.922500E+02  3.207331E+01  1.767298E-02  2.570820E-03                                 111
 3.925000E+02  3.209392E+01  1.767298E-02  2.569146E-03                                 111
 3.927500E+02  3.211453E+01  1.767298E-02  2.567474E-03                                 111
 3.930000E+02  3.213515E+01  1.767298E-02  2.565804E-03                                 111
 3.932500E+02  3.215576E+01  1.767298E-02  2.564136E-03                                 111
 3.935000E+02  3.217637E+01  1.767298E-02  2.562470E-03                                 111
 3.937500E+02  3.219699E+01  1.767298E-02  2.560807E-03                                 111
 3.940000E+02  3.221760E+01  1.767298E-02  2.559146E-03                                 111
 3.942500E+02  3.223821E+01  1.767298E-02  2.557487E-03                                 111
 3.945000E+02  3.225882E+01  1.767298E-02  2.555831E-03                                 111
 3.947500E+02  3.227943E+01  1.767298E-02  2.554176E-03                                 111
 3.950000E+02  3.230005E+01  1.767298E-02  2.552524E-03                                 111
 3.952500E+02  3.232066E+01  1.767298E-02  2.550874E-03                                 111
 3.955000E+02  3.234127E+01  1.767298E-02  2.549226E-03                                 111
 3.957500E+02  3.236188E+01  1.767298E-02  2.547580E-03                                 111
 3.960000E+02  3.238249E+01  1.767298E-02  2.545937E-03                                 111
 3.962500E+02  3.240310E+01  1.767298E-02  2.544296E-03                                 111
 3.965000E+02  3.242371E+01  1.767298E-02  2.542656E-03                                 111
 3.967500E+02  3.244432E+01  1.767298E-02  2.541019E-03                                 111
 3.970000E+02  3.246493E+01  1.767298E-02  2.539385E-03                                 111
 3.972500E+02  3.248554E+01  1.767298E-02  2.537752E-03                                 111
 3.975000E+02  3.250615E+01  1.767298E-02  2.536121E-03                                 111
 3.977500E+02  3.252676E+01  1.767298E-02  2.534493E-03                                 111
 3.980000E+02  3.254737E+01  1.767298E-02  2.532867E-03                                 111
 3.982500E+02  3.256798E+01  1.767298E-02  2.531243E-03                                 111
 3.985000E+02  3.258859E+01  1.767298E-02  2.529621E-03                                 111
 3.987500E+02  3.260920E+01  1.767298E-02  2.528001E-03                                 111
 3.990000E+02  3.262981E+01  1.767298E-02  2.526383E-03                                 111
 3.992500E+02  3.265042E+01  1.767298E-02  2.524767E-03                                 111
 3.995000E+02  3.267103E+01  1.767298E-02  2.523154E-03                                 111
 3.997500E+02  3.269164E+01  1.767298E-02  2.521542E-03                                 111
 4.000000E+02  3.271224E+01  1.767298E-02  2.519933E-03                                 111
 4.002500E+02  3.273285E+01  1.767298E-02  2.518326E-03                                 111
 4.005000E+02  3.275346E+01  1.767298E-02  2.516721E-03                                 111
 4.007500E+02  3.277407E+01  1.767298E-02  2.515118E-03                                 111
 4.010000E+02  3.279468E+01  1.767298E-02  2.513517E-03                                 111
 4.012500E+02  3.281528E+01  1.767298E-02  2.511918E-03                                 111
 4.015000E+02  3.283589E+01  1.767298E-02  2.510321E-03                                 111
 4.017500E+02  3.285650E+01  1.767298E-02  2.508727E-03                                 111
 4.020000E+02  3.287710E+01  1.767298E-02  2.507134E-03                                 111
 4.022500E+02  3.289771E+01  1.767298E-02  2.505543E-03                                 111
 4.025000E+02  3.291832E+01  1.767298E-02  2.503955E-03                                 111
 4.027500E+02  3.293892E+01  1.767298E-02  2.502369E-03                                 111
 4.030000E+02  3.295953E+01  1.767298E-02  2.500784E-03                                 111
 4.032500E+02  3.298014E+01  1.767298E-02  2.499202E-03                                 111
 4.035000E+02  3.300074E+01  1.767298E-02  2.497622E-03                                 111
 4.037500E+02  3.302135E+01  1.767298E-02  2.496043E-03                                 111
 4.040000E+02  3.304195E+01  1.767298E-02  2.494467E-03                                 111
 4.042500E+02  3.306256E+01  1.767298E-02  2.492893E-03                                 111
 4.045000E+02  3.308316E+01  1.767298E-02  2.491321E-03                                 111
 4.047500E+02  3.310377E+01  1.767298E-02  2.489751E-03                                 111
 4.050000E+02  3.312437E+01  1.767298E-02  2.488183E-03                                 111
 4.052500E+02  3.314498E+01  1.767298E-02  2.486617E-03                                 111
 4.055000E+02  3.316558E+01  1.767298E-02  2.485053E-03                                 111
 4.057500E+02  3.318619E+01  1.767298E-02  2.483491E-03                                 111
 4.060000E+02  3.320679E+01  1.767298E-02  2.481931E-03                                 111
 4.062500E+02  3.322740E+01  1.767298E-02  2.480372E-03                                 111
 4.065000E+02  3.324800E+01  1.767298E-02  2.478816E-03                                 111
 4.067500E+02  3.326860E+01  1.767298E-02  2.477262E-03                                 111
 4.070000E+02  3.328921E+01  1.767298E-02  2.475710E-03                                 111
 4.072500E+02  3.330981E+01  1.767298E-02  2.474160E-03                                 111
 4.075000E+02  3.333041E+01  1.767298E-02  2.472612E-03                                 111
 4.077500E+02  3.335102E+01  1.767298E-02  2.471066E-03                                 111
 4.080000E+02  3.337162E+01  1.767298E-02  2.469522E-03                                 111
 4.082500E+02  3.339222E+01  1.767298E-02  2.467980E-03                                 111
 4.085000E+02  3.341283E+01  1.767298E-02  2.466440E-03                                 111
 4.087500E+02  3.343343E+01  1.767298E-02  2.464901E-03                                 111
 4.090000E+02  3.345403E+01  1.767298E-02  2.463365E-03                                 111
 4.092500E+02  3.347463E+01  1.767298E-02  2.461831E-03                                 111
 4.095000E+02  3.349524E+01  1.767298E-02  2.460298E-03                                 111
 4.097500E+02  3.351584E+01  1.767298E-02  2.458768E-03                                 111
 4.100000E+02  3.353644E+01  1.767298E-02  2.457239E-03                                 111
 4.102500E+02  3.355704E+01  1.767298E-02  2.455713E-03                                 111
 4.105000E+02  3.357764E+01  1.767298E-02  2.454188E-03                                 111
 4.107500E+02  3.359824E+01  1.767298E-02  2.452666E-03                                 111
 4.110000E+02  3.361885E+01  1.767298E-02  2.451145E-03                                 111
 4.112500E+02  3.363945E+01  1.767298E-02  2.449626E-03                                 111
 4.115000E+02  3.366005E+01  1.767298E-02  2.448109E-03                                 111
 4.117500E+02  3.368065E+01  1.767298E-02  2.446594E-03                                 111
 4.120000E+02  3.370125E+01  1.767298E-02  2.445081E-03                                 111
 4.122500E+02  3.372185E+01  1.767298E-02  2.443570E-03                                 111
 4.125000E+02  3.374245E+01  1.767298E-02  2.442061E-03                                 111
 4.127500E+02  3.376305E+01  1.767298E-02  2.440553E-03                                 111
 4.130000E+02  3.378365E+01  1.767298E-02  2.439048E-03                                 111
 4.132500E+02  3.380425E+01  1.767298E-02  2.437544E-03                                 111
 4.135000E+02  3.382485E+01  1.767298E-02  2.436042E-03                                 111
 4.137500E+02  3.384545E+01  1.767298E-02  2.434543E-03                                 111
 4.140000E+02  3.386605E+01  1.767298E-02  2.433045E-03                                 111
 4.142500E+02  3.388665E+01  1.767298E-02  2.431549E-03                                 111
 4.145000E+02  3.390725E+01  1.767298E-02  2.430054E-03                                 111
 4.147500E+02  3.392785E+01  1.767298E-02  2.428562E-03                                 111
 4.150000E+02  3.394845E+01  1.767298E-02  2.427072E-03                                 111
 4.152500E+02  3.396904E+01  1.767298E-02  2.425583E-03                                 111
 4.155000E+02  3.398964E+01  1.767298E-02  2.424096E-03                                 111
 4.157500E+02  3.401024E+01  1.767298E-02  2.422612E-03                                 111
 4.160000E+02  3.403084E+01  1.767298E-02  2.421129E-03                                 111
 4.162500E+02  3.405144E+01  1.767298E-02  2.419647E-03                                 111
 4.165000E+02  3.407204E+01  1.767298E-02  2.418168E-03                                 111
 4.167500E+02  3.409263E+01  1.767298E-02  2.416691E-03                                 111
 4.170000E+02  3.411323E+01  1.767298E-02  2.415215E-03                                 111
 4.172500E+02  3.413383E+01  1.767298E-02  2.413741E-03                                 111
 4.175000E+02  3.415443E+01  1.767298E-02  2.412269E-03                                 111
 4.177500E+02  3.417502E+01  1.767298E-02  2.410799E-03                                 111
 4.180000E+02  3.419562E+01  1.767298E-02  2.409331E-03                                 111
 4.182500E+02  3.421622E+01  1.767298E-02  2.407864E-03                                 111
 4.185000E+02  3.423682E+01  1.767298E-02  2.406400E-03                                 111
 4.187500E+02  3.425741E+01  1.767298E-02  2.404937E-03                                 111
 4.190000E+02  3.427801E+01  1.767298E-02  2.403476E-03                                 111
 4.192500E+02  3.429861E+01  1.767298E-02  2.402017E-03                                 111
 4.195000E+02  3.431920E+01  1.767298E-02  2.400559E-03                                 111
 4.197500E+02  3.433980E+01  1.767298E-02  2.399104E-03                                 111
 4.200000E+02  3.436039E+01  1.767298E-02  2.397650E-03                                 111
 4.202500E+02  3.438099E+01  1.767298E-02  2.396198E-03                                 111
 4.205000E+02  3.440159E+01  1.767298E-02  2.394747E-03                                 111
 4.207500E+02  3.442218E+01  1.767298E-02  2.393299E-03                                 111
 4.210000E+02  3.444278E+01  1.767298E-02  2.391852E-03                                 111
 4.212500E+02  3.446337E+01  1.767298E-02  2.390407E-03                                 111
 4.215000E+02  3.448397E+01  1.767298E-02  2.388964E-03                                 111
 4.217500E+02  3.450456E+01  1.767298E-02  2.387523E-03                                 111
 4.220000E+02  3.452516E+01  1.767298E-02  2.386083E-03                                 111
 4.222500E+02  3.454575E+01  1.767298E-02  2.384646E-03                                 111
 4.225000E+02  3.456635E+01  1.767298E-02  2.383209E-03                                 111
 4.227500E+02  3.458694E+01  1.767298E-02  2.381775E-03                                 111
 4.230000E+02  3.460754E+01  1.767298E-02  2.380343E-03                                 111
 4.232500E+02  3.462813E+01  1.767298E-02  2.378912E-03                                 111
 4.235000E+02  3.464873E+01  1.767298E-02  2.377483E-03                                 111
 4.237500E+02  3.466932E+01  1.767298E-02  2.376056E-03                                 111
 4.240000E+02  3.468991E+01  1.767298E-02  2.374630E-03                                 111
 4.242500E+02  3.471051E+01  1.767298E-02  2.373206E-03                                 111
 4.245000E+02  3.473110E+01  1.767298E-02  2.371784E-03                                 111
 4.247500E+02  3.475170E+01  1.767298E-02  2.370364E-03                                 111
 4.250000E+02  3.477229E+01  1.767298E-02  2.368945E-03                                 111
 4.252500E+02  3.479288E+01  1.767298E-02  2.367528E-03                                 111
 4.255000E+02  3.481348E+01  1.767298E-02  2.366113E-03                                 111
 4.257500E+02  3.483407E+01  1.767298E-02  2.364700E-03                                 111
 4.260000E+02  3.485466E+01  1.767298E-02  2.363288E-03                                 111
 4.262500E+02  3.487525E+01  1.767298E-02  2.361878E-03                                 111
 4.265000E+02  3.489585E+01  1.767298E-02  2.360470E-03                                 111
 4.267500E+02  3.491644E+01  1.767298E-02  2.359063E-03                                 111
 4.270000E+02  3.493703E+01  1.767298E-02  2.357658E-03                                 111
 4.272500E+02  3.495762E+01  1.767298E-02  2.356255E-03                                 111
 4.275000E+02  3.497822E+01  1.767298E-02  2.354854E-03                                 111
 4.277500E+02  3.499881E+01  1.767298E-02  2.353454E-03                                 111
 4.280000E+02  3.501940E+01  1.767298E-02  2.352056E-03                                 111
 4.282500E+02  3.503999E+01  1.767298E-02  2.350659E-03                                 111
 4.285000E+02  3.506058E+01  1.767298E-02  2.349265E-03                                 111
 4.287500E+02  3.508118E+01  1.767298E-02  2.347872E-03                                 111
 4.290000E+02  3.510177E+01  1.767298E-02  2.346480E-03                                 111
 4.292500E+02  3.512236E+01  1.767298E-02  2.345091E-03                                 111
 4.295000E+02  3.514295E+01  1.767298E-02  2.343703E-03                                 111
 4.297500E+02  3.516354E+01  1.767298E-02  2.342316E-03                                 111
 4.300000E+02  3.518413E+01  1.767298E-02  2.340932E-03                                 111
 4.302500E+02  3.520472E+01  1.767298E-02  2.339549E-03                                 111
 4.305000E+02  3.522531E+01  1.767298E-02  2.338167E-03                                 111
 4.307500E+02  3.524590E+01  1.767298E-02  2.336788E-03                                 111
 4.310000E+02  3.526649E+01  1.767298E-02  2.335409E-03                                 111
 4.312500E+02  3.528708E+01  1.767298E-02  2.334033E-03                                 111
 4.315000E+02  3.530767E+01  1.767298E-02  2.332658E-03                                 111
 4.317500E+02  3.532826E+01  1.767298E-02  2.331285E-03                                 111
 4.320000E+02  3.534885E+01  1.767298E-02  2.329914E-03                                 111
 4.322500E+02  3.536944E+01  1.767298E-02  2.328544E-03                                 111
 4.325000E+02  3.539003E+01  1.767298E-02  2.327176E-03                                 111
 4.327500E+02  3.541062E+01  1.767298E-02  2.325809E-03                                 111
 4.330000E+02  3.543121E+01  1.767298E-02  2.324444E-03                                 111
 4.332500E+02  3.545180E+01  1.767298E-02  2.323081E-03                                 111
 4.335000E+02  3.547239E+01  1.767298E-02  2.321719E-03                                 111
 4.337500E+02  3.549298E+01  1.767298E-02  2.320359E-03                                 111
 4.340000E+02  3.551357E+01  1.767298E-02  2.319001E-03                                 111
 4.342500E+02  3.553416E+01  1.767298E-02  2.317644E-03                                 111
 4.345000E+02  3.555475E+01  1.767298E-02  2.316289E-03                                 111
 4.347500E+02  3.557534E+01  1.767298E-02  2.314935E-03                                 111
 4.350000E+02  3.559593E+01  1.767298E-02  2.313583E-03                                 111
 4.352500E+02  3.561651E+01  1.767298E-02  2.312233E-03                                 111
 4.355000E+02  3.563710E+01  1.767298E-02  2.310884E-03                                 111
 4.357500E+02  3.565769E+01  1.767298E-02  2.309537E-03                                 111
 4.360000E+02  3.567828E+01  1.767298E-02  2.308191E-03                                 111
 4.362500E+02  3.569887E+01  1.767298E-02  2.306847E-03                                 111
 4.365000E+02  3.571945E+01  1.767298E-02  2.305505E-03                                 111
 4.367500E+02  3.574004E+01  1.767298E-02  2.304164E-03                                 111
 4.370000E+02  3.576063E+01  1.767298E-02  2.302825E-03                                 111
 4.372500E+02  3.578122E+01  1.767298E-02  2.301487E-03                                 111
 4.375000E+02  3.580181E+01  1.767298E-02  2.300151E-03                                 111
 4.377500E+02  3.582239E+01  1.767298E-02  2.298817E-03                                 111
 4.380000E+02  3.584298E+01  1.767298E-02  2.297484E-03                                 111
 4.382500E+02  3.586357E+01  1.767298E-02  2.296152E-03                                 111
 4.385000E+02  3.588415E+01  1.767298E-02  2.294823E-03                                 111
 4.387500E+02  3.590474E+01  1.767298E-02  2.293494E-03                                 111
 4.390000E+02  3.592533E+01  1.767298E-02  2.292168E-03                                 111
 4.392500E+02  3.594591E+01  1.767298E-02  2.290843E-03                                 111
 4.395000E+02  3.596650E+01  1.767298E-02  2.289519E-03                                 111
 4.397500E+02  3.598709E+01  1.767298E-02  2.288197E-03                                 111
 4.400000E+02  3.600767E+01  1.767298E-02  2.286877E-03                                 111
 4.402500E+02  3.602826E+01  1.767298E-02  2.285558E-03                                 111
 4.405000E+02  3.604885E+01  1.767298E-02  2.284240E-03                                 111
 4.407500E+02  3.606943E+01  1.767298E-02  2.282924E-03                                 111
 4.410000E+02  3.609002E+01  1.767298E-02  2.281610E-03                                 111
 4.412500E+02  3.611060E+01  1.767298E-02  2.280297E-03                                 111
 4.415000E+02  3.613119E+01  1.767298E-02  2.278986E-03                                 111
 4.417500E+02  3.615177E+01  1.767298E-02  2.277676E-03                                 111
 4.420000E+02  3.617236E+01  1.767298E-02  2.276368E-03                                 111
 4.422500E+02  3.619295E+01  1.767298E-02  2.275062E-03                                 111
 4.425000E+02  3.621353E+01  1.767298E-02  2.273756E-03                                 111
 4.427500E+02  3.623412E+01  1.767298E-02  2.272453E-03                                 111
 4.430000E+02  3.625470E+01  1.767298E-02  2.271151E-03                                 111
 4.432500E+02  3.627529E+01  1.767298E-02  2.269850E-03                                 111
 4.435000E+02  3.629587E+01  1.767298E-02  2.268551E-03                                 111
 4.437500E+02  3.631646E+01  1.767298E-02  2.267253E-03                                 111
 4.440000E+02  3.633704E+01  1.767298E-02  2.265957E-03                                 111
 4.442500E+02  3.635762E+01  1.767298E-02  2.264663E-03                                 111
 4.445000E+02  3.637821E+01  1.767298E-02  2.263370E-03                                 111
 4.447500E+02  3.639879E+01  1.767298E-02  2.262078E-03                                 111
 4.450000E+02  3.641938E+01  1.767298E-02  2.260788E-03                                 111
 4.452500E+02  3.643996E+01  1.767298E-02  2.259500E-03                                 111
 4.455000E+02  3.646055E+01  1.767298E-02  2.258213E-03                                 111
 4.457500E+02  3.648113E+01  1.767298E-02  2.256927E-03                                 111
 4.460000E+02  3.650171E+01  1.767298E-02  2.255643E-03                                 111
 4.462500E+02  3.652230E+01  1.767298E-02  2.254360E-03                                 111
 4.465000E+02  3.654288E+01  1.767298E-02  2.253079E-03                                 111
 4.467500E+02  3.656346E+01  1.767298E-02  2.251799E-03                                 111
 4.470000E+02  3.658405E+01  1.767298E-02  2.250521E-03                                 111
 4.472500E+02  3.660463E+01  1.767298E-02  2.249244E-03                                 111
 4.475000E+02  3.662521E+01  1.767298E-02  2.247969E-03                                 111
 4.477500E+02  3.664580E+01  1.767298E-02  2.246695E-03                                 111
 4.480000E+02  3.666638E+01  1.767298E-02  2.245423E-03                                 111
 4.482500E+02  3.668696E+01  1.767298E-02  2.244152E-03                                 111
 4.485000E+02  3.670755E+01  1.767298E-02  2.242883E-03                                 111
 4.487500E+02  3.672813E+01  1.767298E-02  2.241615E-03                                 111
 4.490000E+02  3.674871E+01  1.767298E-02  2.240348E-03                                 111
 4.492500E+02  3.676929E+01  1.767298E-02  2.239083E-03                                 111
 4.495000E+02  3.678988E+01  1.767298E-02  2.237819E-03                                 111
 4.497500E+02  3.681046E+01  1.767298E-02  2.236557E-03                                 111
 4.500000E+02  3.683104E+01  1.767298E-02  2.235297E-03                                 111
 4.502500E+02  3.685162E+01  1.767298E-02  2.234037E-03                                 111
 4.505000E+02  3.687220E+01  1.767298E-02  2.232779E-03                                 111
 4.507500E+02  3.689279E+01  1.767298E-02  2.231523E-03                                 111
 4.510000E+02  3.691337E+01  1.767298E-02  2.230268E-03                                 111
 4.512500E+02  3.693395E+01  1.767298E-02  2.229014E-03                                 111
 4.515000E+02  3.695453E+01  1.767298E-02  2.227762E-03                                 111
 4.517500E+02  3.697511E+01  1.767298E-02  2.226512E-03                                 111
 4.520000E+02  3.699569E+01  1.767298E-02  2.225262E-03                                 111
 4.522500E+02  3.701627E+01  1.767298E-02  2.224014E-03                                 111
 4.525000E+02  3.703686E+01  1.767298E-02  2.222768E-03                                 111
 4.527500E+02  3.705744E+01  1.767298E-02  2.221523E-03                                 111
 4.530000E+02  3.707802E+01  1.767298E-02  2.220279E-03                                 111
 4.532500E+02  3.709860E+01  1.767298E-02  2.219037E-03                                 111
 4.535000E+02  3.711918E+01  1.767298E-02  2.217796E-03                                 111
 4.537500E+02  3.713976E+01  1.767298E-02  2.216557E-03                                 111
 4.540000E+02  3.716034E+01  1.767298E-02  2.215319E-03                                 111
 4.542500E+02  3.718092E+01  1.767298E-02  2.214082E-03                                 111
 4.545000E+02  3.720150E+01  1.767298E-02  2.212847E-03                                 111
 4.547500E+02  3.722208E+01  1.767298E-02  2.211613E-03                                 111
 4.550000E+02  3.724266E+01  1.767298E-02  2.210381E-03                                 111
 4.552500E+02  3.726324E+01  1.767298E-02  2.209150E-03                                 111
 4.555000E+02  3.728382E+01  1.767298E-02  2.207920E-03                                 111
 4.557500E+02  3.730440E+01  1.767298E-02  2.206692E-03                                 111
 4.560000E+02  3.732498E+01  1.767298E-02  2.205465E-03                                 111
 4.562500E+02  3.734556E+01  1.767298E-02  2.204240E-03                                 111
 4.565000E+02  3.736614E+01  1.767298E-02  2.203016E-03                                 111
 4.567500E+02  3.738672E+01  1.767298E-02  2.201793E-03                                 111
 4.570000E+02  3.740730E+01  1.767298E-02  2.200572E-03                                 111
 4.572500E+02  3.742788E+01  1.767298E-02  2.199352E-03                                 111
 4.575000E+02  3.744846E+01  1.767298E-02  2.198133E-03                                 111
 4.577500E+02  3.746904E+01  1.767298E-02  2.196916E-03                                 111
 4.580000E+02  3.748962E+01  1.767298E-02  2.195700E-03                                 111
 4.582500E+02  3.751019E+01  1.767298E-02  2.194485E-03                                 111
 4.585000E+02  3.753077E+01  1.767298E-02  2.193272E-03                                 111
 4.587500E+02  3.755135E+01  1.767298E-02  2.192060E-03                                 111
 4.590000E+02  3.757193E+01  1.767298E-02  2.190850E-03                                 111
 4.592500E+02  3.759251E+01  1.767298E-02  2.189641E-03                                 111
 4.595000E+02  3.761309E+01  1.767298E-02  2.188433E-03                                 111
 4.597500E+02  3.763367E+01  1.767298E-02  2.187227E-03                                 111
 4.600000E+02  3.765424E+01  1.767298E-02  2.186022E-03                                 111
 4.602500E+02  3.767482E+01  1.767298E-02  2.184818E-03                                 111
 4.605000E+02  3.769540E+01  1.767298E-02  2.183616E-03                                 111
 4.607500E+02  3.771598E+01  1.767298E-02  2.182415E-03                                 111
 4.610000E+02  3.773656E+01  1.767298E-02  2.181215E-03                                 111
 4.612500E+02  3.775713E+01  1.767298E-02  2.180017E-03                                 111
 4.615000E+02  3.777771E+01  1.767298E-02  2.178820E-03                                 111
 4.617500E+02  3.779829E+01  1.767298E-02  2.177624E-03                                 111
 4.620000E+02  3.781887E+01  1.767298E-02  2.176429E-03                                 111
 4.622500E+02  3.783945E+01  1.767298E-02  2.175236E-03                                 111
 4.625000E+02  3.786002E+01  1.767298E-02  2.174045E-03                                 111
 4.627500E+02  3.788060E+01  1.767298E-02  2.172854E-03                                 111
 4.630000E+02  3.790118E+01  1.767298E-02  2.171665E-03                                 111
 4.632500E+02  3.792175E+01  1.767298E-02  2.170478E-03                                 111
 4.635000E+02  3.794233E+01  1.767298E-02  2.169291E-03                                 111
 4.637500E+02  3.796291E+01  1.767298E-02  2.168106E-03                                 111
 4.640000E+02  3.798349E+01  1.767298E-02  2.166922E-03                                 111
 4.642500E+02  3.800406E+01  1.767298E-02  2.165740E-03                                 111
 4.645000E+02  3.802464E+01  1.767298E-02  2.164558E-03                                 111
 4.647500E+02  3.804522E+01  1.767298E-02  2.163378E-03                                 111
 4.650000E+02  3.806579E+01  1.767298E-02  2.162200E-03                                 111
 4.652500E+02  3.808637E+01  1.767298E-02  2.161023E-03                                 111
 4.655000E+02  3.810694E+01  1.767298E-02  2.159847E-03                                 111
 4.657500E+02  3.812752E+01  1.767298E-02  2.158672E-03                                 111
 4.660000E+02  3.814810E+01  1.767298E-02  2.157498E-03                                 111
 4.662500E+02  3.816867E+01  1.767298E-02  2.156326E-03                                 111
 4.665000E+02  3.818925E+01  1.767298E-02  2.155155E-03                                 111
 4.667500E+02  3.820982E+01  1.767298E-02  2.153986E-03                                 111
 4.670000E+02  3.823040E+01  1.767298E-02  2.152818E-03                                 111
 4.672500E+02  3.825098E+01  1.767298E-02  2.151651E-03                                 111
 4.675000E+02  3.827155E+01  1.767298E-02  2.150485E-03                                 111
 4.677500E+02  3.829213E+01  1.767298E-02  2.149320E-03                                 111
 4.680000E+02  3.831270E+01  1.767298E-02  2.148157E-03                                 111
 4.682500E+02  3.833328E+01  1.767298E-02  2.146995E-03                                 111
 4.685000E+02  3.835385E+01  1.767298E-02  2.145835E-03                                 111
 4.687500E+02  3.837443E+01  1.767298E-02  2.144675E-03                                 111
 4.690000E+02  3.839500E+01  1.767298E-02  2.143517E-03                                 111
 4.692500E+02  3.841558E+01  1.767298E-02  2.142361E-03                                 111
 4.695000E+02  3.843615E+01  1.767298E-02  2.141205E-03                                 111
 4.697500E+02  3.845673E+01  1.767298E-02  2.140051E-03                                 111
 4.700000E+02  3.847730E+01  1.767298E-02  2.138898E-03                                 111
 4.702500E+02  3.849788E+01  1.767298E-02  2.137746E-03                                 111
 4.705000E+02  3.851845E+01  1.767298E-02  2.136595E-03                                 111
 4.707500E+02  3.853903E+01  1.767298E-02  2.135446E-03                                 111
 4.710000E+02  3.855960E+01  1.767298E-02  2.134298E-03                                 111
 4.712500E+02  3.858018E+01  1.767298E-02  2.133151E-03                                 111
 4.715000E+02  3.860075E+01  1.767298E-02  2.132006E-03                                 111
 4.717500E+02  3.862132E+01  1.767298E-02  2.130861E-03                                 111
 4.720000E+02  3.864190E+01  1.767298E-02  2.129718E-03                                 111
 4.722500E+02  3.866247E+01  1.767298E-02  2.128577E-03                                 111
 4.725000E+02  3.868305E+01  1.767298E-02  2.127436E-03                                 111
 4.727500E+02  3.870362E+01  1.767298E-02  2.126297E-03                                 111
 4.730000E+02  3.872419E+01  1.767298E-02  2.125159E-03                                 111
 4.732500E+02  3.874477E+01  1.767298E-02  2.124022E-03                                 111
 4.735000E+02  3.876534E+01  1.767298E-02  2.122886E-03                                 111
 4.737500E+02  3.878592E+01  1.767298E-02  2.121752E-03                                 111
 4.740000E+02  3.880649E+01  1.767298E-02  2.120618E-03                                 111
 4.742500E+02  3.882706E+01  1.767298E-02  2.119486E-03                                 111
 4.745000E+02  3.884764E+01  1.767298E-02  2.118356E-03                                 111
 4.747500E+02  3.886821E+01  1.767298E-02  2.117226E-03                                 111
 4.750000E+02  3.888878E+01  1.767298E-02  2.116098E-03                                 111
 4.752500E+02  3.890936E+01  1.767298E-02  2.114971E-03                                 111
 4.755000E+02  3.892993E+01  1.767298E-02  2.113845E-03                                 111
 4.757500E+02  3.895050E+01  1.767298E-02  2.112720E-03                                 111
 4.760000E+02  3.897107E+01  1.767298E-02  2.111597E-03                                 111
 4.762500E+02  3.899165E+01  1.767298E-02  2.110474E-03                                 111
 4.765000E+02  3.901222E+01  1.767298E-02  2.109353E-03                                 111
 4.767500E+02  3.903279E+01  1.767298E-02  2.108234E-03                                 111
 4.770000E+02  3.905336E+01  1.767298E-02  2.107115E-03                                 111
 4.772500E+02  3.907394E+01  1.767298E-02  2.105997E-03                                 111
 4.775000E+02  3.909451E+01  1.767298E-02  2.104881E-03                                 111
 4.777500E+02  3.911508E+01  1.767298E-02  2.103766E-03                                 111
 4.780000E+02  3.913565E+01  1.767298E-02  2.102652E-03                                 111
 4.782500E+02  3.915623E+01  1.767298E-02  2.101540E-03                                 111
 4.785000E+02  3.917680E+01  1.767298E-02  2.100428E-03                                 111
 4.787500E+02  3.919737E+01  1.767298E-02  2.099318E-03                                 111
 4.790000E+02  3.921794E+01  1.767298E-02  2.098209E-03                                 111
 4.792500E+02  3.923851E+01  1.767298E-02  2.097101E-03                                 111
 4.795000E+02  3.925909E+01  1.767298E-02  2.095994E-03                                 111
 4.797500E+02  3.927966E+01  1.767298E-02  2.094888E-03                                 111
 4.800000E+02  3.930023E+01  1.767298E-02  2.093784E-03                                 111
 4.802500E+02  3.932080E+01  1.767298E-02  2.092681E-03                                 111
 4.805000E+02  3.934137E+01  1.767298E-02  2.091579E-03                                 111
 4.807500E+02  3.936194E+01  1.767298E-02  2.090478E-03                                 111
 4.810000E+02  3.938251E+01  1.767298E-02  2.089378E-03                                 111
 4.812500E+02  3.940309E+01  1.767298E-02  2.088280E-03                                 111
 4.815000E+02  3.942366E+01  1.767298E-02  2.087182E-03                                 111
 4.817500E+02  3.944423E+01  1.767298E-02  2.086086E-03                                 111
 4.820000E+02  3.946480E+01  1.767298E-02  2.084991E-03                                 111
 4.822500E+02  3.948537E+01  1.767298E-02  2.083897E-03                                 111
 4.825000E+02  3.950594E+01  1.767298E-02  2.082805E-03                                 111
 4.827500E+02  3.952651E+01  1.767298E-02  2.081713E-03                                 111
 4.830000E+02  3.954708E+01  1.767298E-02  2.080623E-03                                 111
 4.832500E+02  3.956765E+01  1.767298E-02  2.079533E-03                                 111
 4.835000E+02  3.958822E+01  1.767298E-02  2.078445E-03                                 111
 4.837500E+02  3.960879E+01  1.767298E-02  2.077358E-03                                 111
 4.840000E+02  3.962936E+01  1.767298E-02  2.076273E-03                                 111
 4.842500E+02  3.964993E+01  1.767298E-02  2.075188E-03                                 111
 4.845000E+02  3.967050E+01  1.767298E-02  2.074104E-03                                 111
 4.847500E+02  3.969107E+01  1.767298E-02  2.073022E-03                                 111
 4.850000E+02  3.971164E+01  1.767298E-02  2.071941E-03                                 111
 4.852500E+02  3.973221E+01  1.767298E-02  2.070861E-03                                 111
 4.855000E+02  3.975278E+01  1.767298E-02  2.069782E-03                                 111
 4.857500E+02  3.977335E+01  1.767298E-02  2.068704E-03                                 111
 4.860000E+02  3.979392E+01  1.767298E-02  2.067627E-03                                 111
 4.862500E+02  3.981449E+01  1.767298E-02  2.066552E-03                                 111
 4.865000E+02  3.983506E+01  1.767298E-02  2.065477E-03                                 111
 4.867500E+02  3.985563E+01  1.767298E-02  2.064404E-03                                 111
 4.870000E+02  3.987620E+01  1.767298E-02  2.063332E-03                                 111
 4.872500E+02  3.989677E+01  1.767298E-02  2.062261E-03                                 111
 4.875000E+02  3.991734E+01  1.767298E-02  2.061191E-03                                 111
 4.877500E+02  3.993791E+01  1.767298E-02  2.060122E-03                                 111
 4.880000E+02  3.995848E+01  1.767298E-02  2.059054E-03                                 111
 4.882500E+02  3.997905E+01  1.767298E-02  2.057988E-03                                 111
 4.885000E+02  3.999962E+01  1.767298E-02  2.056922E-03                                 111
 4.887500E+02  4.002019E+01  1.767298E-02  2.055858E-03                                 111
 4.890000E+02  4.004076E+01  1.767298E-02  2.054795E-03                                 111
 4.892500E+02  4.006132E+01  1.767298E-02  2.053733E-03                                 111
 4.895000E+02  4.008189E+01  1.767298E-02  2.052672E-03                                 111
 4.897500E+02  4.010246E+01  1.767298E-02  2.051612E-03                                 111
 4.900000E+02  4.012303E+01  1.767298E-02  2.050553E-03                                 111
 4.902500E+02  4.014360E+01  1.767298E-02  2.049495E-03                                 111
 4.905000E+02  4.016417E+01  1.767298E-02  2.048439E-03                                 111
 4.907500E+02  4.018474E+01  1.767298E-02  2.047383E-03                                 111
 4.910000E+02  4.020530E+01  1.767298E-02  2.046329E-03                                 111
 4.912500E+02  4.022587E+01  1.767298E-02  2.045275E-03                                 111
 4.915000E+02  4.024644E+01  1.767298E-02  2.044223E-03                                 111
 4.917500E+02  4.026701E+01  1.767298E-02  2.043172E-03                                 111
 4.920000E+02  4.028758E+01  1.767298E-02  2.042122E-03                                 111
 4.922500E+02  4.030815E+01  1.767298E-02  2.041073E-03                                 111
 4.925000E+02  4.032871E+01  1.767298E-02  2.040025E-03                                 111
 4.927500E+02  4.034928E+01  1.767298E-02  2.038979E-03                                 111
 4.930000E+02  4.036985E+01  1.767298E-02  2.037933E-03                                 111
 4.932500E+02  4.039042E+01  1.767298E-02  2.036888E-03                                 111
 4.935000E+02  4.041098E+01  1.767298E-02  2.035845E-03                                 111
 4.937500E+02  4.043155E+01  1.767298E-02  2.034802E-03                                 111
 4.940000E+02  4.045212E+01  1.767298E-02  2.033761E-03                                 111
 4.942500E+02  4.047269E+01  1.767298E-02  2.032721E-03                                 111
 4.945000E+02  4.049325E+01  1.767298E-02  2.031682E-03                                 111
 4.947500E+02  4.051382E+01  1.767298E-02  2.030643E-03                                 111
 4.950000E+02  4.053439E+01  1.767298E-02  2.029606E-03                                 111
 4.952500E+02  4.055496E+01  1.767298E-02  2.028570E-03                                 111
 4.955000E+02  4.057552E+01  1.767298E-02  2.027535E-03                                 111
 4.957500E+02  4.059609E+01  1.767298E-02  2.026501E-03                                 111
 4.960000E+02  4.061666E+01  1.767298E-02  2.025469E-03                                 111
 4.962500E+02  4.063722E+01  1.767298E-02  2.024437E-03                                 111
 4.965000E+02  4.065779E+01  1.767298E-02  2.023406E-03                                 111
 4.967500E+02  4.067836E+01  1.767298E-02  2.022377E-03                                 111
 4.970000E+02  4.069892E+01  1.767298E-02  2.021348E-03                                 111
 4.972500E+02  4.071949E+01  1.767298E-02  2.020321E-03                                 111
 4.975000E+02  4.074006E+01  1.767298E-02  2.019294E-03                                 111
 4.977500E+02  4.076062E+01  1.767298E-02  2.018269E-03                                 111
 4.980000E+02  4.078119E+01  1.767298E-02  2.017244E-03                                 111
 4.982500E+02  4.080176E+01  1.767298E-02  2.016221E-03                                 111
 4.985000E+02  4.082232E+01  1.767298E-02  2.015199E-03                                 111
 4.987500E+02  4.084289E+01  1.767298E-02  2.014178E-03                                 111
 4.990000E+02  4.086346E+01  1.767298E-02  2.013157E-03                                 111
 4.992500E+02  4.088402E+01  1.767298E-02  2.012138E-03                                 111
 4.995000E+02  4.090459E+01  1.767298E-02  2.011120E-03                                 111
 4.997500E+02  4.092515E+01  1.767298E-02  2.010103E-03                                 111
 5.000000E+02  4.094572E+01  1.767298E-02  2.009090E-03                                 111
