#         T/K            d1            d2
 2.500000E+02  9.240581E+00  2.557573E+00
 2.502500E+02  9.258533E+00  2.547768E+00
 2.505000E+02  9.276576E+00  2.537915E+00
 2.507500E+02  9.294556E+00  2.528093E+00
 2.510000E+02  9.312474E+00  2.518303E+00
 2.512500E+02  9.330330E+00  2.508544E+00
 2.515000E+02  9.348122E+00  2.498817E+00
 2.517500E+02  9.365852E+00  2.489122E+00
 2.520000E+02  9.383519E+00  2.479458E+00
 2.522500E+02  9.401123E+00  2.469826E+00
 2.525000E+02  9.418665E+00  2.460225E+00
 2.527500E+02  9.436143E+00  2.450656E+00
 2.530000E+02  9.453558E+00  2.441119E+00
 2.532500E+02  9.470911E+00  2.431614E+00
 2.535000E+02  9.488200E+00  2.422140E+00
 2.537500E+02  9.505426E+00  2.412698E+00
 2.540000E+02  9.522589E+00  2.403288E+00
 2.542500E+02  9.539689E+00  2.393910E+00
 2.545000E+02  9.556725E+00  2.384564E+00
 2.547500E+02  9.573699E+00  2.375250E+00
 2.550000E+02  9.590609E+00  2.365967E+00
 2.552500E+02  9.607456E+00  2.356716E+00
 2.555000E+02  9.624240E+00  2.347498E+00
 2.557500E+02  9.640961E+00  2.338311E+00
 2.560000E+02  9.657618E+00  2.329156E+00
 2.562500E+02  9.674212E+00  2.320033E+00
 2.565000E+02  9.690743E+00  2.310941E+00
 2.567500E+02  9.707211E+00  2.301882E+00
 2.570000E+02  9.723616E+00  2.292855E+00
 2.572500E+02  9.739957E+00  2.283859E+00
 2.575000E+02  9.756235E+00  2.274896E+00
 2.577500E+02  9.772451E+00  2.265964E+00
 2.580000E+02  9.788603E+00  2.257064E+00
 2.582500E+02  9.804692E+00  2.248196E+00
 2.585000E+02  9.820717E+00  2.239360E+00
 2.587500E+02  9.836680E+00  2.230556E+00
 2.590000E+02  9.852580E+00  2.221784E+00
 2.592500E+02  9.868417E+00  2.213043E+00
 2.595000E+02  9.884191E+00  2.204334E+00
 2.597500E+02  9.899902E+00  2.195657E+00
 2.600000E+02  9.915551E+00  2.187012E+00
 2.602500E+02  9.931136E+00  2.178398E+00
 2.605000E+02  9.946659E+00  2.169817E+00
 2.607500E+02  9.962120E+00  2.161266E+00
 2.610000E+02  9.977517E+00  2.152748E+00
 2.612500E+02  9.992852E+00  2.144261E+00
 2.615000E+02  1.000812E+01  2.135806E+00
 2.617500E+02  1.002334E+01  2.127382E+00
 2.620000E+02  1.003848E+01  2.118990E+00
 2.622500E+02  1.005357E+01  2.110630E+00
 2.625000E+02  1.006859E+01  2.102301E+00
 2.627500E+02  1.008355E+01  2.094003E+00
 2.630000E+02  1.009845E+01  2.085737E+00
 2.632500E+02  1.011329E+01  2.077502E+00
 2.635000E+02  1.012806E+01  2.069299E+00
 2.637500E+02  1.014278E+01  2.061127E+00
 2.640000E+02  1.015743E+01  2.052986E+00
 2.642500E+02  1.017202E+01  2.044876E+00
 2.645000E+02  1.018655E+01  2.036798E+00
 2.647500E+02  1.020101E+01  2.028751E+00
 2.650000E+02  1.021542E+01  2.020735E+00
 2.652500E+02  1.022976E+01  2.012749E+00
 2.655000E+02  1.024405E+01  2.004795E+00
 2.657500E+02  1.025827E+01  1.996872E+00
 2.660000E+02  1.027243E+01  1.988980E+00
 2.662500E+02  1.028653E+01  1.981119E+00
 2.665000E+02  1.030057E+01  1.973288E+00
 2.667500E+02  1.031455E+01  1.965488E+00
 2.670000E+02  1.032847E+01  1.957719E+00
 2.672500E+02  1.034232E+01  1.949981E+00
 2.675000E+02  1.035612E+01  1.942273E+00
 2.677500E+02  1.036986E+01  1.934596E+00
 2.680000E+02  1.038354E+01  1.926949E+00
 2.682500E+02  1.039715E+01  1.919332E+00
 2.685000E+02  1.041071E+01  1.911746E+00
 2.687500E+02  1.042421E+01  1.904191E+00
 2.690000E+02  1.043765E+01  1.896665E+00
 2.692500E+02  1.045102E+01  1.889170E+00
 2.695000E+02  1.046434E+01  1.881705E+00
 2.697500E+02  1.047760E+01  1.874270E+00
 2.700000E+02  1.049080E+01  1.866865E+00
 2.702500E+02  1.050394E+01  1.859490E+00
 2.705000E+02  1.051703E+01  1.852145E+00
 2.707500E+02  1.053005E+01  1.844829E+00
 2.710000E+02  1.054302E+01  1.837544E+00
 2.712500E+02  1.055592E+01  1.830288E+00
 2.715000E+02  1.056877E+01  1.823061E+00
 2.717500E+02  1.058156E+01  1.815865E+00
 2.720000E+02  1.059429E+01  1.808697E+00
 2.722500E+02  1.060697E+01  1.801559E+00
 2.725000E+02  1.061958E+01  1.794451E+00
 2.727500E+02  1.063214E+01  1.787372E+00
 2.730000E+02  1.064465E+01  1.780321E+00
 2.732500E+02  1.065709E+01  1.773301E+00
 2.735000E+02  1.066948E+01  1.766309E+00
 2.737500E+02  1.068181E+01  1.759346E+00
 2.740000E+02  1.069408E+01  1.752412E+00
 2.742500E+02  1.070630E+01  1.745507E+00
 2.745000E+02  1.071846E+01  1.738630E+00
 2.747500E+02  1.073056E+01  1.731782E+00
 2.750000E+02  1.074261E+01  1.724963E+00
 2.752500E+02  1.075460E+01  1.718173E+00
 2.755000E+02  1.076653E+01  1.711410E+00
 2.757500E+02  1.077841E+01  1.704677E+00
 2.760000E+02  1.079024E+01  1.697971E+00
 2.762500E+02  1.080200E+01  1.691294E+00
 2.765000E+02  1.081372E+01  1.684645E+00
 2.767500E+02  1.082537E+01  1.678024E+00
 2.770000E+02  1.083698E+01  1.671431E+00
 2.772500E+02  1.084852E+01  1.664865E+00
 2.775000E+02  1.086002E+01  1.658328E+00
 2.777500E+02  1.087146E+01  1.651818E+00
 2.780000E+02  1.088284E+01  1.645336E+00
 2.782500E+02  1.089417E+01  1.638882E+00
 2.785000E+02  1.090545E+01  1.632455E+00
 2.787500E+02  1.091667E+01  1.626055E+00
 2.790000E+02  1.092784E+01  1.619683E+00
 2.792500E+02  1.093895E+01  1.613338E+00
 2.795000E+02  1.095001E+01  1.607020E+00
 2.797500E+02  1.096102E+01  1.600730E+00
 2.800000E+02  1.097198E+01  1.594466E+00
 2.802500E+02  1.098288E+01  1.588229E+00
 2.805000E+02  1.099373E+01  1.582019E+00
 2.807500E+02  1.100453E+01  1.575836E+00
 2.810000E+02  1.101527E+01  1.569679E+00
 2.812500E+02  1.102596E+01  1.563549E+00
 2.815000E+02  1.103660E+01  1.557446E+00
 2.817500E+02  1.104719E+01  1.551368E+00
 2.820000E+02  1.105773E+01  1.545317E+00
 2.822500E+02  1.106822E+01  1.539293E+00
 2.825000E+02  1.107865E+01  1.533294E+00
 2.827500E+02  1.108903E+01  1.527322E+00
 2.830000E+02  1.109937E+01  1.521375E+00
 2.832500E+02  1.110965E+01  1.515454E+00
 2.835000E+02  1.111988E+01  1.509559E+00
 2.837500E+02  1.113006E+01  1.503690E+00
 2.840000E+02  1.114019E+01  1.497847E+00
 2.842500E+02  1.115027E+01  1.492028E+00
 2.845000E+02  1.116030E+01  1.486236E+00
 2.847500E+02  1.117028E+01  1.480468E+00
 2.850000E+02  1.118021E+01  1.474726E+00
 2.852500E+02  1.119009E+01  1.469009E+00
 2.855000E+02  1.119992E+01  1.463317E+00
 2.857500E+02  1.120971E+01  1.457650E+00
 2.860000E+02  1.121944E+01  1.452008E+00
 2.862500E+02  1.122913E+01  1.446391E+00
 2.865000E+02  1.123876E+01  1.440799E+00
 2.867500E+02  1.124835E+01  1.435231E+00
 2.870000E+02  1.125789E+01  1.429687E+00
 2.872500E+02  1.126739E+01  1.424168E+00
 2.875000E+02  1.127683E+01  1.418674E+00
 2.877500E+02  1.128623E+01  1.413204E+00
 2.880000E+02  1.129558E+01  1.407757E+00
 2.882500E+02  1.130488E+01  1.402335E+00
 2.885000E+02  1.131414E+01  1.396937E+00
 2.887500E+02  1.132335E+01  1.391563E+00
 2.890000E+02  1.133251E+01  1.386213E+00
 2.892500E+02  1.134163E+01  1.380886E+00
 2.895000E+02  1.135070E+01  1.375583E+00
 2.897500E+02  1.135972E+01  1.370304E+00
 2.900000E+02  1.136870E+01  1.365048E+00
 2.902500E+02  1.137763E+01  1.359815E+00
 2.905000E+02  1.138651E+01  1.354606E+00
 2.907500E+02  1.139536E+01  1.349419E+00
 2.910000E+02  1.140415E+01  1.344256E+00
 2.912500E+02  1.141290E+01  1.339116E+00
 2.915000E+02  1.142161E+01  1.333999E+00
 2.917500E+02  1.143027E+01  1.328905E+00
 2.920000E+02  1.143888E+01  1.323833E+00
 2.922500E+02  1.144745E+01  1.318784E+00
 2.925000E+02  1.145598E+01  1.313757E+00
 2.927500E+02  1.146446E+01  1.308753E+00
 2.930000E+02  1.147290E+01  1.303772E+00
 2.932500E+02  1.148130E+01  1.298812E+00
 2.935000E+02  1.148965E+01  1.293875E+00
 2.937500E+02  1.149796E+01  1.288960E+00
 2.940000E+02  1.150623E+01  1.284067E+00
 2.942500E+02  1.151445E+01  1.279196E+00
 2.945000E+02  1.152263E+01  1.274347E+00
 2.947500E+02  1.153077E+01  1.269519E+00
 2.950000E+02  1.153886E+01  1.264713E+00
 2.952500E+02  1.154691E+01  1.259929E+00
 2.955000E+02  1.155493E+01  1.255166E+00
 2.957500E+02  1.156289E+01  1.250424E+00
 2.960000E+02  1.157082E+01  1.245704E+00
 2.962500E+02  1.157871E+01  1.241005E+00
 2.965000E+02  1.158655E+01  1.236327E+00
 2.967500E+02  1.159435E+01  1.231671E+00
 2.970000E+02  1.160212E+01  1.227035E+00
 2.972500E+02  1.160984E+01  1.222420E+00
 2.975000E+02  1.161752E+01  1.217825E+00
 2.977500E+02  1.162516E+01  1.213252E+00
 2.980000E+02  1.163276E+01  1.208699E+00
 2.982500E+02  1.164032E+01  1.204166E+00
 2.985000E+02  1.164783E+01  1.199654E+00
 2.987500E+02  1.165531E+01  1.195163E+00
 2.990000E+02  1.166275E+01  1.190691E+00
 2.992500E+02  1.167015E+01  1.186240E+00
 2.995000E+02  1.167752E+01  1.181809E+00
 2.997500E+02  1.168484E+01  1.177398E+00
 3.000000E+02  1.169212E+01  1.173006E+00
 3.002500E+02  1.169936E+01  1.168635E+00
 3.005000E+02  1.170657E+01  1.164283E+00
 3.007500E+02  1.171374E+01  1.159951E+00
 3.010000E+02  1.172087E+01  1.155638E+00
 3.012500E+02  1.172796E+01  1.151345E+00
 3.015000E+02  1.173501E+01  1.147071E+00
 3.017500E+02  1.174202E+01  1.142817E+00
 3.020000E+02  1.174900E+01  1.138582E+00
 3.022500E+02  1.175594E+01  1.134366E+00
 3.025000E+02  1.176284E+01  1.130169E+00
 3.027500E+02  1.176971E+01  1.125991E+00
 3.030000E+02  1.177654E+01  1.121831E+00
 3.032500E+02  1.178333E+01  1.117691E+00
 3.035000E+02  1.179008E+01  1.113569E+00
 3.037500E+02  1.179680E+01  1.109466E+00
 3.040000E+02  1.180348E+01  1.105382E+00
 3.042500E+02  1.181013E+01  1.101316E+00
 3.045000E+02  1.181674E+01  1.097268E+00
 3.047500E+02  1.182331E+01  1.093239E+00
 3.050000E+02  1.182985E+01  1.089228E+00
 3.052500E+02  1.183636E+01  1.085235E+00
 3.055000E+02  1.184282E+01  1.081260E+00
 3.057500E+02  1.184926E+01  1.077303E+00
 3.060000E+02  1.185565E+01  1.073364E+00
 3.062500E+02  1.186202E+01  1.069443E+00
 3.065000E+02  1.186834E+01  1.065539E+00
 3.067500E+02  1.187464E+01  1.061653E+00
 3.070000E+02  1.188090E+01  1.057785E+00
 3.072500E+02  1.188712E+01  1.053934E+00
 3.075000E+02  1.189331E+01  1.050101E+00
 3.077500E+02  1.189947E+01  1.046285E+00
 3.080000E+02  1.190559E+01  1.042486E+00
 3.082500E+02  1.191168E+01  1.038704E+00
 3.085000E+02  1.191774E+01  1.034940E+00
 3.087500E+02  1.192376E+01  1.031192E+00
 3.090000E+02  1.192975E+01  1.027462E+00
 3.092500E+02  1.193570E+01  1.023748E+00
 3.095000E+02  1.194163E+01  1.020051E+00
 3.097500E+02  1.194752E+01  1.016371E+00
 3.100000E+02  1.195338E+01  1.012707E+00
 3.102500E+02  1.195920E+01  1.009060E+00
 3.105000E+02  1.196500E+01  1.005430E+00
 3.107500E+02  1.197076E+01  1.001816E+00
 3.110000E+02  1.197649E+01  9.982177E-01
 3.112500E+02  1.198219E+01  9.946361E-01
 3.115000E+02  1.198785E+01  9.910707E-01
 3.117500E+02  1.199349E+01  9.875214E-01
 3.120000E+02  1.199909E+01  9.839881E-01
 3.122500E+02  1.200466E+01  9.804707E-01
 3.125000E+02  1.201020E+01  9.769692E-01
 3.127500E+02  1.201571E+01  9.734835E-01
 3.130000E+02  1.202119E+01  9.700135E-01
 3.132500E+02  1.202664E+01  9.665592E-01
 3.135000E+02  1.203206E+01  9.631204E-01
 3.137500E+02  1.203745E+01  9.596972E-01
 3.140000E+02  1.204281E+01  9.562894E-01
 3.142500E+02  1.204813E+01  9.528969E-01
 3.145000E+02  1.205343E+01  9.495197E-01
 3.147500E+02  1.205870E+01  9.461578E-01
 3.150000E+02  1.206394E+01  9.428109E-01
 3.152500E+02  1.206915E+01  9.394792E-01
 3.155000E+02  1.207433E+01  9.361624E-01
 3.157500E+02  1.207948E+01  9.328606E-01
 3.160000E+02  1.208460E+01  9.295736E-01
 3.162500E+02  1.208969E+01  9.263014E-01
 3.165000E+02  1.209476E+01  9.230439E-01
 3.167500E+02  1.209979E+01  9.198011E-01
 3.170000E+02  1.210480E+01  9.165728E-01
 3.172500E+02  1.210978E+01  9.133590E-01
 3.175000E+02  1.211473E+01  9.101597E-01
 3.177500E+02  1.211965E+01  9.069748E-01
 3.180000E+02  1.212454E+01  9.038041E-01
 3.182500E+02  1.212941E+01  9.006477E-01
 3.185000E+02  1.213425E+01  8.975054E-01
 3.187500E+02  1.213906E+01  8.943773E-01
 3.190000E+02  1.214384E+01  8.912631E-01
 3.192500E+02  1.214860E+01  8.881629E-01
 3.195000E+02  1.215332E+01  8.850767E-01
 3.197500E+02  1.215803E+01  8.820042E-01
 3.200000E+02  1.216270E+01  8.789455E-01
 3.202500E+02  1.216735E+01  8.759005E-01
 3.205000E+02  1.217197E+01  8.728691E-01
 3.207500E+02  1.217656E+01  8.698513E-01
 3.210000E+02  1.218113E+01  8.668470E-01
 3.212500E+02  1.218568E+01  8.638561E-01
 3.215000E+02  1.219019E+01  8.608786E-01
 3.217500E+02  1.219468E+01  8.579144E-01
 3.220000E+02  1.219914E+01  8.549634E-01
 3.222500E+02  1.220358E+01  8.520256E-01
 3.225000E+02  1.220800E+01  8.491009E-01
 3.227500E+02  1.221238E+01  8.461892E-01
 3.230000E+02  1.221674E+01  8.432906E-01
 3.232500E+02  1.222108E+01  8.404049E-01
 3.235000E+02  1.222539E+01  8.375320E-01
 3.237500E+02  1.222968E+01  8.346719E-01
 3.240000E+02  1.223394E+01  8.318246E-01
 3.242500E+02  1.223818E+01  8.289899E-01
 3.245000E+02  1.224239E+01  8.261678E-01
 3.247500E+02  1.224657E+01  8.233583E-01
 3.250000E+02  1.225074E+01  8.205613E-01
 3.252500E+02  1.225488E+01  8.177767E-01
 3.255000E+02  1.225899E+01  8.150045E-01
 3.257500E+02  1.226308E+01  8.122446E-01
 3.260000E+02  1.226715E+01  8.094969E-01
 3.262500E+02  1.227119E+01  8.067614E-01
 3.265000E+02  1.227521E+01  8.040381E-01
 3.267500E+02  1.227920E+01  8.013268E-01
 3.270000E+02  1.228317E+01  7.986275E-01
 3.272500E+02  1.228712E+01  7.959402E-01
 3.275000E+02  1.229105E+01  7.932648E-01
 3.277500E+02  1.229495E+01  7.906012E-01
 3.280000E+02  1.229883E+01  7.879494E-01
 3.282500E+02  1.230268E+01  7.853093E-01
 3.285000E+02  1.230651E+01  7.826809E-01
 3.287500E+02  1.231032E+01  7.800641E-01
 3.290000E+02  1.231411E+01  7.774588E-01
 3.292500E+02  1.231788E+01  7.748650E-01
 3.295000E+02  1.232162E+01  7.722827E-01
 3.297500E+02  1.232534E+01  7.697117E-01
 3.300000E+02  1.232904E+01  7.671521E-01
 3.302500E+02  1.233271E+01  7.646038E-01
 3.305000E+02  1.233637E+01  7.620666E-01
 3.307500E+02  1.234000E+01  7.595406E-01
 3.310000E+02  1.234361E+01  7.570258E-01
 3.312500E+02  1.234720E+01  7.545220E-01
 3.315000E+02  1.235077E+01  7.520291E-01
 3.317500E+02  1.235431E+01  7.495472E-01
 3.320000E+02  1.235784E+01  7.470763E-01
 3.322500E+02  1.236134E+01  7.446161E-01
 3.325000E+02  1.236482E+01  7.421667E-01
 3.327500E+02  1.236828E+01  7.397281E-01
 3.330000E+02  1.237172E+01  7.373001E-01
 3.332500E+02  1.237514E+01  7.348828E-01
 3.335000E+02  1.237854E+01  7.324760E-01
 3.337500E+02  1.238192E+01  7.300798E-01
 3.340000E+02  1.238528E+01  7.276940E-01
 3.342500E+02  1.238862E+01  7.253186E-01
 3.345000E+02  1.239193E+01  7.229536E-01
 3.347500E+02  1.239523E+01  7.205990E-01
 3.350000E+02  1.239851E+01  7.182545E-01
 3.352500E+02  1.240176E+01  7.159204E-01
 3.355000E+02  1.240500E+01  7.135963E-01
 3.357500E+02  1.240822E+01  7.112824E-01
 3.360000E+02  1.241141E+01  7.089786E-01
 3.362500E+02  1.241459E+01  7.066847E-01
 3.365000E+02  1.241775E+01  7.044008E-01
 3.367500E+02  1.242089E+01  7.021269E-01
 3.370000E+02  1.242401E+01  6.998628E-01
 3.372500E+02  1.242711E+01  6.976085E-01
 3.375000E+02  1.243019E+01  6.953641E-01
 3.377500E+02  1.243325E+01  6.931293E-01
 3.380000E+02  1.243629E+01  6.909042E-01
 3.382500E+02  1.243932E+01  6.886887E-01
 3.385000E+02  1.244232E+01  6.864828E-01
 3.387500E+02  1.244531E+01  6.842865E-01
 3.390000E+02  1.244828E+01  6.820996E-01
 3.392500E+02  1.245123E+01  6.799222E-01
 3.395000E+02  1.245416E+01  6.777542E-01
 3.397500E+02  1.245707E+01  6.755955E-01
 3.400000E+02  1.245997E+01  6.734461E-01
 3.402500E+02  1.246284E+01  6.713060E-01
 3.405000E+02  1.246570E+01  6.691751E-01
 3.407500E+02  1.246854E+01  6.670533E-01
 3.410000E+02  1.247136E+01  6.649407E-01
 3.412500E+02  1.247417E+01  6.628372E-01
 3.415000E+02  1.247696E+01  6.607426E-01
 3.417500E+02  1.247973E+01  6.586571E-01
 3.420000E+02  1.248248E+01  6.565805E-01
 3.422500E+02  1.248521E+01  6.545128E-01
 3.425000E+02  1.248793E+01  6.524540E-01
 3.427500E+02  1.249063E+01  6.504040E-01
 3.430000E+02  1.249331E+01  6.483627E-01
 3.432500E+02  1.249598E+01  6.463302E-01
 3.435000E+02  1.249863E+01  6.443063E-01
 3.437500E+02  1.250126E+01  6.422911E-01
 3.440000E+02  1.250387E+01  6.402845E-01
 3.442500E+02  1.250647E+01  6.382864E-01
 3.445000E+02  1.250905E+01  6.362969E-01
 3.447500E+02  1.251162E+01  6.343158E-01
 3.450000E+02  1.251416E+01  6.323431E-01
 3.452500E+02  1.251670E+01  6.303789E-01
 3.455000E+02  1.251921E+01  6.284229E-01
 3.457500E+02  1.252171E+01  6.264753E-01
 3.460000E+02  1.252419E+01  6.245360E-01
 3.462500E+02  1.252666E+01  6.226049E-01
 3.465000E+02  1.252911E+01  6.206819E-01
 3.467500E+02  1.253154E+01  6.187671E-01
 3.470000E+02  1.253396E+01  6.168604E-01
 3.472500E+02  1.253637E+01  6.149618E-01
 3.475000E+02  1.253875E+01  6.130712E-01
 3.477500E+02  1.254112E+01  6.111886E-01
 3.480000E+02  1.254348E+01  6.093139E-01
 3.482500E+02  1.254582E+01  6.074471E-01
 3.485000E+02  1.254815E+01  6.055882E-01
 3.487500E+02  1.255046E+01  6.037372E-01
 3.490000E+02  1.255275E+01  6.018939E-01
 3.492500E+02  1.255503E+01  6.000584E-01
 3.495000E+02  1.255729E+01  5.982306E-01
 3.497500E+02  1.255954E+01  5.964104E-01
 3.500000E+02  1.256177E+01  5.945979E-01
 3.502500E+02  1.256399E+01  5.927930E-01
 3.505000E+02  1.256620E+01  5.909957E-01
 3.507500E+02  1.256839E+01  5.892059E-01
 3.510000E+02  1.257056E+01  5.874236E-01
 3.512500E+02  1.257272E+01  5.856488E-01
 3.515000E+02  1.257487E+01  5.838813E-01
 3.517500E+02  1.257700E+01  5.821213E-01
 3.520000E+02  1.257911E+01  5.803686E-01
 3.522500E+02  1.258122E+01  5.786232E-01
 3.525000E+02  1.258330E+01  5.768851E-01
 3.527500E+02  1.258538E+01  5.751542E-01
 3.530000E+02  1.258744E+01  5.734305E-01
 3.532500E+02  1.258948E+01  5.717140E-01
 3.535000E+02  1.259151E+01  5.700047E-01
 3.537500E+02  1.259353E+01  5.683024E-01
 3.540000E+02  1.259553E+01  5.666072E-01
 3.542500E+02  1.259752E+01  5.649190E-01
 3.545000E+02  1.259950E+01  5.632378E-01
 3.547500E+02  1.260146E+01  5.615636E-01
 3.550000E+02  1.260341E+01  5.598963E-01
 3.552500E+02  1.260534E+01  5.582359E-01
 3.555000E+02  1.260727E+01  5.565824E-01
 3.557500E+02  1.260917E+01  5.549357E-01
 3.560000E+02  1.261107E+01  5.532957E-01
 3.562500E+02  1.261295E+01  5.516626E-01
 3.565000E+02  1.261482E+01  5.500362E-01
 3.567500E+02  1.261667E+01  5.484164E-01
 3.570000E+02  1.261852E+01  5.468033E-01
 3.572500E+02  1.262034E+01  5.451969E-01
 3.575000E+02  1.262216E+01  5.435971E-01
 3.577500E+02  1.262396E+01  5.420038E-01
 3.580000E+02  1.262575E+01  5.404170E-01
 3.582500E+02  1.262753E+01  5.388368E-01
 3.585000E+02  1.262929E+01  5.372630E-01
 3.587500E+02  1.263105E+01  5.356957E-01
 3.590000E+02  1.263279E+01  5.341348E-01
 3.592500E+02  1.263451E+01  5.325802E-01
 3.595000E+02  1.263623E+01  5.310321E-01
 3.597500E+02  1.263793E+01  5.294902E-01
 3.600000E+02  1.263962E+01  5.279546E-01
 3.602500E+02  1.264130E+01  5.264252E-01
 3.605000E+02  1.264296E+01  5.249021E-01
 3.607500E+02  1.264461E+01  5.233852E-01
 3.610000E+02  1.264625E+01  5.218745E-01
 3.612500E+02  1.264788E+01  5.203698E-01
 3.615000E+02  1.264950E+01  5.188713E-01
 3.617500E+02  1.265110E+01  5.173789E-01
 3.620000E+02  1.265269E+01  5.158925E-01
 3.622500E+02  1.265428E+01  5.144121E-01
 3.625000E+02  1.265584E+01  5.129377E-01
 3.627500E+02  1.265740E+01  5.114693E-01
 3.630000E+02  1.265895E+01  5.100068E-01
 3.632500E+02  1.266048E+01  5.085502E-01
 3.635000E+02  1.266200E+01  5.070995E-01
 3.637500E+02  1.266351E+01  5.056546E-01
 3.640000E+02  1.266501E+01  5.042156E-01
 3.642500E+02  1.266650E+01  5.027823E-01
 3.645000E+02  1.266798E+01  5.013548E-01
 3.647500E+02  1.266944E+01  4.999331E-01
 3.650000E+02  1.267090E+01  4.985170E-01
 3.652500E+02  1.267234E+01  4.971066E-01
 3.655000E+02  1.267377E+01  4.957019E-01
 3.657500E+02  1.267519E+01  4.943028E-01
 3.660000E+02  1.267660E+01  4.929093E-01
 3.662500E+02  1.267800E+01  4.915213E-01
 3.665000E+02  1.267939E+01  4.901390E-01
 3.667500E+02  1.268076E+01  4.887621E-01
 3.670000E+02  1.268213E+01  4.873907E-01
 3.672500E+02  1.268348E+01  4.860248E-01
 3.675000E+02  1.268483E+01  4.846643E-01
 3.677500E+02  1.268616E+01  4.833093E-01
 3.680000E+02  1.268748E+01  4.819596E-01
 3.682500E+02  1.268880E+01  4.806153E-01
 3.685000E+02  1.269010E+01  4.792763E-01
 3.687500E+02  1.269139E+01  4.779426E-01
 3.690000E+02  1.269267E+01  4.766143E-01
 3.692500E+02  1.269394E+01  4.752911E-01
 3.695000E+02  1.269520E+01  4.739733E-01
 3.697500E+02  1.269645E+01  4.726606E-01
 3.700000E+02  1.269769E+01  4.713531E-01
 3.702500E+02  1.269892E+01  4.700508E-01
 3.705000E+02  1.270014E+01  4.687536E-01
 3.707500E+02  1.270135E+01  4.674615E-01
 3.710000E+02  1.270254E+01  4.661745E-01
 3.712500E+02  1.270373E+01  4.648926E-01
 3.715000E+02  1.270491E+01  4.636157E-01
 3.717500E+02  1.270608E+01  4.623438E-01
 3.720000E+02  1.270724E+01  4.610770E-01
 3.722500E+02  1.270839E+01  4.598151E-01
 3.725000E+02  1.270953E+01  4.585581E-01
 3.727500E+02  1.271066E+01  4.573061E-01
 3.730000E+02  1.271178E+01  4.560589E-01
 3.732500E+02  1.271289E+01  4.548166E-01
 3.735000E+02  1.271399E+01  4.535792E-01
 3.737500E+02  1.271508E+01  4.523466E-01
 3.740000E+02  1.271616E+01  4.511189E-01
 3.742500E+02  1.271724E+01  4.498959E-01
 3.745000E+02  1.271830E+01  4.486776E-01
 3.747500E+02  1.271935E+01  4.474641E-01
 3.750000E+02  1.272040E+01  4.462553E-01
 3.752500E+02  1.272143E+01  4.450513E-01
 3.755000E+02  1.272246E+01  4.438518E-01
 3.757500E+02  1.272347E+01  4.426571E-01
 3.760000E+02  1.272448E+01  4.414669E-01
 3.762500E+02  1.272548E+01  4.402814E-01
 3.765000E+02  1.272647E+01  4.391005E-01
 3.767500E+02  1.272745E+01  4.379241E-01
 3.770000E+02  1.272842E+01  4.367522E-01
 3.772500E+02  1.272938E+01  4.355849E-01
 3.775000E+02  1.273033E+01  4.344221E-01
 3.777500E+02  1.273128E+01  4.332638E-01
 3.780000E+02  1.273221E+01  4.321099E-01
 3.782500E+02  1.273314E+01  4.309604E-01
 3.785000E+02  1.273406E+01  4.298154E-01
 3.787500E+02  1.273497E+01  4.286748E-01
 3.790000E+02  1.273587E+01  4.275385E-01
 3.792500E+02  1.273676E+01  4.264066E-01
 3.795000E+02  1.273764E+01  4.252790E-01
 3.797500E+02  1.273852E+01  4.241558E-01
 3.800000E+02  1.273938E+01  4.230368E-01
 3.802500E+02  1.274024E+01  4.219221E-01
 3.805000E+02  1.274109E+01  4.208117E-01
 3.807500E+02  1.274193E+01  4.197055E-01
 3.810000E+02  1.274276E+01  4.186035E-01
 3.812500E+02  1.274359E+01  4.175057E-01
 3.815000E+02  1.274440E+01  4.164120E-01
 3.817500E+02  1.274521E+01  4.153226E-01
 3.820000E+02  1.274601E+01  4.142373E-01
 3.822500E+02  1.274680E+01  4.131560E-01
 3.825000E+02  1.274758E+01  4.120789E-01
 3.827500E+02  1.274836E+01  4.110059E-01
 3.830000E+02  1.274912E+01  4.099369E-01
 3.832500E+02  1.274988E+01  4.088720E-01
 3.835000E+02  1.275063E+01  4.078111E-01
 3.837500E+02  1.275137E+01  4.067542E-01
 3.840000E+02  1.275211E+01  4.057013E-01
 3.842500E+02  1.275284E+01  4.046523E-01
 3.845000E+02  1.275355E+01  4.036073E-01
 3.847500E+02  1.275427E+01  4.025662E-01
 3.850000E+02  1.275497E+01  4.015291E-01
 3.852500E+02  1.275566E+01  4.004958E-01
 3.855000E+02  1.275635E+01  3.994664E-01
 3.857500E+02  1.275703E+01  3.984409E-01
 3.860000E+02  1.275770E+01  3.974192E-01
 3.862500E+02  1.275837E+01  3.964014E-01
 3.865000E+02  1.275903E+01  3.953873E-01
 3.867500E+02  1.275968E+01  3.943770E-01
 3.870000E+02  1.276032E+01  3.933705E-01
 3.872500E+02  1.276095E+01  3.923678E-01
 3.875000E+02  1.276158E+01  3.913688E-01
 3.877500E+02  1.276220E+01  3.903735E-01
 3.880000E+02  1.276281E+01  3.893819E-01
 3.882500E+02  1.276342E+01  3.883940E-01
 3.885000E+02  1.276401E+01  3.874098E-01
 3.887500E+02  1.276461E+01  3.864292E-01
 3.890000E+02  1.276519E+01  3.854523E-01
 3.892500E+02  1.276576E+01  3.844790E-01
 3.895000E+02  1.276633E+01  3.835092E-01
 3.897500E+02  1.276689E+01  3.825431E-01
 3.900000E+02  1.276745E+01  3.815805E-01
 3.902500E+02  1.276800E+01  3.806215E-01
 3.905000E+02  1.276854E+01  3.796661E-01
 3.907500E+02  1.276907E+01  3.787141E-01
 3.910000E+02  1.276960E+01  3.777657E-01
 3.912500E+02  1.277011E+01  3.768207E-01
 3.915000E+02  1.277063E+01  3.758792E-01
 3.917500E+02  1.277113E+01  3.749412E-01
 3.920000E+02  1.277163E+01  3.740066E-01
 3.922500E+02  1.277212E+01  3.730754E-01
 3.925000E+02  1.277261E+01  3.721477E-01
 3.927500E+02  1.277309E+01  3.712234E-01
 3.930000E+02  1.277356E+01  3.703024E-01
 3.932500E+02  1.277402E+01  3.693848E-01
 3.935000E+02  1.277448E+01  3.684705E-01
 3.937500E+02  1.277493E+01  3.675596E-01
 3.940000E+02  1.277537E+01  3.666520E-01
 3.942500E+02  1.277581E+01  3.657477E-01
 3.945000E+02  1.277624E+01  3.648467E-01
 3.947500E+02  1.277667E+01  3.639489E-01
 3.950000E+02  1.277709E+01  3.630545E-01
 3.952500E+02  1.277750E+01  3.621632E-01
 3.955000E+02  1.277790E+01  3.612752E-01
 3.957500E+02  1.277830E+01  3.603905E-01
 3.960000E+02  1.277869E+01  3.595089E-01
 3.962500E+02  1.277908E+01  3.586305E-01
 3.965000E+02  1.277946E+01  3.577553E-01
 3.967500E+02  1.277983E+01  3.568832E-01
 3.970000E+02  1.278020E+01  3.560143E-01
 3.972500E+02  1.278056E+01  3.551485E-01
 3.975000E+02  1.278091E+01  3.542858E-01
 3.977500E+02  1.278126E+01  3.534263E-01
 3.980000E+02  1.278160E+01  3.525698E-01
 3.982500E+02  1.278194E+01  3.517164E-01
 3.985000E+02  1.278227E+01  3.508661E-01
 3.987500E+02  1.278259E+01  3.500188E-01
 3.990000E+02  1.278291E+01  3.491745E-01
 3.992500E+02  1.278322E+01  3.483333E-01
 3.995000E+02  1.278352E+01  3.474950E-01
 3.997500E+02  1.278382E+01  3.466598E-01
 4.000000E+02  1.278412E+01  3.458276E-01
 4.002500E+02  1.278440E+01  3.449983E-01
 4.005000E+02  1.278468E+01  3.441719E-01
 4.007500E+02  1.278496E+01  3.433486E-01
 4.010000E+02  1.278523E+01  3.425281E-01
 4.012500E+02  1.278549E+01  3.417105E-01
 4.015000E+02  1.278575E+01  3.408959E-01
 4.017500E+02  1.278600E+01  3.400841E-01
 4.020000E+02  1.278625E+01  3.392753E-01
 4.022500E+02  1.278649E+01  3.384693E-01
 4.025000E+02  1.278672E+01  3.376661E-01
 4.027500E+02  1.278695E+01  3.368658E-01
 4.030000E+02  1.278717E+01  3.360683E-01
 4.032500E+02  1.278739E+01  3.352736E-01
 4.035000E+02  1.278760E+01  3.344817E-01
 4.037500E+02  1.278781E+01  3.336926E-01
 4.040000E+02  1.278801E+01  3.329063E-01
 4.042500E+02  1.278820E+01  3.321227E-01
 4.045000E+02  1.278839E+01  3.313419E-01
 4.047500E+02  1.278857E+01  3.305639E-01
 4.050000E+02  1.278875E+01  3.297885E-01
 4.052500E+02  1.278892E+01  3.290159E-01
 4.055000E+02  1.278909E+01  3.282460E-01
 4.057500E+02  1.278925E+01  3.274788E-01
 4.060000E+02  1.278941E+01  3.267143E-01
 4.062500E+02  1.278956E+01  3.259524E-01
 4.065000E+02  1.278970E+01  3.251932E-01
 4.067500E+02  1.278984E+01  3.244366E-01
 4.070000E+02  1.278998E+01  3.236827E-01
 4.072500E+02  1.279011E+01  3.229314E-01
 4.075000E+02  1.279023E+01  3.221827E-01
 4.077500E+02  1.279035E+01  3.214366E-01
 4.080000E+02  1.279047E+01  3.206931E-01
 4.082500E+02  1.279057E+01  3.199522E-01
 4.085000E+02  1.279068E+01  3.192138E-01
 4.087500E+02  1.279077E+01  3.184780E-01
 4.090000E+02  1.279087E+01  3.177448E-01
 4.092500E+02  1.279095E+01  3.170140E-01
 4.095000E+02  1.279104E+01  3.162858E-01
 4.097500E+02  1.279111E+01  3.155601E-01
 4.100000E+02  1.279119E+01  3.148369E-01
 4.102500E+02  1.279125E+01  3.141162E-01
 4.105000E+02  1.279132E+01  3.133980E-01
 4.107500E+02  1.279137E+01  3.126823E-01
 4.110000E+02  1.279143E+01  3.119690E-01
 4.112500E+02  1.279147E+01  3.112581E-01
 4.115000E+02  1.279151E+01  3.105497E-01
 4.117500E+02  1.279155E+01  3.098437E-01
 4.120000E+02  1.279158E+01  3.091401E-01
 4.122500E+02  1.279161E+01  3.084390E-01
 4.125000E+02  1.279163E+01  3.077402E-01
 4.127500E+02  1.279165E+01  3.070438E-01
 4.130000E+02  1.279166E+01  3.063498E-01
 4.132500E+02  1.279167E+01  3.056581E-01
 4.135000E+02  1.279168E+01  3.049688E-01
 4.137500E+02  1.279167E+01  3.042819E-01
 4.140000E+02  1.279167E+01  3.035972E-01
 4.142500E+02  1.279166E+01  3.029150E-01
 4.145000E+02  1.279164E+01  3.022350E-01
 4.147500E+02  1.279162E+01  3.015573E-01
 4.150000E+02  1.279159E+01  3.008819E-01
 4.152500E+02  1.279156E+01  3.002088E-01
 4.155000E+02  1.279153E+01  2.995380E-01
 4.157500E+02  1.279149E+01  2.988694E-01
 4.160000E+02  1.279145E+01  2.982031E-01
 4.162500E+02  1.279140E+01  2.975390E-01
 4.165000E+02  1.279135E+01  2.968772E-01
 4.167500E+02  1.279129E+01  2.962176E-01
 4.170000E+02  1.279123E+01  2.955602E-01
 4.172500E+02  1.279116E+01  2.949051E-01
 4.175000E+02  1.279109E+01  2.942521E-01
 4.177500E+02  1.279101E+01  2.936013E-01
 4.180000E+02  1.279093E+01  2.929527E-01
 4.182500E+02  1.279085E+01  2.923063E-01
 4.185000E+02  1.279076E+01  2.916620E-01
 4.187500E+02  1.279066E+01  2.910199E-01
 4.190000E+02  1.279057E+01  2.903799E-01
 4.192500E+02  1.279046E+01  2.897421E-01
 4.195000E+02  1.279036E+01  2.891063E-01
 4.197500E+02  1.279025E+01  2.884727E-01
 4.200000E+02  1.279013E+01  2.878412E-01
 4.202500E+02  1.279001E+01  2.872118E-01
 4.205000E+02  1.278989E+01  2.865845E-01
 4.207500E+02  1.278976E+01  2.859593E-01
 4.210000E+02  1.278963E+01  2.853361E-01
 4.212500E+02  1.278949E+01  2.847151E-01
 4.215000E+02  1.278935E+01  2.840960E-01
 4.217500E+02  1.278920E+01  2.834790E-01
 4.220000E+02  1.278905E+01  2.828641E-01
 4.222500E+02  1.278890E+01  2.822512E-01
 4.225000E+02  1.278874E+01  2.816402E-01
 4.227500E+02  1.278858E+01  2.810314E-01
 4.230000E+02  1.278842E+01  2.804245E-01
 4.232500E+02  1.278825E+01  2.798196E-01
 4.235000E+02  1.278807E+01  2.792167E-01
 4.237500E+02  1.278789E+01  2.786157E-01
 4.240000E+02  1.278771E+01  2.780168E-01
 4.242500E+02  1.278752E+01  2.774198E-01
 4.245000E+02  1.278733E+01  2.768248E-01
 4.247500E+02  1.278714E+01  2.762317E-01
 4.250000E+02  1.278694E+01  2.756405E-01
 4.252500E+02  1.278674E+01  2.750513E-01
 4.255000E+02  1.278653E+01  2.744640E-01
 4.257500E+02  1.278632E+01  2.738786E-01
 4.260000E+02  1.278611E+01  2.732951E-01
 4.262500E+02  1.278589E+01  2.727135E-01
 4.265000E+02  1.278566E+01  2.721338E-01
 4.267500E+02  1.278544E+01  2.715560E-01
 4.270000E+02  1.278521E+01  2.709801E-01
 4.272500E+02  1.278497E+01  2.704060E-01
 4.275000E+02  1.278474E+01  2.698338E-01
 4.277500E+02  1.278449E+01  2.692634E-01
 4.280000E+02  1.278425E+01  2.686949E-01
 4.282500E+02  1.278400E+01  2.681282E-01
 4.285000E+02  1.278375E+01  2.675634E-01
 4.287500E+02  1.278349E+01  2.670003E-01
 4.290000E+02  1.278323E+01  2.664391E-01
 4.292500E+02  1.278296E+01  2.658797E-01
 4.295000E+02  1.278270E+01  2.653221E-01
 4.297500E+02  1.278242E+01  2.647663E-01
 4.300000E+02  1.278215E+01  2.642122E-01
 4.302500E+02  1.278187E+01  2.636600E-01
 4.305000E+02  1.278159E+01  2.631095E-01
 4.307500E+02  1.278130E+01  2.625608E-01
 4.310000E+02  1.278101E+01  2.620138E-01
 4.312500E+02  1.278071E+01  2.614686E-01
 4.315000E+02  1.278042E+01  2.609251E-01
 4.317500E+02  1.278011E+01  2.603833E-01
 4.320000E+02  1.277981E+01  2.598433E-01
 4.322500E+02  1.277950E+01  2.593050E-01
 4.325000E+02  1.277919E+01  2.587684E-01
 4.327500E+02  1.277887E+01  2.582335E-01
 4.330000E+02  1.277855E+01  2.577003E-01
 4.332500E+02  1.277823E+01  2.571688E-01
 4.335000E+02  1.277790E+01  2.566390E-01
 4.337500E+02  1.277757E+01  2.561109E-01
 4.340000E+02  1.277724E+01  2.555844E-01
 4.342500E+02  1.277690E+01  2.550597E-01
 4.345000E+02  1.277656E+01  2.545365E-01
 4.347500E+02  1.277622E+01  2.540150E-01
 4.350000E+02  1.277587E+01  2.534952E-01
 4.352500E+02  1.277552E+01  2.529770E-01
 4.355000E+02  1.277517E+01  2.524604E-01
 4.357500E+02  1.277481E+01  2.519455E-01
 4.360000E+02  1.277445E+01  2.514321E-01
 4.362500E+02  1.277408E+01  2.509204E-01
 4.365000E+02  1.277372E+01  2.504103E-01
 4.367500E+02  1.277334E+01  2.499018E-01
 4.370000E+02  1.277297E+01  2.493949E-01
 4.372500E+02  1.277259E+01  2.488895E-01
 4.375000E+02  1.277221E+01  2.483858E-01
 4.377500E+02  1.277183E+01  2.478836E-01
 4.380000E+02  1.277144E+01  2.473830E-01
 4.382500E+02  1.277105E+01  2.468839E-01
 4.385000E+02  1.277065E+01  2.463864E-01
 4.387500E+02  1.277025E+01  2.458905E-01
 4.390000E+02  1.276985E+01  2.453961E-01
 4.392500E+02  1.276945E+01  2.449032E-01
 4.395000E+02  1.276904E+01  2.444119E-01
 4.397500E+02  1.276863E+01  2.439220E-01
 4.400000E+02  1.276822E+01  2.434337E-01
 4.402500E+02  1.276780E+01  2.429469E-01
 4.405000E+02  1.276738E+01  2.424617E-01
 4.407500E+02  1.276695E+01  2.419779E-01
 4.410000E+02  1.276653E+01  2.414956E-01
 4.412500E+02  1.276610E+01  2.410148E-01
 4.415000E+02  1.276566E+01  2.405355E-01
 4.417500E+02  1.276523E+01  2.400576E-01
 4.420000E+02  1.276479E+01  2.395812E-01
 4.422500E+02  1.276435E+01  2.391063E-01
 4.425000E+02  1.276390E+01  2.386329E-01
 4.427500E+02  1.276345E+01  2.381609E-01
 4.430000E+02  1.276300E+01  2.376903E-01
 4.432500E+02  1.276255E+01  2.372212E-01
 4.435000E+02  1.276209E+01  2.367535E-01
 4.437500E+02  1.276163E+01  2.362873E-01
 4.440000E+02  1.276116E+01  2.358224E-01
 4.442500E+02  1.276070E+01  2.353590E-01
 4.445000E+02  1.276023E+01  2.348971E-01
 4.447500E+02  1.275975E+01  2.344365E-01
 4.450000E+02  1.275928E+01  2.339773E-01
 4.452500E+02  1.275880E+01  2.335195E-01
 4.455000E+02  1.275832E+01  2.330631E-01
 4.457500E+02  1.275783E+01  2.326081E-01
 4.460000E+02  1.275734E+01  2.321545E-01
 4.462500E+02  1.275685E+01  2.317022E-01
 4.465000E+02  1.275636E+01  2.312513E-01
 4.467500E+02  1.275586E+01  2.308018E-01
 4.470000E+02  1.275536E+01  2.303536E-01
 4.472500E+02  1.275486E+01  2.299068E-01
 4.475000E+02  1.275435E+01  2.294614E-01
 4.477500E+02  1.275384E+01  2.290173E-01
 4.480000E+02  1.275333E+01  2.285745E-01
 4.482500E+02  1.275282E+01  2.281330E-01
 4.485000E+02  1.275230E+01  2.276929E-01
 4.487500E+02  1.275178E+01  2.272541E-01
 4.490000E+02  1.275126E+01  2.268166E-01
 4.492500E+02  1.275073E+01  2.263805E-01
 4.495000E+02  1.275021E+01  2.259456E-01
 4.497500E+02  1.274967E+01  2.255120E-01
 4.500000E+02  1.274914E+01  2.250798E-01
 4.502500E+02  1.274860E+01  2.246488E-01
 4.505000E+02  1.274806E+01  2.242191E-01
 4.507500E+02  1.274752E+01  2.237907E-01
 4.510000E+02  1.274698E+01  2.233636E-01
 4.512500E+02  1.274643E+01  2.229377E-01
 4.515000E+02  1.274588E+01  2.225131E-01
 4.517500E+02  1.274532E+01  2.220898E-01
 4.520000E+02  1.274477E+01  2.216677E-01
 4.522500E+02  1.274421E+01  2.212469E-01
 4.525000E+02  1.274365E+01  2.208274E-01
 4.527500E+02  1.274308E+01  2.204090E-01
 4.530000E+02  1.274252E+01  2.199919E-01
 4.532500E+02  1.274195E+01  2.195761E-01
 4.535000E+02  1.274138E+01  2.191615E-01
 4.537500E+02  1.274080E+01  2.187481E-01
 4.540000E+02  1.274022E+01  2.183359E-01
 4.542500E+02  1.273964E+01  2.179249E-01
 4.545000E+02  1.273906E+01  2.175151E-01
 4.547500E+02  1.273847E+01  2.171066E-01
 4.550000E+02  1.273789E+01  2.166992E-01
 4.552500E+02  1.273729E+01  2.162931E-01
 4.555000E+02  1.273670E+01  2.158881E-01
 4.557500E+02  1.273611E+01  2.154843E-01
 4.560000E+02  1.273551E+01  2.150817E-01
 4.562500E+02  1.273491E+01  2.146803E-01
 4.565000E+02  1.273430E+01  2.142801E-01
 4.567500E+02  1.273370E+01  2.138810E-01
 4.570000E+02  1.273309E+01  2.134831E-01
 4.572500E+02  1.273248E+01  2.130863E-01
 4.575000E+02  1.273186E+01  2.126907E-01
 4.577500E+02  1.273125E+01  2.122963E-01
 4.580000E+02  1.273063E+01  2.119030E-01
 4.582500E+02  1.273000E+01  2.115108E-01
 4.585000E+02  1.272938E+01  2.111198E-01
 4.587500E+02  1.272875E+01  2.107299E-01
 4.590000E+02  1.272813E+01  2.103411E-01
 4.592500E+02  1.272749E+01  2.099535E-01
 4.595000E+02  1.272686E+01  2.095670E-01
 4.597500E+02  1.272622E+01  2.091816E-01
 4.600000E+02  1.272558E+01  2.087973E-01
 4.602500E+02  1.272494E+01  2.084142E-01
 4.605000E+02  1.272430E+01  2.080321E-01
 4.607500E+02  1.272365E+01  2.076511E-01
 4.610000E+02  1.272300E+01  2.072713E-01
 4.612500E+02  2.676582E-02  1.254882E-07
 4.615000E+02  2.675091E-02  1.252170E-07
 4.617500E+02  2.673602E-02  1.249468E-07
 4.620000E+02  2.672114E-02  1.246774E-07
 4.622500E+02  2.670629E-02  1.244090E-07
 4.625000E+02  2.669144E-02  1.241414E-07
 4.627500E+02  2.667662E-02  1.238748E-07
 4.630000E+02  2.666181E-02  1.236090E-07
 4.632500E+02  2.664702E-02  1.233441E-07
 4.635000E+02  2.663225E-02  1.230801E-07
 4.637500E+02  2.661749E-02  1.228170E-07
 4.640000E+02  2.660275E-02  1.225548E-07
 4.642500E+02  2.658802E-02  1.222934E-07
 4.645000E+02  2.657331E-02  1.220329E-07
 4.647500E+02  2.655862E-02  1.217733E-07
 4.650000E+02  2.654394E-02  1.215145E-07
 4.652500E+02  2.652928E-02  1.212566E-07
 4.655000E+02  2.651464E-02  1.209995E-07
 4.657500E+02  2.650002E-02  1.207433E-07
 4.660000E+02  2.648541E-02  1.204880E-07
 4.662500E+02  2.647081E-02  1.202334E-07
 4.665000E+02  2.645624E-02  1.199798E-07
 4.667500E+02  2.644167E-02  1.197269E-07
 4.670000E+02  2.642713E-02  1.194749E-07
 4.672500E+02  2.641260E-02  1.192237E-07
 4.675000E+02  2.639809E-02  1.189733E-07
 4.677500E+02  2.638359E-02  1.187238E-07
 4.680000E+02  2.636911E-02  1.184751E-07
 4.682500E+02  2.635465E-02  1.182272E-07
 4.685000E+02  2.634020E-02  1.179801E-07
 4.687500E+02  2.632577E-02  1.177338E-07
 4.690000E+02  2.631135E-02  1.174883E-07
 4.692500E+02  2.629695E-02  1.172436E-07
 4.695000E+02  2.628257E-02  1.169997E-07
 4.697500E+02  2.626820E-02  1.167566E-07
 4.700000E+02  2.625385E-02  1.165143E-07
 4.702500E+02  2.623951E-02  1.162728E-07
 4.705000E+02  2.622519E-02  1.160321E-07
 4.707500E+02  2.621089E-02  1.157922E-07
 4.710000E+02  2.619660E-02  1.155530E-07
 4.712500E+02  2.618233E-02  1.153146E-07
 4.715000E+02  2.616807E-02  1.150770E-07
 4.717500E+02  2.615383E-02  1.148401E-07
 4.720000E+02  2.613961E-02  1.146040E-07
 4.722500E+02  2.612540E-02  1.143687E-07
 4.725000E+02  2.611120E-02  1.141342E-07
 4.727500E+02  2.609702E-02  1.139003E-07
 4.730000E+02  2.608286E-02  1.136673E-07
 4.732500E+02  2.606871E-02  1.134350E-07
 4.735000E+02  2.605458E-02  1.132034E-07
 4.737500E+02  2.604047E-02  1.129726E-07
 4.740000E+02  2.602636E-02  1.127425E-07
 4.742500E+02  2.601228E-02  1.125132E-07
 4.745000E+02  2.599821E-02  1.122846E-07
 4.747500E+02  2.598416E-02  1.120567E-07
 4.750000E+02  2.597012E-02  1.118296E-07
 4.752500E+02  2.595609E-02  1.116031E-07
 4.755000E+02  2.594208E-02  1.113774E-07
 4.757500E+02  2.592809E-02  1.111525E-07
 4.760000E+02  2.591411E-02  1.109282E-07
 4.762500E+02  2.590015E-02  1.107047E-07
 4.765000E+02  2.588620E-02  1.104818E-07
 4.767500E+02  2.587227E-02  1.102597E-07
 4.770000E+02  2.585836E-02  1.100383E-07
 4.772500E+02  2.584446E-02  1.098175E-07
 4.775000E+02  2.583057E-02  1.095975E-07
 4.777500E+02  2.581670E-02  1.093782E-07
 4.780000E+02  2.580284E-02  1.091595E-07
 4.782500E+02  2.578900E-02  1.089416E-07
 4.785000E+02  2.577517E-02  1.087243E-07
 4.787500E+02  2.576136E-02  1.085078E-07
 4.790000E+02  2.574757E-02  1.082919E-07
 4.792500E+02  2.573379E-02  1.080767E-07
 4.795000E+02  2.572002E-02  1.078621E-07
 4.797500E+02  2.570627E-02  1.076483E-07
 4.800000E+02  2.569253E-02  1.074351E-07
 4.802500E+02  2.567881E-02  1.072226E-07
 4.805000E+02  2.566511E-02  1.070107E-07
 4.807500E+02  2.565141E-02  1.067995E-07
 4.810000E+02  2.563774E-02  1.065890E-07
 4.812500E+02  2.562408E-02  1.063791E-07
 4.815000E+02  2.561043E-02  1.061699E-07
 4.817500E+02  2.559680E-02  1.059613E-07
 4.820000E+02  2.558318E-02  1.057534E-07
 4.822500E+02  2.556957E-02  1.055462E-07
 4.825000E+02  2.555599E-02  1.053395E-07
 4.827500E+02  2.554241E-02  1.051336E-07
 4.830000E+02  2.552885E-02  1.049282E-07
 4.832500E+02  2.551531E-02  1.047235E-07
 4.835000E+02  2.550178E-02  1.045194E-07
 4.837500E+02  2.548826E-02  1.043160E-07
 4.840000E+02  2.547476E-02  1.041132E-07
 4.842500E+02  2.546127E-02  1.039110E-07
 4.845000E+02  2.544780E-02  1.037095E-07
 4.847500E+02  2.543434E-02  1.035085E-07
 4.850000E+02  2.542090E-02  1.033082E-07
 4.852500E+02  2.540747E-02  1.031085E-07
 4.855000E+02  2.539406E-02  1.029094E-07
 4.857500E+02  2.538066E-02  1.027110E-07
 4.860000E+02  2.536727E-02  1.025131E-07
 4.862500E+02  2.535390E-02  1.023158E-07
 4.865000E+02  2.534054E-02  1.021192E-07
 4.867500E+02  2.532720E-02  1.019232E-07
 4.870000E+02  2.531387E-02  1.017277E-07
 4.872500E+02  2.530056E-02  1.015329E-07
 4.875000E+02  2.528726E-02  1.013386E-07
 4.877500E+02  2.527397E-02  1.011450E-07
 4.880000E+02  2.526070E-02  1.009519E-07
 4.882500E+02  2.524744E-02  1.007594E-07
 4.885000E+02  2.523420E-02  1.005675E-07
 4.887500E+02  2.522097E-02  1.003762E-07
 4.890000E+02  2.520775E-02  1.001855E-07
 4.892500E+02  2.519455E-02  9.999533E-08
 4.895000E+02  2.518136E-02  9.980576E-08
 4.897500E+02  2.516819E-02  9.961676E-08
 4.900000E+02  2.515503E-02  9.942834E-08
 4.902500E+02  2.514188E-02  9.924048E-08
 4.905000E+02  2.512875E-02  9.905320E-08
 4.907500E+02  2.511563E-02  9.886648E-08
 4.910000E+02  2.510253E-02  9.868032E-08
 4.912500E+02  2.508944E-02  9.849473E-08
 4.915000E+02  2.507636E-02  9.830969E-08
 4.917500E+02  2.506330E-02  9.812522E-08
 4.920000E+02  2.505025E-02  9.794129E-08
 4.922500E+02  2.503721E-02  9.775792E-08
 4.925000E+02  2.502419E-02  9.757510E-08
 4.927500E+02  2.501118E-02  9.739283E-08
 4.930000E+02  2.499819E-02  9.721111E-08
 4.932500E+02  2.498521E-02  9.702993E-08
 4.935000E+02  2.497224E-02  9.684929E-08
 4.937500E+02  2.495929E-02  9.666920E-08
 4.940000E+02  2.494635E-02  9.648964E-08
 4.942500E+02  2.493343E-02  9.631061E-08
 4.945000E+02  2.492051E-02  9.613212E-08
 4.947500E+02  2.490761E-02  9.595417E-08
 4.950000E+02  2.489473E-02  9.577674E-08
 4.952500E+02  2.488186E-02  9.559984E-08
 4.955000E+02  2.486900E-02  9.542347E-08
 4.957500E+02  2.485615E-02  9.524762E-08
 4.960000E+02  2.484332E-02  9.507229E-08
 4.962500E+02  2.483050E-02  9.489748E-08
 4.965000E+02  2.481770E-02  9.472319E-08
 4.967500E+02  2.480491E-02  9.454941E-08
 4.970000E+02  2.479213E-02  9.437615E-08
 4.972500E+02  2.477937E-02  9.420340E-08
 4.975000E+02  2.476661E-02  9.403116E-08
 4.977500E+02  2.475388E-02  9.385943E-08
 4.980000E+02  2.474115E-02  9.368821E-08
 4.982500E+02  2.472844E-02  9.351749E-08
 4.985000E+02  2.471574E-02  9.334727E-08
 4.987500E+02  2.470306E-02  9.317755E-08
 4.990000E+02  2.469039E-02  9.300833E-08
 4.992500E+02  2.467773E-02  9.283960E-08
 4.995000E+02  2.466508E-02  9.267137E-08
 4.997500E+02  2.465245E-02  9.250364E-08
 5.000000E+02  2.463983E-02  9.233639E-08
