#         T/K            d1            d2
 2.500000E+02  6.436861E-01  3.563139E-01
 2.502500E+02  6.450110E-01  3.549890E-01
 2.505000E+02  6.463429E-01  3.536571E-01
 2.507500E+02  6.476707E-01  3.523293E-01
 2.510000E+02  6.489945E-01  3.510055E-01
 2.512500E+02  6.503142E-01  3.496858E-01
 2.515000E+02  6.516298E-01  3.483702E-01
 2.517500E+02  6.529413E-01  3.470587E-01
 2.520000E+02  6.542487E-01  3.457513E-01
 2.522500E+02  6.555520E-01  3.444480E-01
 2.525000E+02  6.568512E-01  3.431488E-01
 2.527500E+02  6.581463E-01  3.418537E-01
 2.530000E+02  6.594373E-01  3.405627E-01
 2.532500E+02  6.607241E-01  3.392759E-01
 2.535000E+02  6.620068E-01  3.379932E-01
 2.537500E+02  6.632854E-01  3.367146E-01
 2.540000E+02  6.645599E-01  3.354401E-01
 2.542500E+02  6.658302E-01  3.341698E-01
 2.545000E+02  6.670964E-01  3.329036E-01
 2.547500E+02  6.683585E-01  3.316415E-01
 2.550000E+02  6.696164E-01  3.303836E-01
 2.552500E+02  6.708701E-01  3.291299E-01
 2.555000E+02  6.721197E-01  3.278803E-01
 2.557500E+02  6.733651E-01  3.266349E-01
 2.560000E+02  6.746064E-01  3.253936E-01
 2.562500E+02  6.758436E-01  3.241564E-01
 2.565000E+02  6.770765E-01  3.229235E-01
 2.567500E+02  6.783053E-01  3.216947E-01
 2.570000E+02  6.795300E-01  3.204700E-01
 2.572500E+02  6.807505E-01  3.192495E-01
 2.575000E+02  6.819668E-01  3.180332E-01
 2.577500E+02  6.831790E-01  3.168210E-01
 2.580000E+02  6.843870E-01  3.156130E-01
 2.582500E+02  6.855908E-01  3.144092E-01
 2.585000E+02  6.867905E-01  3.132095E-01
 2.587500E+02  6.879860E-01  3.120140E-01
 2.590000E+02  6.891773E-01  3.108227E-01
 2.592500E+02  6.903645E-01  3.096355E-01
 2.595000E+02  6.915475E-01  3.084525E-01
 2.597500E+02  6.927264E-01  3.072736E-01
 2.600000E+02  6.939011E-01  3.060989E-01
 2.602500E+02  6.950716E-01  3.049284E-01
 2.605000E+02  6.962380E-01  3.037620E-01
 2.607500E+02  6.974002E-01  3.025998E-01
 2.610000E+02  6.985583E-01  3.014417E-01
 2.612500E+02  6.997122E-01  3.002878E-01
 2.615000E+02  7.008620E-01  2.991380E-01
 2.617500E+02  7.020076E-01  2.979924E-01
 2.620000E+02  7.031491E-01  2.968509E-01
 2.622500E+02  7.042865E-01  2.957135E-01
 2.625000E+02  7.054197E-01  2.945803E-01
 2.627500E+02  7.065488E-01  2.934512E-01
 2.630000E+02  7.076737E-01  2.923263E-01
 2.632500E+02  7.087946E-01  2.912054E-01
 2.635000E+02  7.099113E-01  2.900887E-01
 2.637500E+02  7.110239E-01  2.889761E-01
 2.640000E+02  7.121323E-01  2.878677E-01
 2.642500E+02  7.132367E-01  2.867633E-01
 2.645000E+02  7.143370E-01  2.856630E-01
 2.647500E+02  7.154331E-01  2.845669E-01
 2.650000E+02  7.165252E-01  2.834748E-01
 2.652500E+02  7.176132E-01  2.823868E-01
 2.655000E+02  7.186970E-01  2.813030E-01
 2.657500E+02  7.197768E-01  2.802232E-01
 2.660000E+02  7.208526E-01  2.791474E-01
 2.662500E+02  7.219242E-01  2.780758E-01
 2.665000E+02  7.229918E-01  2.770082E-01
 2.667500E+02  7.240554E-01  2.759446E-01
 2.670000E+02  7.251148E-01  2.748852E-01
 2.672500E+02  7.261703E-01  2.738297E-01
 2.675000E+02  7.272217E-01  2.727783E-01
 2.677500E+02  7.282690E-01  2.717310E-01
 2.680000E+02  7.293124E-01  2.706876E-01
 2.682500E+02  7.303517E-01  2.696483E-01
 2.685000E+02  7.313869E-01  2.686131E-01
 2.687500E+02  7.324182E-01  2.675818E-01
 2.690000E+02  7.334455E-01  2.665545E-01
 2.692500E+02  7.344688E-01  2.655312E-01
 2.695000E+02  7.354881E-01  2.645119E-01
 2.697500E+02  7.365034E-01  2.634966E-01
 2.700000E+02  7.375148E-01  2.624852E-01
 2.702500E+02  7.385221E-01  2.614779E-01
 2.705000E+02  7.395256E-01  2.604744E-01
 2.707500E+02  7.405250E-01  2.594750E-01
 2.710000E+02  7.415206E-01  2.584794E-01
 2.712500E+02  7.425122E-01  2.574878E-01
 2.715000E+02  7.434998E-01  2.565002E-01
 2.717500E+02  7.444836E-01  2.555164E-01
 2.720000E+02  7.454634E-01  2.545366E-01
 2.722500E+02  7.464394E-01  2.535606E-01
 2.725000E+02  7.474114E-01  2.525886E-01
 2.727500E+02  7.483796E-01  2.516204E-01
 2.730000E+02  7.493438E-01  2.506562E-01
 2.732500E+02  7.503043E-01  2.496957E-01
 2.735000E+02  7.512608E-01  2.487392E-01
 2.737500E+02  7.522135E-01  2.477865E-01
 2.740000E+02  7.531624E-01  2.468376E-01
 2.742500E+02  7.541074E-01  2.458926E-01
 2.745000E+02  7.550486E-01  2.449514E-01
 2.747500E+02  7.559860E-01  2.440140E-01
 2.750000E+02  7.569196E-01  2.430804E-01
 2.752500E+02  7.578494E-01  2.421506E-01
 2.755000E+02  7.587754E-01  2.412246E-01
 2.757500E+02  7.596977E-01  2.403023E-01
 2.760000E+02  7.606161E-01  2.393839E-01
 2.762500E+02  7.615308E-01  2.384692E-01
 2.765000E+02  7.624418E-01  2.375582E-01
 2.767500E+02  7.633490E-01  2.366510E-01
 2.770000E+02  7.642525E-01  2.357475E-01
 2.772500E+02  7.651523E-01  2.348477E-01
 2.775000E+02  7.660484E-01  2.339516E-01
 2.777500E+02  7.669407E-01  2.330593E-01
 2.780000E+02  7.678294E-01  2.321706E-01
 2.782500E+02  7.687144E-01  2.312856E-01
 2.785000E+02  7.695958E-01  2.304042E-01
 2.787500E+02  7.704735E-01  2.295265E-01
 2.790000E+02  7.713475E-01  2.286525E-01
 2.792500E+02  7.722179E-01  2.277821E-01
 2.795000E+02  7.730847E-01  2.269153E-01
 2.797500E+02  7.739478E-01  2.260522E-01
 2.800000E+02  7.748074E-01  2.251926E-01
 2.802500E+02  7.756633E-01  2.243367E-01
 2.805000E+02  7.765157E-01  2.234843E-01
 2.807500E+02  7.773645E-01  2.226355E-01
 2.810000E+02  7.782098E-01  2.217902E-01
 2.812500E+02  7.790515E-01  2.209485E-01
 2.815000E+02  7.798896E-01  2.201104E-01
 2.817500E+02  7.807242E-01  2.192758E-01
 2.820000E+02  7.815553E-01  2.184447E-01
 2.822500E+02  7.823829E-01  2.176171E-01
 2.825000E+02  7.832070E-01  2.167930E-01
 2.827500E+02  7.840276E-01  2.159724E-01
 2.830000E+02  7.848448E-01  2.151552E-01
 2.832500E+02  7.856584E-01  2.143416E-01
 2.835000E+02  7.864687E-01  2.135313E-01
 2.837500E+02  7.872754E-01  2.127246E-01
 2.840000E+02  7.880788E-01  2.119212E-01
 2.842500E+02  7.888787E-01  2.111213E-01
 2.845000E+02  7.896752E-01  2.103248E-01
 2.847500E+02  7.904684E-01  2.095316E-01
 2.850000E+02  7.912581E-01  2.087419E-01
 2.852500E+02  7.920445E-01  2.079555E-01
 2.855000E+02  7.928275E-01  2.071725E-01
 2.857500E+02  7.936071E-01  2.063929E-01
 2.860000E+02  7.943835E-01  2.056165E-01
 2.862500E+02  7.951564E-01  2.048436E-01
 2.865000E+02  7.959261E-01  2.040739E-01
 2.867500E+02  7.966925E-01  2.033075E-01
 2.870000E+02  7.974555E-01  2.025445E-01
 2.872500E+02  7.982153E-01  2.017847E-01
 2.875000E+02  7.989718E-01  2.010282E-01
 2.877500E+02  7.997251E-01  2.002749E-01
 2.880000E+02  8.004751E-01  1.995249E-01
 2.882500E+02  8.012219E-01  1.987781E-01
 2.885000E+02  8.019654E-01  1.980346E-01
 2.887500E+02  8.027058E-01  1.972942E-01
 2.890000E+02  8.034429E-01  1.965571E-01
 2.892500E+02  8.041768E-01  1.958232E-01
 2.895000E+02  8.049076E-01  1.950924E-01
 2.897500E+02  8.056352E-01  1.943648E-01
 2.900000E+02  8.063596E-01  1.936404E-01
 2.902500E+02  8.070809E-01  1.929191E-01
 2.905000E+02  8.077991E-01  1.922009E-01
 2.907500E+02  8.085141E-01  1.914859E-01
 2.910000E+02  8.092261E-01  1.907739E-01
 2.912500E+02  8.099349E-01  1.900651E-01
 2.915000E+02  8.106407E-01  1.893593E-01
 2.917500E+02  8.113434E-01  1.886566E-01
 2.920000E+02  8.120430E-01  1.879570E-01
 2.922500E+02  8.127395E-01  1.872605E-01
 2.925000E+02  8.134331E-01  1.865669E-01
 2.927500E+02  8.141236E-01  1.858764E-01
 2.930000E+02  8.148110E-01  1.851890E-01
 2.932500E+02  8.154955E-01  1.845045E-01
 2.935000E+02  8.161770E-01  1.838230E-01
 2.937500E+02  8.168555E-01  1.831445E-01
 2.940000E+02  8.175310E-01  1.824690E-01
 2.942500E+02  8.182036E-01  1.817964E-01
 2.945000E+02  8.188732E-01  1.811268E-01
 2.947500E+02  8.195399E-01  1.804601E-01
 2.950000E+02  8.202037E-01  1.797963E-01
 2.952500E+02  8.208646E-01  1.791354E-01
 2.955000E+02  8.215225E-01  1.784775E-01
 2.957500E+02  8.221776E-01  1.778224E-01
 2.960000E+02  8.228298E-01  1.771702E-01
 2.962500E+02  8.234791E-01  1.765209E-01
 2.965000E+02  8.241256E-01  1.758744E-01
 2.967500E+02  8.247692E-01  1.752308E-01
 2.970000E+02  8.254100E-01  1.745900E-01
 2.972500E+02  8.260480E-01  1.739520E-01
 2.975000E+02  8.266831E-01  1.733169E-01
 2.977500E+02  8.273155E-01  1.726845E-01
 2.980000E+02  8.279451E-01  1.720549E-01
 2.982500E+02  8.285719E-01  1.714281E-01
 2.985000E+02  8.291960E-01  1.708040E-01
 2.987500E+02  8.298173E-01  1.701827E-01
 2.990000E+02  8.304358E-01  1.695642E-01
 2.992500E+02  8.310516E-01  1.689484E-01
 2.995000E+02  8.316648E-01  1.683352E-01
 2.997500E+02  8.322752E-01  1.677248E-01
 3.000000E+02  8.328829E-01  1.671171E-01
 3.002500E+02  8.334879E-01  1.665121E-01
 3.005000E+02  8.340903E-01  1.659097E-01
 3.007500E+02  8.346899E-01  1.653101E-01
 3.010000E+02  8.352870E-01  1.647130E-01
 3.012500E+02  8.358814E-01  1.641186E-01
 3.015000E+02  8.364732E-01  1.635268E-01
 3.017500E+02  8.370623E-01  1.629377E-01
 3.020000E+02  8.376489E-01  1.623511E-01
 3.022500E+02  8.382328E-01  1.617672E-01
 3.025000E+02  8.388142E-01  1.611858E-01
 3.027500E+02  8.393930E-01  1.606070E-01
 3.030000E+02  8.399693E-01  1.600307E-01
 3.032500E+02  8.405430E-01  1.594570E-01
 3.035000E+02  8.411141E-01  1.588859E-01
 3.037500E+02  8.416827E-01  1.583173E-01
 3.040000E+02  8.422488E-01  1.577512E-01
 3.042500E+02  8.428124E-01  1.571876E-01
 3.045000E+02  8.433736E-01  1.566264E-01
 3.047500E+02  8.439322E-01  1.560678E-01
 3.050000E+02  8.444883E-01  1.555117E-01
 3.052500E+02  8.450420E-01  1.549580E-01
 3.055000E+02  8.455932E-01  1.544068E-01
 3.057500E+02  8.461420E-01  1.538580E-01
 3.060000E+02  8.466884E-01  1.533116E-01
 3.062500E+02  8.472323E-01  1.527677E-01
 3.065000E+02  8.477738E-01  1.522262E-01
 3.067500E+02  8.483130E-01  1.516870E-01
 3.070000E+02  8.488497E-01  1.511503E-01
 3.072500E+02  8.493841E-01  1.506159E-01
 3.075000E+02  8.499160E-01  1.500840E-01
 3.077500E+02  8.504457E-01  1.495543E-01
 3.080000E+02  8.509730E-01  1.490270E-01
 3.082500E+02  8.514979E-01  1.485021E-01
 3.085000E+02  8.520205E-01  1.479795E-01
 3.087500E+02  8.525409E-01  1.474591E-01
 3.090000E+02  8.530589E-01  1.469411E-01
 3.092500E+02  8.535746E-01  1.464254E-01
 3.095000E+02  8.540880E-01  1.459120E-01
 3.097500E+02  8.545991E-01  1.454009E-01
 3.100000E+02  8.551080E-01  1.448920E-01
 3.102500E+02  8.556147E-01  1.443853E-01
 3.105000E+02  8.561191E-01  1.438809E-01
 3.107500E+02  8.566212E-01  1.433788E-01
 3.110000E+02  8.571211E-01  1.428789E-01
 3.112500E+02  8.576189E-01  1.423811E-01
 3.115000E+02  8.581144E-01  1.418856E-01
 3.117500E+02  8.586077E-01  1.413923E-01
 3.120000E+02  8.590988E-01  1.409012E-01
 3.122500E+02  8.595878E-01  1.404122E-01
 3.125000E+02  8.600746E-01  1.399254E-01
 3.127500E+02  8.605592E-01  1.394408E-01
 3.130000E+02  8.610417E-01  1.389583E-01
 3.132500E+02  8.615221E-01  1.384779E-01
 3.135000E+02  8.620003E-01  1.379997E-01
 3.137500E+02  8.624765E-01  1.375235E-01
 3.140000E+02  8.629505E-01  1.370495E-01
 3.142500E+02  8.634224E-01  1.365776E-01
 3.145000E+02  8.638923E-01  1.361077E-01
 3.147500E+02  8.643600E-01  1.356400E-01
 3.150000E+02  8.648257E-01  1.351743E-01
 3.152500E+02  8.652894E-01  1.347106E-01
 3.155000E+02  8.657510E-01  1.342490E-01
 3.157500E+02  8.662105E-01  1.337895E-01
 3.160000E+02  8.666680E-01  1.333320E-01
 3.162500E+02  8.671235E-01  1.328765E-01
 3.165000E+02  8.675770E-01  1.324230E-01
 3.167500E+02  8.680285E-01  1.319715E-01
 3.170000E+02  8.684780E-01  1.315220E-01
 3.172500E+02  8.689256E-01  1.310744E-01
 3.175000E+02  8.693711E-01  1.306289E-01
 3.177500E+02  8.698147E-01  1.301853E-01
 3.180000E+02  8.702563E-01  1.297437E-01
 3.182500E+02  8.706960E-01  1.293040E-01
 3.185000E+02  8.711338E-01  1.288662E-01
 3.187500E+02  8.715696E-01  1.284304E-01
 3.190000E+02  8.720035E-01  1.279965E-01
 3.192500E+02  8.724355E-01  1.275645E-01
 3.195000E+02  8.728656E-01  1.271344E-01
 3.197500E+02  8.732938E-01  1.267062E-01
 3.200000E+02  8.737201E-01  1.262799E-01
 3.202500E+02  8.741445E-01  1.258555E-01
 3.205000E+02  8.745671E-01  1.254329E-01
 3.207500E+02  8.749878E-01  1.250122E-01
 3.210000E+02  8.754067E-01  1.245933E-01
 3.212500E+02  8.758238E-01  1.241762E-01
 3.215000E+02  8.762390E-01  1.237610E-01
 3.217500E+02  8.766523E-01  1.233477E-01
 3.220000E+02  8.770639E-01  1.229361E-01
 3.222500E+02  8.774737E-01  1.225263E-01
 3.225000E+02  8.778817E-01  1.221183E-01
 3.227500E+02  8.782878E-01  1.217122E-01
 3.230000E+02  8.786922E-01  1.213078E-01
 3.232500E+02  8.790949E-01  1.209051E-01
 3.235000E+02  8.794958E-01  1.205042E-01
 3.237500E+02  8.798949E-01  1.201051E-01
 3.240000E+02  8.802922E-01  1.197078E-01
 3.242500E+02  8.806879E-01  1.193121E-01
 3.245000E+02  8.810818E-01  1.189182E-01
 3.247500E+02  8.814740E-01  1.185260E-01
 3.250000E+02  8.818644E-01  1.181356E-01
 3.252500E+02  8.822532E-01  1.177468E-01
 3.255000E+02  8.826403E-01  1.173597E-01
 3.257500E+02  8.830257E-01  1.169743E-01
 3.260000E+02  8.834094E-01  1.165906E-01
 3.262500E+02  8.837914E-01  1.162086E-01
 3.265000E+02  8.841718E-01  1.158282E-01
 3.267500E+02  8.845505E-01  1.154495E-01
 3.270000E+02  8.849275E-01  1.150725E-01
 3.272500E+02  8.853030E-01  1.146970E-01
 3.275000E+02  8.856767E-01  1.143233E-01
 3.277500E+02  8.860489E-01  1.139511E-01
 3.280000E+02  8.864195E-01  1.135805E-01
 3.282500E+02  8.867884E-01  1.132116E-01
 3.285000E+02  8.871557E-01  1.128443E-01
 3.287500E+02  8.875215E-01  1.124785E-01
 3.290000E+02  8.878856E-01  1.121144E-01
 3.292500E+02  8.882482E-01  1.117518E-01
 3.295000E+02  8.886092E-01  1.113908E-01
 3.297500E+02  8.889686E-01  1.110314E-01
 3.300000E+02  8.893265E-01  1.106735E-01
 3.302500E+02  8.896829E-01  1.103171E-01
 3.305000E+02  8.900376E-01  1.099624E-01
 3.307500E+02  8.903909E-01  1.096091E-01
 3.310000E+02  8.907426E-01  1.092574E-01
 3.312500E+02  8.910929E-01  1.089071E-01
 3.315000E+02  8.914416E-01  1.085584E-01
 3.317500E+02  8.917887E-01  1.082113E-01
 3.320000E+02  8.921344E-01  1.078656E-01
 3.322500E+02  8.924787E-01  1.075213E-01
 3.325000E+02  8.928214E-01  1.071786E-01
 3.327500E+02  8.931626E-01  1.068374E-01
 3.330000E+02  8.935024E-01  1.064976E-01
 3.332500E+02  8.938407E-01  1.061593E-01
 3.335000E+02  8.941776E-01  1.058224E-01
 3.337500E+02  8.945130E-01  1.054870E-01
 3.340000E+02  8.948470E-01  1.051530E-01
 3.342500E+02  8.951795E-01  1.048205E-01
 3.345000E+02  8.955106E-01  1.044894E-01
 3.347500E+02  8.958403E-01  1.041597E-01
 3.350000E+02  8.961686E-01  1.038314E-01
 3.352500E+02  8.964955E-01  1.035045E-01
 3.355000E+02  8.968209E-01  1.031791E-01
 3.357500E+02  8.971450E-01  1.028550E-01
 3.360000E+02  8.974677E-01  1.025323E-01
 3.362500E+02  8.977890E-01  1.022110E-01
 3.365000E+02  8.981090E-01  1.018910E-01
 3.367500E+02  8.984275E-01  1.015725E-01
 3.370000E+02  8.987447E-01  1.012553E-01
 3.372500E+02  8.990606E-01  1.009394E-01
 3.375000E+02  8.993751E-01  1.006249E-01
 3.377500E+02  8.996883E-01  1.003117E-01
 3.380000E+02  9.000001E-01  9.999987E-02
 3.382500E+02  9.003106E-01  9.968936E-02
 3.385000E+02  9.006198E-01  9.938017E-02
 3.387500E+02  9.009277E-01  9.907229E-02
 3.390000E+02  9.012343E-01  9.876572E-02
 3.392500E+02  9.015395E-01  9.846046E-02
 3.395000E+02  9.018435E-01  9.815649E-02
 3.397500E+02  9.021462E-01  9.785381E-02
 3.400000E+02  9.024476E-01  9.755241E-02
 3.402500E+02  9.027477E-01  9.725229E-02
 3.405000E+02  9.030466E-01  9.695344E-02
 3.407500E+02  9.033441E-01  9.665585E-02
 3.410000E+02  9.036405E-01  9.635953E-02
 3.412500E+02  9.039355E-01  9.606445E-02
 3.415000E+02  9.042294E-01  9.577062E-02
 3.417500E+02  9.045220E-01  9.547804E-02
 3.420000E+02  9.048133E-01  9.518668E-02
 3.422500E+02  9.051034E-01  9.489656E-02
 3.425000E+02  9.053923E-01  9.460766E-02
 3.427500E+02  9.056800E-01  9.431997E-02
 3.430000E+02  9.059665E-01  9.403350E-02
 3.432500E+02  9.062518E-01  9.374823E-02
 3.435000E+02  9.065358E-01  9.346416E-02
 3.437500E+02  9.068187E-01  9.318128E-02
 3.440000E+02  9.071004E-01  9.289960E-02
 3.442500E+02  9.073809E-01  9.261909E-02
 3.445000E+02  9.076602E-01  9.233976E-02
 3.447500E+02  9.079384E-01  9.206160E-02
 3.450000E+02  9.082154E-01  9.178460E-02
 3.452500E+02  9.084912E-01  9.150877E-02
 3.455000E+02  9.087659E-01  9.123408E-02
 3.457500E+02  9.090395E-01  9.096055E-02
 3.460000E+02  9.093118E-01  9.068816E-02
 3.462500E+02  9.095831E-01  9.041690E-02
 3.465000E+02  9.098532E-01  9.014678E-02
 3.467500E+02  9.101222E-01  8.987778E-02
 3.470000E+02  9.103901E-01  8.960991E-02
 3.472500E+02  9.106569E-01  8.934315E-02
 3.475000E+02  9.109225E-01  8.907749E-02
 3.477500E+02  9.111871E-01  8.881295E-02
 3.480000E+02  9.114505E-01  8.854950E-02
 3.482500E+02  9.117129E-01  8.828715E-02
 3.485000E+02  9.119741E-01  8.802588E-02
 3.487500E+02  9.122343E-01  8.776570E-02
 3.490000E+02  9.124934E-01  8.750660E-02
 3.492500E+02  9.127514E-01  8.724857E-02
 3.495000E+02  9.130084E-01  8.699161E-02
 3.497500E+02  9.132643E-01  8.673571E-02
 3.500000E+02  9.135191E-01  8.648087E-02
 3.502500E+02  9.137729E-01  8.622708E-02
 3.505000E+02  9.140257E-01  8.597434E-02
 3.507500E+02  9.142774E-01  8.572264E-02
 3.510000E+02  9.145280E-01  8.547198E-02
 3.512500E+02  9.147777E-01  8.522235E-02
 3.515000E+02  9.150263E-01  8.497375E-02
 3.517500E+02  9.152738E-01  8.472617E-02
 3.520000E+02  9.155204E-01  8.447961E-02
 3.522500E+02  9.157659E-01  8.423406E-02
 3.525000E+02  9.160105E-01  8.398952E-02
 3.527500E+02  9.162540E-01  8.374598E-02
 3.530000E+02  9.164966E-01  8.350344E-02
 3.532500E+02  9.167381E-01  8.326189E-02
 3.535000E+02  9.169787E-01  8.302134E-02
 3.537500E+02  9.172182E-01  8.278176E-02
 3.540000E+02  9.174568E-01  8.254317E-02
 3.542500E+02  9.176945E-01  8.230555E-02
 3.545000E+02  9.179311E-01  8.206890E-02
 3.547500E+02  9.181668E-01  8.183322E-02
 3.550000E+02  9.184015E-01  8.159849E-02
 3.552500E+02  9.186353E-01  8.136472E-02
 3.555000E+02  9.188681E-01  8.113191E-02
 3.557500E+02  9.191000E-01  8.090004E-02
 3.560000E+02  9.193309E-01  8.066911E-02
 3.562500E+02  9.195609E-01  8.043912E-02
 3.565000E+02  9.197899E-01  8.021007E-02
 3.567500E+02  9.200181E-01  7.998194E-02
 3.570000E+02  9.202453E-01  7.975474E-02
 3.572500E+02  9.204715E-01  7.952846E-02
 3.575000E+02  9.206969E-01  7.930309E-02
 3.577500E+02  9.209214E-01  7.907863E-02
 3.580000E+02  9.211449E-01  7.885508E-02
 3.582500E+02  9.213676E-01  7.863244E-02
 3.585000E+02  9.215893E-01  7.841069E-02
 3.587500E+02  9.218102E-01  7.818984E-02
 3.590000E+02  9.220301E-01  7.796987E-02
 3.592500E+02  9.222492E-01  7.775080E-02
 3.595000E+02  9.224674E-01  7.753260E-02
 3.597500E+02  9.226847E-01  7.731528E-02
 3.600000E+02  9.229012E-01  7.709883E-02
 3.602500E+02  9.231167E-01  7.688325E-02
 3.605000E+02  9.233315E-01  7.666854E-02
 3.607500E+02  9.235453E-01  7.645469E-02
 3.610000E+02  9.237583E-01  7.624169E-02
 3.612500E+02  9.239705E-01  7.602955E-02
 3.615000E+02  9.241817E-01  7.581825E-02
 3.617500E+02  9.243922E-01  7.560780E-02
 3.620000E+02  9.246018E-01  7.539819E-02
 3.622500E+02  9.248106E-01  7.518941E-02
 3.625000E+02  9.250185E-01  7.498147E-02
 3.627500E+02  9.252256E-01  7.477436E-02
 3.630000E+02  9.254319E-01  7.456807E-02
 3.632500E+02  9.256374E-01  7.436260E-02
 3.635000E+02  9.258421E-01  7.415794E-02
 3.637500E+02  9.260459E-01  7.395411E-02
 3.640000E+02  9.262489E-01  7.375107E-02
 3.642500E+02  9.264512E-01  7.354885E-02
 3.645000E+02  9.266526E-01  7.334742E-02
 3.647500E+02  9.268532E-01  7.314680E-02
 3.650000E+02  9.270530E-01  7.294696E-02
 3.652500E+02  9.272521E-01  7.274792E-02
 3.655000E+02  9.274503E-01  7.254967E-02
 3.657500E+02  9.276478E-01  7.235219E-02
 3.660000E+02  9.278445E-01  7.215550E-02
 3.662500E+02  9.280404E-01  7.195958E-02
 3.665000E+02  9.282356E-01  7.176443E-02
 3.667500E+02  9.284300E-01  7.157005E-02
 3.670000E+02  9.286236E-01  7.137643E-02
 3.672500E+02  9.288164E-01  7.118358E-02
 3.675000E+02  9.290085E-01  7.099148E-02
 3.677500E+02  9.291999E-01  7.080013E-02
 3.680000E+02  9.293905E-01  7.060954E-02
 3.682500E+02  9.295803E-01  7.041969E-02
 3.685000E+02  9.297694E-01  7.023058E-02
 3.687500E+02  9.299578E-01  7.004222E-02
 3.690000E+02  9.301454E-01  6.985459E-02
 3.692500E+02  9.303323E-01  6.966769E-02
 3.695000E+02  9.305185E-01  6.948152E-02
 3.697500E+02  9.307039E-01  6.929608E-02
 3.700000E+02  9.308886E-01  6.911136E-02
 3.702500E+02  9.310726E-01  6.892736E-02
 3.705000E+02  9.312559E-01  6.874407E-02
 3.707500E+02  9.314385E-01  6.856150E-02
 3.710000E+02  9.316204E-01  6.837964E-02
 3.712500E+02  9.318015E-01  6.819848E-02
 3.715000E+02  9.319820E-01  6.801802E-02
 3.717500E+02  9.321617E-01  6.783826E-02
 3.720000E+02  9.323408E-01  6.765920E-02
 3.722500E+02  9.325192E-01  6.748083E-02
 3.725000E+02  9.326968E-01  6.730315E-02
 3.727500E+02  9.328738E-01  6.712616E-02
 3.730000E+02  9.330502E-01  6.694985E-02
 3.732500E+02  9.332258E-01  6.677421E-02
 3.735000E+02  9.334007E-01  6.659926E-02
 3.737500E+02  9.335750E-01  6.642498E-02
 3.740000E+02  9.337486E-01  6.625137E-02
 3.742500E+02  9.339216E-01  6.607842E-02
 3.745000E+02  9.340939E-01  6.590614E-02
 3.747500E+02  9.342655E-01  6.573452E-02
 3.750000E+02  9.344364E-01  6.556356E-02
 3.752500E+02  9.346067E-01  6.539325E-02
 3.755000E+02  9.347764E-01  6.522360E-02
 3.757500E+02  9.349454E-01  6.505459E-02
 3.760000E+02  9.351138E-01  6.488623E-02
 3.762500E+02  9.352815E-01  6.471852E-02
 3.765000E+02  9.354486E-01  6.455144E-02
 3.767500E+02  9.356150E-01  6.438500E-02
 3.770000E+02  9.357808E-01  6.421919E-02
 3.772500E+02  9.359460E-01  6.405401E-02
 3.775000E+02  9.361105E-01  6.388947E-02
 3.777500E+02  9.362745E-01  6.372554E-02
 3.780000E+02  9.364378E-01  6.356224E-02
 3.782500E+02  9.366004E-01  6.339956E-02
 3.785000E+02  9.367625E-01  6.323749E-02
 3.787500E+02  9.369240E-01  6.307604E-02
 3.790000E+02  9.370848E-01  6.291520E-02
 3.792500E+02  9.372450E-01  6.275497E-02
 3.795000E+02  9.374047E-01  6.259534E-02
 3.797500E+02  9.375637E-01  6.243632E-02
 3.800000E+02  9.377221E-01  6.227789E-02
 3.802500E+02  9.378799E-01  6.212007E-02
 3.805000E+02  9.380372E-01  6.196283E-02
 3.807500E+02  9.381938E-01  6.180619E-02
 3.810000E+02  9.383499E-01  6.165014E-02
 3.812500E+02  9.385053E-01  6.149467E-02
 3.815000E+02  9.386602E-01  6.133979E-02
 3.817500E+02  9.388145E-01  6.118548E-02
 3.820000E+02  9.389682E-01  6.103176E-02
 3.822500E+02  9.391214E-01  6.087861E-02
 3.825000E+02  9.392740E-01  6.072603E-02
 3.827500E+02  9.394260E-01  6.057402E-02
 3.830000E+02  9.395774E-01  6.042259E-02
 3.832500E+02  9.397283E-01  6.027171E-02
 3.835000E+02  9.398786E-01  6.012140E-02
 3.837500E+02  9.400284E-01  5.997165E-02
 3.840000E+02  9.401775E-01  5.982245E-02
 3.842500E+02  9.403262E-01  5.967381E-02
 3.845000E+02  9.404743E-01  5.952573E-02
 3.847500E+02  9.406218E-01  5.937819E-02
 3.850000E+02  9.407688E-01  5.923120E-02
 3.852500E+02  9.409152E-01  5.908475E-02
 3.855000E+02  9.410612E-01  5.893885E-02
 3.857500E+02  9.412065E-01  5.879348E-02
 3.860000E+02  9.413513E-01  5.864866E-02
 3.862500E+02  9.414956E-01  5.850437E-02
 3.865000E+02  9.416394E-01  5.836061E-02
 3.867500E+02  9.417826E-01  5.821738E-02
 3.870000E+02  9.419253E-01  5.807468E-02
 3.872500E+02  9.420675E-01  5.793250E-02
 3.875000E+02  9.422092E-01  5.779085E-02
 3.877500E+02  9.423503E-01  5.764971E-02
 3.880000E+02  9.424909E-01  5.750910E-02
 3.882500E+02  9.426310E-01  5.736900E-02
 3.885000E+02  9.427706E-01  5.722942E-02
 3.887500E+02  9.429097E-01  5.709034E-02
 3.890000E+02  9.430482E-01  5.695178E-02
 3.892500E+02  9.431863E-01  5.681372E-02
 3.895000E+02  9.433238E-01  5.667617E-02
 3.897500E+02  9.434609E-01  5.653912E-02
 3.900000E+02  9.435974E-01  5.640256E-02
 3.902500E+02  9.437335E-01  5.626651E-02
 3.905000E+02  9.438690E-01  5.613095E-02
 3.907500E+02  9.440041E-01  5.599589E-02
 3.910000E+02  9.441387E-01  5.586131E-02
 3.912500E+02  9.442728E-01  5.572722E-02
 3.915000E+02  9.444064E-01  5.559363E-02
 3.917500E+02  9.445395E-01  5.546051E-02
 3.920000E+02  9.446721E-01  5.532788E-02
 3.922500E+02  9.448043E-01  5.519572E-02
 3.925000E+02  9.449359E-01  5.506405E-02
 3.927500E+02  9.450671E-01  5.493285E-02
 3.930000E+02  9.451979E-01  5.480213E-02
 3.932500E+02  9.453281E-01  5.467187E-02
 3.935000E+02  9.454579E-01  5.454209E-02
 3.937500E+02  9.455872E-01  5.441277E-02
 3.940000E+02  9.457161E-01  5.428392E-02
 3.942500E+02  9.458445E-01  5.415553E-02
 3.945000E+02  9.459724E-01  5.402760E-02
 3.947500E+02  9.460999E-01  5.390013E-02
 3.950000E+02  9.462269E-01  5.377312E-02
 3.952500E+02  9.463534E-01  5.364657E-02
 3.955000E+02  9.464795E-01  5.352046E-02
 3.957500E+02  9.466052E-01  5.339481E-02
 3.960000E+02  9.467304E-01  5.326961E-02
 3.962500E+02  9.468551E-01  5.314485E-02
 3.965000E+02  9.469795E-01  5.302054E-02
 3.967500E+02  9.471033E-01  5.289667E-02
 3.970000E+02  9.472268E-01  5.277325E-02
 3.972500E+02  9.473497E-01  5.265026E-02
 3.975000E+02  9.474723E-01  5.252771E-02
 3.977500E+02  9.475944E-01  5.240559E-02
 3.980000E+02  9.477161E-01  5.228391E-02
 3.982500E+02  9.478373E-01  5.216266E-02
 3.985000E+02  9.479582E-01  5.204184E-02
 3.987500E+02  9.480786E-01  5.192145E-02
 3.990000E+02  9.481985E-01  5.180148E-02
 3.992500E+02  9.483181E-01  5.168194E-02
 3.995000E+02  9.484372E-01  5.156282E-02
 3.997500E+02  9.485559E-01  5.144411E-02
 4.000000E+02  9.486742E-01  5.132583E-02
 4.002500E+02  9.487920E-01  5.120797E-02
 4.005000E+02  9.489095E-01  5.109051E-02
 4.007500E+02  9.490265E-01  5.097348E-02
 4.010000E+02  9.491432E-01  5.085685E-02
 4.012500E+02  9.492594E-01  5.074063E-02
 4.015000E+02  9.493752E-01  5.062482E-02
 4.017500E+02  9.494906E-01  5.050942E-02
 4.020000E+02  9.496056E-01  5.039442E-02
 4.022500E+02  9.497202E-01  5.027982E-02
 4.025000E+02  9.498344E-01  5.016562E-02
 4.027500E+02  9.499482E-01  5.005182E-02
 4.030000E+02  9.500616E-01  4.993842E-02
 4.032500E+02  9.501746E-01  4.982541E-02
 4.035000E+02  9.502872E-01  4.971280E-02
 4.037500E+02  9.503994E-01  4.960057E-02
 4.040000E+02  9.505113E-01  4.948874E-02
 4.042500E+02  9.506227E-01  4.937730E-02
 4.045000E+02  9.507338E-01  4.926624E-02
 4.047500E+02  9.508444E-01  4.915557E-02
 4.050000E+02  9.509547E-01  4.904528E-02
 4.052500E+02  9.510646E-01  4.893538E-02
 4.055000E+02  9.511741E-01  4.882585E-02
 4.057500E+02  9.512833E-01  4.871670E-02
 4.060000E+02  9.513921E-01  4.860793E-02
 4.062500E+02  9.515005E-01  4.849954E-02
 4.065000E+02  9.516085E-01  4.839152E-02
 4.067500E+02  9.517161E-01  4.828387E-02
 4.070000E+02  9.518234E-01  4.817659E-02
 4.072500E+02  9.519303E-01  4.806968E-02
 4.075000E+02  9.520369E-01  4.796313E-02
 4.077500E+02  9.521430E-01  4.785696E-02
 4.080000E+02  9.522489E-01  4.775114E-02
 4.082500E+02  9.523543E-01  4.764569E-02
 4.085000E+02  9.524594E-01  4.754060E-02
 4.087500E+02  9.525641E-01  4.743587E-02
 4.090000E+02  9.526685E-01  4.733149E-02
 4.092500E+02  9.527725E-01  4.722748E-02
 4.095000E+02  9.528762E-01  4.712382E-02
 4.097500E+02  9.529795E-01  4.702051E-02
 4.100000E+02  9.530825E-01  4.691755E-02
 4.102500E+02  9.531851E-01  4.681494E-02
 4.105000E+02  9.532873E-01  4.671268E-02
 4.107500E+02  9.533892E-01  4.661077E-02
 4.110000E+02  9.534908E-01  4.650921E-02
 4.112500E+02  9.535920E-01  4.640799E-02
 4.115000E+02  9.536929E-01  4.630711E-02
 4.117500E+02  9.537934E-01  4.620657E-02
 4.120000E+02  9.538936E-01  4.610638E-02
 4.122500E+02  9.539935E-01  4.600652E-02
 4.125000E+02  9.540930E-01  4.590700E-02
 4.127500E+02  9.541922E-01  4.580781E-02
 4.130000E+02  9.542910E-01  4.570896E-02
 4.132500E+02  9.543896E-01  4.561044E-02
 4.135000E+02  9.544877E-01  4.551226E-02
 4.137500E+02  9.545856E-01  4.541440E-02
 4.140000E+02  9.546831E-01  4.531687E-02
 4.142500E+02  9.547803E-01  4.521967E-02
 4.145000E+02  9.548772E-01  4.512280E-02
 4.147500E+02  9.549738E-01  4.502624E-02
 4.150000E+02  9.550700E-01  4.493002E-02
 4.152500E+02  9.551659E-01  4.483411E-02
 4.155000E+02  9.552615E-01  4.473852E-02
 4.157500E+02  9.553567E-01  4.464326E-02
 4.160000E+02  9.554517E-01  4.454831E-02
 4.162500E+02  9.555463E-01  4.445368E-02
 4.165000E+02  9.556406E-01  4.435936E-02
 4.167500E+02  9.557346E-01  4.426536E-02
 4.170000E+02  9.558283E-01  4.417166E-02
 4.172500E+02  9.559217E-01  4.407828E-02
 4.175000E+02  9.560148E-01  4.398521E-02
 4.177500E+02  9.561075E-01  4.389245E-02
 4.180000E+02  9.562000E-01  4.380000E-02
 4.182500E+02  9.562922E-01  4.370785E-02
 4.185000E+02  9.563840E-01  4.361600E-02
 4.187500E+02  9.564755E-01  4.352446E-02
 4.190000E+02  9.565668E-01  4.343322E-02
 4.192500E+02  9.566577E-01  4.334228E-02
 4.195000E+02  9.567484E-01  4.325164E-02
 4.197500E+02  9.568387E-01  4.316130E-02
 4.200000E+02  9.569287E-01  4.307126E-02
 4.202500E+02  9.570185E-01  4.298151E-02
 4.205000E+02  9.571079E-01  4.289206E-02
 4.207500E+02  9.571971E-01  4.280290E-02
 4.210000E+02  9.572860E-01  4.271403E-02
 4.212500E+02  9.573745E-01  4.262546E-02
 4.215000E+02  9.574628E-01  4.253717E-02
 4.217500E+02  9.575508E-01  4.244917E-02
 4.220000E+02  9.576385E-01  4.236146E-02
 4.222500E+02  9.577260E-01  4.227404E-02
 4.225000E+02  9.578131E-01  4.218690E-02
 4.227500E+02  9.579000E-01  4.210004E-02
 4.230000E+02  9.579865E-01  4.201347E-02
 4.232500E+02  9.580728E-01  4.192718E-02
 4.235000E+02  9.581588E-01  4.184117E-02
 4.237500E+02  9.582446E-01  4.175544E-02
 4.240000E+02  9.583300E-01  4.166998E-02
 4.242500E+02  9.584152E-01  4.158481E-02
 4.245000E+02  9.585001E-01  4.149990E-02
 4.247500E+02  9.585847E-01  4.141528E-02
 4.250000E+02  9.586691E-01  4.133092E-02
 4.252500E+02  9.587532E-01  4.124684E-02
 4.255000E+02  9.588370E-01  4.116303E-02
 4.257500E+02  9.589205E-01  4.107949E-02
 4.260000E+02  9.590038E-01  4.099622E-02
 4.262500E+02  9.590868E-01  4.091322E-02
 4.265000E+02  9.591695E-01  4.083049E-02
 4.267500E+02  9.592520E-01  4.074802E-02
 4.270000E+02  9.593342E-01  4.066581E-02
 4.272500E+02  9.594161E-01  4.058387E-02
 4.275000E+02  9.594978E-01  4.050219E-02
 4.277500E+02  9.595792E-01  4.042077E-02
 4.280000E+02  9.596604E-01  4.033962E-02
 4.282500E+02  9.597413E-01  4.025872E-02
 4.285000E+02  9.598219E-01  4.017808E-02
 4.287500E+02  9.599023E-01  4.009770E-02
 4.290000E+02  9.599824E-01  4.001757E-02
 4.292500E+02  9.600623E-01  3.993770E-02
 4.295000E+02  9.601419E-01  3.985808E-02
 4.297500E+02  9.602213E-01  3.977872E-02
 4.300000E+02  9.603004E-01  3.969961E-02
 4.302500E+02  9.603793E-01  3.962074E-02
 4.305000E+02  9.604579E-01  3.954213E-02
 4.307500E+02  9.605362E-01  3.946377E-02
 4.310000E+02  9.606143E-01  3.938566E-02
 4.312500E+02  9.606922E-01  3.930779E-02
 4.315000E+02  9.607698E-01  3.923017E-02
 4.317500E+02  9.608472E-01  3.915279E-02
 4.320000E+02  9.609243E-01  3.907566E-02
 4.322500E+02  9.610012E-01  3.899877E-02
 4.325000E+02  9.610779E-01  3.892213E-02
 4.327500E+02  9.611543E-01  3.884572E-02
 4.330000E+02  9.612304E-01  3.876956E-02
 4.332500E+02  9.613064E-01  3.869363E-02
 4.335000E+02  9.613821E-01  3.861794E-02
 4.337500E+02  9.614575E-01  3.854249E-02
 4.340000E+02  9.615327E-01  3.846728E-02
 4.342500E+02  9.616077E-01  3.839230E-02
 4.345000E+02  9.616824E-01  3.831755E-02
 4.347500E+02  9.617570E-01  3.824304E-02
 4.350000E+02  9.618312E-01  3.816876E-02
 4.352500E+02  9.619053E-01  3.809471E-02
 4.355000E+02  9.619791E-01  3.802090E-02
 4.357500E+02  9.620527E-01  3.794731E-02
 4.360000E+02  9.621260E-01  3.787395E-02
 4.362500E+02  9.621992E-01  3.780082E-02
 4.365000E+02  9.622721E-01  3.772792E-02
 4.367500E+02  9.623448E-01  3.765524E-02
 4.370000E+02  9.624172E-01  3.758279E-02
 4.372500E+02  9.624894E-01  3.751056E-02
 4.375000E+02  9.625614E-01  3.743856E-02
 4.377500E+02  9.626332E-01  3.736678E-02
 4.380000E+02  9.627048E-01  3.729522E-02
 4.382500E+02  9.627761E-01  3.722388E-02
 4.385000E+02  9.628472E-01  3.715276E-02
 4.387500E+02  9.629181E-01  3.708186E-02
 4.390000E+02  9.629888E-01  3.701118E-02
 4.392500E+02  9.630593E-01  3.694072E-02
 4.395000E+02  9.631295E-01  3.687047E-02
 4.397500E+02  9.631996E-01  3.680044E-02
 4.400000E+02  9.632694E-01  3.673062E-02
 4.402500E+02  9.633390E-01  3.666102E-02
 4.405000E+02  9.634084E-01  3.659163E-02
 4.407500E+02  9.634775E-01  3.652245E-02
 4.410000E+02  9.635465E-01  3.645349E-02
 4.412500E+02  9.636153E-01  3.638473E-02
 4.415000E+02  9.636838E-01  3.631619E-02
 4.417500E+02  9.637522E-01  3.624785E-02
 4.420000E+02  9.638203E-01  3.617972E-02
 4.422500E+02  9.638882E-01  3.611180E-02
 4.425000E+02  9.639559E-01  3.604408E-02
 4.427500E+02  9.640234E-01  3.597658E-02
 4.430000E+02  9.640907E-01  3.590927E-02
 4.432500E+02  9.641578E-01  3.584217E-02
 4.435000E+02  9.642247E-01  3.577527E-02
 4.437500E+02  9.642914E-01  3.570858E-02
 4.440000E+02  9.643579E-01  3.564209E-02
 4.442500E+02  9.644242E-01  3.557580E-02
 4.445000E+02  9.644903E-01  3.550971E-02
 4.447500E+02  9.645562E-01  3.544381E-02
 4.450000E+02  9.646219E-01  3.537812E-02
 4.452500E+02  9.646874E-01  3.531262E-02
 4.455000E+02  9.647527E-01  3.524733E-02
 4.457500E+02  9.648178E-01  3.518222E-02
 4.460000E+02  9.648827E-01  3.511732E-02
 4.462500E+02  9.649474E-01  3.505261E-02
 4.465000E+02  9.650119E-01  3.498809E-02
 4.467500E+02  9.650762E-01  3.492376E-02
 4.470000E+02  9.651404E-01  3.485963E-02
 4.472500E+02  9.652043E-01  3.479569E-02
 4.475000E+02  9.652681E-01  3.473194E-02
 4.477500E+02  9.653316E-01  3.466839E-02
 4.480000E+02  9.653950E-01  3.460502E-02
 4.482500E+02  9.654582E-01  3.454184E-02
 4.485000E+02  9.655212E-01  3.447885E-02
 4.487500E+02  9.655840E-01  3.441604E-02
 4.490000E+02  9.656466E-01  3.435342E-02
 4.492500E+02  9.657090E-01  3.429099E-02
 4.495000E+02  9.657713E-01  3.422875E-02
 4.497500E+02  9.658333E-01  3.416668E-02
 4.500000E+02  9.658952E-01  3.410481E-02
 4.502500E+02  9.659569E-01  3.404311E-02
 4.505000E+02  9.660184E-01  3.398160E-02
 4.507500E+02  9.660797E-01  3.392027E-02
 4.510000E+02  9.661409E-01  3.385912E-02
 4.512500E+02  9.662019E-01  3.379815E-02
 4.515000E+02  9.662626E-01  3.373736E-02
 4.517500E+02  9.663233E-01  3.367675E-02
 4.520000E+02  9.663837E-01  3.361632E-02
 4.522500E+02  9.664439E-01  3.355606E-02
 4.525000E+02  9.665040E-01  3.349599E-02
 4.527500E+02  9.665639E-01  3.343608E-02
 4.530000E+02  9.666236E-01  3.337636E-02
 4.532500E+02  9.666832E-01  3.331681E-02
 4.535000E+02  9.667426E-01  3.325743E-02
 4.537500E+02  9.668018E-01  3.319823E-02
 4.540000E+02  9.668608E-01  3.313920E-02
 4.542500E+02  9.669197E-01  3.308034E-02
 4.545000E+02  9.669783E-01  3.302166E-02
 4.547500E+02  9.670369E-01  3.296314E-02
 4.550000E+02  9.670952E-01  3.290480E-02
 4.552500E+02  9.671534E-01  3.284662E-02
 4.555000E+02  9.672114E-01  3.278862E-02
 4.557500E+02  9.672692E-01  3.273078E-02
 4.560000E+02  9.673269E-01  3.267311E-02
 4.562500E+02  9.673844E-01  3.261561E-02
 4.565000E+02  9.674417E-01  3.255828E-02
 4.567500E+02  9.674989E-01  3.250111E-02
 4.570000E+02  9.675559E-01  3.244410E-02
 4.572500E+02  9.676127E-01  3.238726E-02
 4.575000E+02  9.676694E-01  3.233059E-02
 4.577500E+02  9.677259E-01  3.227408E-02
 4.580000E+02  9.677823E-01  3.221773E-02
 4.582500E+02  9.678385E-01  3.216154E-02
 4.585000E+02  9.678945E-01  3.210552E-02
 4.587500E+02  9.679503E-01  3.204965E-02
 4.590000E+02  9.680060E-01  3.199395E-02
 4.592500E+02  9.680616E-01  3.193841E-02
 4.595000E+02  9.681170E-01  3.188302E-02
 4.597500E+02  9.681722E-01  3.182780E-02
 4.600000E+02  9.682273E-01  3.177273E-02
 4.602500E+02  9.682822E-01  3.171782E-02
 4.605000E+02  9.683369E-01  3.166307E-02
 4.607500E+02  9.683915E-01  3.160847E-02
 4.610000E+02  9.684460E-01  3.155403E-02
 4.612500E+02  9.999906E-01  9.376662E-06
 4.615000E+02  9.999906E-01  9.361615E-06
 4.617500E+02  9.999907E-01  9.346613E-06
 4.620000E+02  9.999907E-01  9.331657E-06
 4.622500E+02  9.999907E-01  9.316745E-06
 4.625000E+02  9.999907E-01  9.301878E-06
 4.627500E+02  9.999907E-01  9.287056E-06
 4.630000E+02  9.999907E-01  9.272279E-06
 4.632500E+02  9.999907E-01  9.257546E-06
 4.635000E+02  9.999908E-01  9.242857E-06
 4.637500E+02  9.999908E-01  9.228212E-06
 4.640000E+02  9.999908E-01  9.213611E-06
 4.642500E+02  9.999908E-01  9.199053E-06
 4.645000E+02  9.999908E-01  9.184539E-06
 4.647500E+02  9.999908E-01  9.170068E-06
 4.650000E+02  9.999908E-01  9.155641E-06
 4.652500E+02  9.999909E-01  9.141256E-06
 4.655000E+02  9.999909E-01  9.126915E-06
 4.657500E+02  9.999909E-01  9.112616E-06
 4.660000E+02  9.999909E-01  9.098359E-06
 4.662500E+02  9.999909E-01  9.084145E-06
 4.665000E+02  9.999909E-01  9.069973E-06
 4.667500E+02  9.999909E-01  9.055843E-06
 4.670000E+02  9.999910E-01  9.041755E-06
 4.672500E+02  9.999910E-01  9.027708E-06
 4.675000E+02  9.999910E-01  9.013703E-06
 4.677500E+02  9.999910E-01  8.999740E-06
 4.680000E+02  9.999910E-01  8.985817E-06
 4.682500E+02  9.999910E-01  8.971936E-06
 4.685000E+02  9.999910E-01  8.958096E-06
 4.687500E+02  9.999911E-01  8.944296E-06
 4.690000E+02  9.999911E-01  8.930537E-06
 4.692500E+02  9.999911E-01  8.916818E-06
 4.695000E+02  9.999911E-01  8.903140E-06
 4.697500E+02  9.999911E-01  8.889501E-06
 4.700000E+02  9.999911E-01  8.875903E-06
 4.702500E+02  9.999911E-01  8.862344E-06
 4.705000E+02  9.999912E-01  8.848825E-06
 4.707500E+02  9.999912E-01  8.835346E-06
 4.710000E+02  9.999912E-01  8.821906E-06
 4.712500E+02  9.999912E-01  8.808505E-06
 4.715000E+02  9.999912E-01  8.795143E-06
 4.717500E+02  9.999912E-01  8.781821E-06
 4.720000E+02  9.999912E-01  8.768536E-06
 4.722500E+02  9.999912E-01  8.755291E-06
 4.725000E+02  9.999913E-01  8.742084E-06
 4.727500E+02  9.999913E-01  8.728915E-06
 4.730000E+02  9.999913E-01  8.715785E-06
 4.732500E+02  9.999913E-01  8.702692E-06
 4.735000E+02  9.999913E-01  8.689638E-06
 4.737500E+02  9.999913E-01  8.676621E-06
 4.740000E+02  9.999913E-01  8.663642E-06
 4.742500E+02  9.999913E-01  8.650700E-06
 4.745000E+02  9.999914E-01  8.637796E-06
 4.747500E+02  9.999914E-01  8.624928E-06
 4.750000E+02  9.999914E-01  8.612098E-06
 4.752500E+02  9.999914E-01  8.599305E-06
 4.755000E+02  9.999914E-01  8.586549E-06
 4.757500E+02  9.999914E-01  8.573829E-06
 4.760000E+02  9.999914E-01  8.561145E-06
 4.762500E+02  9.999915E-01  8.548498E-06
 4.765000E+02  9.999915E-01  8.535888E-06
 4.767500E+02  9.999915E-01  8.523313E-06
 4.770000E+02  9.999915E-01  8.510774E-06
 4.772500E+02  9.999915E-01  8.498271E-06
 4.775000E+02  9.999915E-01  8.485804E-06
 4.777500E+02  9.999915E-01  8.473373E-06
 4.780000E+02  9.999915E-01  8.460976E-06
 4.782500E+02  9.999916E-01  8.448616E-06
 4.785000E+02  9.999916E-01  8.436290E-06
 4.787500E+02  9.999916E-01  8.423999E-06
 4.790000E+02  9.999916E-01  8.411743E-06
 4.792500E+02  9.999916E-01  8.399522E-06
 4.795000E+02  9.999916E-01  8.387336E-06
 4.797500E+02  9.999916E-01  8.375184E-06
 4.800000E+02  9.999916E-01  8.363067E-06
 4.802500E+02  9.999916E-01  8.350984E-06
 4.805000E+02  9.999917E-01  8.338935E-06
 4.807500E+02  9.999917E-01  8.326920E-06
 4.810000E+02  9.999917E-01  8.314939E-06
 4.812500E+02  9.999917E-01  8.302991E-06
 4.815000E+02  9.999917E-01  8.291078E-06
 4.817500E+02  9.999917E-01  8.279197E-06
 4.820000E+02  9.999917E-01  8.267351E-06
 4.822500E+02  9.999917E-01  8.255537E-06
 4.825000E+02  9.999918E-01  8.243757E-06
 4.827500E+02  9.999918E-01  8.232009E-06
 4.830000E+02  9.999918E-01  8.220295E-06
 4.832500E+02  9.999918E-01  8.208614E-06
 4.835000E+02  9.999918E-01  8.196965E-06
 4.837500E+02  9.999918E-01  8.185348E-06
 4.840000E+02  9.999918E-01  8.173764E-06
 4.842500E+02  9.999918E-01  8.162213E-06
 4.845000E+02  9.999918E-01  8.150693E-06
 4.847500E+02  9.999919E-01  8.139206E-06
 4.850000E+02  9.999919E-01  8.127751E-06
 4.852500E+02  9.999919E-01  8.116327E-06
 4.855000E+02  9.999919E-01  8.104935E-06
 4.857500E+02  9.999919E-01  8.093575E-06
 4.860000E+02  9.999919E-01  8.082247E-06
 4.862500E+02  9.999919E-01  8.070949E-06
 4.865000E+02  9.999919E-01  8.059684E-06
 4.867500E+02  9.999920E-01  8.048449E-06
 4.870000E+02  9.999920E-01  8.037245E-06
 4.872500E+02  9.999920E-01  8.026072E-06
 4.875000E+02  9.999920E-01  8.014930E-06
 4.877500E+02  9.999920E-01  8.003819E-06
 4.880000E+02  9.999920E-01  7.992739E-06
 4.882500E+02  9.999920E-01  7.981689E-06
 4.885000E+02  9.999920E-01  7.970669E-06
 4.887500E+02  9.999920E-01  7.959680E-06
 4.890000E+02  9.999921E-01  7.948720E-06
 4.892500E+02  9.999921E-01  7.937791E-06
 4.895000E+02  9.999921E-01  7.926892E-06
 4.897500E+02  9.999921E-01  7.916023E-06
 4.900000E+02  9.999921E-01  7.905183E-06
 4.902500E+02  9.999921E-01  7.894373E-06
 4.905000E+02  9.999921E-01  7.883593E-06
 4.907500E+02  9.999921E-01  7.872842E-06
 4.910000E+02  9.999921E-01  7.862120E-06
 4.912500E+02  9.999921E-01  7.851428E-06
 4.915000E+02  9.999922E-01  7.840765E-06
 4.917500E+02  9.999922E-01  7.830131E-06
 4.920000E+02  9.999922E-01  7.819525E-06
 4.922500E+02  9.999922E-01  7.808949E-06
 4.925000E+02  9.999922E-01  7.798401E-06
 4.927500E+02  9.999922E-01  7.787882E-06
 4.930000E+02  9.999922E-01  7.777391E-06
 4.932500E+02  9.999922E-01  7.766929E-06
 4.935000E+02  9.999922E-01  7.756495E-06
 4.937500E+02  9.999923E-01  7.746089E-06
 4.940000E+02  9.999923E-01  7.735712E-06
 4.942500E+02  9.999923E-01  7.725362E-06
 4.945000E+02  9.999923E-01  7.715040E-06
 4.947500E+02  9.999923E-01  7.704747E-06
 4.950000E+02  9.999923E-01  7.694480E-06
 4.952500E+02  9.999923E-01  7.684242E-06
 4.955000E+02  9.999923E-01  7.674031E-06
 4.957500E+02  9.999923E-01  7.663847E-06
 4.960000E+02  9.999923E-01  7.653691E-06
 4.962500E+02  9.999924E-01  7.643562E-06
 4.965000E+02  9.999924E-01  7.633460E-06
 4.967500E+02  9.999924E-01  7.623386E-06
 4.970000E+02  9.999924E-01  7.613338E-06
 4.972500E+02  9.999924E-01  7.603317E-06
 4.975000E+02  9.999924E-01  7.593323E-06
 4.977500E+02  9.999924E-01  7.583355E-06
 4.980000E+02  9.999924E-01  7.573414E-06
 4.982500E+02  9.999924E-01  7.563500E-06
 4.985000E+02  9.999924E-01  7.553612E-06
 4.987500E+02  9.999925E-01  7.543750E-06
 4.990000E+02  9.999925E-01  7.533914E-06
 4.992500E+02  9.999925E-01  7.524105E-06
 4.995000E+02  9.999925E-01  7.514322E-06
 4.997500E+02  9.999925E-01  7.504564E-06
 5.000000E+02  9.999925E-01  7.494833E-06
