#         T/K          U/kJ          H/kJ      S/J*K^-1
 2.500000E+02  1.806078E+02  1.806149E+02  2.166783E+02
 2.502500E+02  1.806385E+02  1.806455E+02  2.168007E+02
 2.505000E+02  1.806691E+02  1.806762E+02  2.169232E+02
 2.507500E+02  1.806998E+02  1.807068E+02  2.170455E+02
 2.510000E+02  1.807304E+02  1.807375E+02  2.171676E+02
 2.512500E+02  1.807610E+02  1.807681E+02  2.172895E+02
 2.515000E+02  1.807916E+02  1.807987E+02  2.174112E+02
 2.517500E+02  1.808222E+02  1.808292E+02  2.175327E+02
 2.520000E+02  1.808527E+02  1.808598E+02  2.176540E+02
 2.522500E+02  1.808833E+02  1.808903E+02  2.177751E+02
 2.525000E+02  1.809138E+02  1.809208E+02  2.178959E+02
 2.527500E+02  1.809443E+02  1.809513E+02  2.180166E+02
 2.530000E+02  1.809747E+02  1.809818E+02  2.181371E+02
 2.532500E+02  1.810052E+02  1.810122E+02  2.182574E+02
 2.535000E+02  1.810356E+02  1.810427E+02  2.183775E+02
 2.537500E+02  1.810660E+02  1.810731E+02  2.184974E+02
 2.540000E+02  1.810964E+02  1.811035E+02  2.186171E+02
 2.542500E+02  1.811268E+02  1.811338E+02  2.187366E+02
 2.545000E+02  1.811571E+02  1.811642E+02  2.188559E+02
 2.547500E+02  1.811874E+02  1.811945E+02  2.189750E+02
 2.550000E+02  1.812177E+02  1.812248E+02  2.190939E+02
 2.552500E+02  1.812480E+02  1.812551E+02  2.192126E+02
 2.555000E+02  1.812783E+02  1.812854E+02  2.193312E+02
 2.557500E+02  1.813085E+02  1.813156E+02  2.194495E+02
 2.560000E+02  1.813388E+02  1.813458E+02  2.195676E+02
 2.562500E+02  1.813690E+02  1.813760E+02  2.196855E+02
 2.565000E+02  1.813991E+02  1.814062E+02  2.198033E+02
 2.567500E+02  1.814293E+02  1.814364E+02  2.199208E+02
 2.570000E+02  1.814595E+02  1.814665E+02  2.200382E+02
 2.572500E+02  1.814896E+02  1.814967E+02  2.201553E+02
 2.575000E+02  1.815197E+02  1.815268E+02  2.202723E+02
 2.577500E+02  1.815498E+02  1.815568E+02  2.203890E+02
 2.580000E+02  1.815798E+02  1.815869E+02  2.205056E+02
 2.582500E+02  1.816099E+02  1.816169E+02  2.206220E+02
 2.585000E+02  1.816399E+02  1.816470E+02  2.207382E+02
 2.587500E+02  1.816699E+02  1.816770E+02  2.208542E+02
 2.590000E+02  1.816999E+02  1.817070E+02  2.209700E+02
 2.592500E+02  1.817298E+02  1.817369E+02  2.210856E+02
 2.595000E+02  1.817598E+02  1.817669E+02  2.212011E+02
 2.597500E+02  1.817897E+02  1.817968E+02  2.213163E+02
 2.600000E+02  1.818196E+02  1.818267E+02  2.214314E+02
 2.602500E+02  1.818495E+02  1.818566E+02  2.215463E+02
 2.605000E+02  1.818793E+02  1.818864E+02  2.216609E+02
 2.607500E+02  1.819092E+02  1.819163E+02  2.217754E+02
 2.610000E+02  1.819390E+02  1.819461E+02  2.218897E+02
 2.612500E+02  1.819688E+02  1.819759E+02  2.220039E+02
 2.615000E+02  1.819986E+02  1.820057E+02  2.221178E+02
 2.617500E+02  1.820283E+02  1.820354E+02  2.222316E+02
 2.620000E+02  1.820581E+02  1.820652E+02  2.223451E+02
 2.622500E+02  1.820878E+02  1.820949E+02  2.224585E+02
 2.625000E+02  1.821175E+02  1.821246E+02  2.225717E+02
 2.627500E+02  1.821472E+02  1.821543E+02  2.226847E+02
 2.630000E+02  1.821768E+02  1.821839E+02  2.227976E+02
 2.632500E+02  1.822065E+02  1.822136E+02  2.229102E+02
 2.635000E+02  1.822361E+02  1.822432E+02  2.230227E+02
 2.637500E+02  1.822657E+02  1.822728E+02  2.231350E+02
 2.640000E+02  1.822953E+02  1.823024E+02  2.232471E+02
 2.642500E+02  1.823248E+02  1.823319E+02  2.233590E+02
 2.645000E+02  1.823544E+02  1.823615E+02  2.234708E+02
 2.647500E+02  1.823839E+02  1.823910E+02  2.235823E+02
 2.650000E+02  1.824134E+02  1.824205E+02  2.236937E+02
 2.652500E+02  1.824429E+02  1.824500E+02  2.238049E+02
 2.655000E+02  1.824724E+02  1.824795E+02  2.239160E+02
 2.657500E+02  1.825018E+02  1.825089E+02  2.240268E+02
 2.660000E+02  1.825312E+02  1.825383E+02  2.241375E+02
 2.662500E+02  1.825606E+02  1.825677E+02  2.242480E+02
 2.665000E+02  1.825900E+02  1.825971E+02  2.243584E+02
 2.667500E+02  1.826194E+02  1.826265E+02  2.244685E+02
 2.670000E+02  1.826487E+02  1.826559E+02  2.245785E+02
 2.672500E+02  1.826781E+02  1.826852E+02  2.246883E+02
 2.675000E+02  1.827074E+02  1.827145E+02  2.247979E+02
 2.677500E+02  1.827367E+02  1.827438E+02  2.249074E+02
 2.680000E+02  1.827660E+02  1.827731E+02  2.250167E+02
 2.682500E+02  1.827952E+02  1.828023E+02  2.251258E+02
 2.685000E+02  1.828245E+02  1.828316E+02  2.252348E+02
 2.687500E+02  1.828537E+02  1.828608E+02  2.253436E+02
 2.690000E+02  1.828829E+02  1.828900E+02  2.254522E+02
 2.692500E+02  1.829121E+02  1.829192E+02  2.255606E+02
 2.695000E+02  1.829412E+02  1.829483E+02  2.256689E+02
 2.697500E+02  1.829704E+02  1.829775E+02  2.257770E+02
 2.700000E+02  1.829995E+02  1.830066E+02  2.258849E+02
 2.702500E+02  1.830286E+02  1.830357E+02  2.259927E+02
 2.705000E+02  1.830577E+02  1.830648E+02  2.261003E+02
 2.707500E+02  1.830868E+02  1.830939E+02  2.262077E+02
 2.710000E+02  1.831158E+02  1.831230E+02  2.263150E+02
 2.712500E+02  1.831449E+02  1.831520E+02  2.264221E+02
 2.715000E+02  1.831739E+02  1.831810E+02  2.265291E+02
 2.717500E+02  1.832029E+02  1.832100E+02  2.266358E+02
 2.720000E+02  1.832319E+02  1.832390E+02  2.267425E+02
 2.722500E+02  1.832609E+02  1.832680E+02  2.268489E+02
 2.725000E+02  1.832898E+02  1.832969E+02  2.269552E+02
 2.727500E+02  1.833187E+02  1.833259E+02  2.270613E+02
 2.730000E+02  1.833477E+02  1.833548E+02  2.271673E+02
 2.732500E+02  1.833766E+02  1.833837E+02  2.272731E+02
 2.735000E+02  1.834054E+02  1.834126E+02  2.273788E+02
 2.737500E+02  1.834343E+02  1.834414E+02  2.274843E+02
 2.740000E+02  1.834631E+02  1.834703E+02  2.275896E+02
 2.742500E+02  1.834920E+02  1.834991E+02  2.276948E+02
 2.745000E+02  1.835208E+02  1.835279E+02  2.277998E+02
 2.747500E+02  1.835496E+02  1.835567E+02  2.279047E+02
 2.750000E+02  1.835784E+02  1.835855E+02  2.280094E+02
 2.752500E+02  1.836071E+02  1.836143E+02  2.281139E+02
 2.755000E+02  1.836359E+02  1.836430E+02  2.282183E+02
 2.757500E+02  1.836646E+02  1.836718E+02  2.283225E+02
 2.760000E+02  1.836933E+02  1.837005E+02  2.284266E+02
 2.762500E+02  1.837220E+02  1.837292E+02  2.285306E+02
 2.765000E+02  1.837507E+02  1.837579E+02  2.286344E+02
 2.767500E+02  1.837794E+02  1.837865E+02  2.287380E+02
 2.770000E+02  1.838080E+02  1.838152E+02  2.288415E+02
 2.772500E+02  1.838367E+02  1.838438E+02  2.289448E+02
 2.775000E+02  1.838653E+02  1.838724E+02  2.290480E+02
 2.777500E+02  1.838939E+02  1.839010E+02  2.291510E+02
 2.780000E+02  1.839225E+02  1.839296E+02  2.292539E+02
 2.782500E+02  1.839510E+02  1.839582E+02  2.293566E+02
 2.785000E+02  1.839796E+02  1.839867E+02  2.294592E+02
 2.787500E+02  1.840081E+02  1.840153E+02  2.295616E+02
 2.790000E+02  1.840367E+02  1.840438E+02  2.296639E+02
 2.792500E+02  1.840652E+02  1.840723E+02  2.297661E+02
 2.795000E+02  1.840937E+02  1.841008E+02  2.298681E+02
 2.797500E+02  1.841221E+02  1.841293E+02  2.299699E+02
 2.800000E+02  1.841506E+02  1.841578E+02  2.300716E+02
 2.802500E+02  1.841791E+02  1.841862E+02  2.301732E+02
 2.805000E+02  1.842075E+02  1.842146E+02  2.302746E+02
 2.807500E+02  1.842359E+02  1.842431E+02  2.303759E+02
 2.810000E+02  1.842643E+02  1.842715E+02  2.304770E+02
 2.812500E+02  1.842927E+02  1.842999E+02  2.305780E+02
 2.815000E+02  1.843211E+02  1.843282E+02  2.306789E+02
 2.817500E+02  1.843494E+02  1.843566E+02  2.307796E+02
 2.820000E+02  1.843778E+02  1.843850E+02  2.308801E+02
 2.822500E+02  1.844061E+02  1.844133E+02  2.309806E+02
 2.825000E+02  1.844344E+02  1.844416E+02  2.310809E+02
 2.827500E+02  1.844627E+02  1.844699E+02  2.311810E+02
 2.830000E+02  1.844910E+02  1.844982E+02  2.312810E+02
 2.832500E+02  1.845193E+02  1.845265E+02  2.313809E+02
 2.835000E+02  1.845476E+02  1.845548E+02  2.314807E+02
 2.837500E+02  1.845758E+02  1.845830E+02  2.315803E+02
 2.840000E+02  1.846041E+02  1.846112E+02  2.316797E+02
 2.842500E+02  1.846323E+02  1.846395E+02  2.317791E+02
 2.845000E+02  1.846605E+02  1.846677E+02  2.318783E+02
 2.847500E+02  1.846887E+02  1.846959E+02  2.319774E+02
 2.850000E+02  1.847169E+02  1.847241E+02  2.320763E+02
 2.852500E+02  1.847451E+02  1.847522E+02  2.321751E+02
 2.855000E+02  1.847732E+02  1.847804E+02  2.322738E+02
 2.857500E+02  1.848014E+02  1.848085E+02  2.323723E+02
 2.860000E+02  1.848295E+02  1.848367E+02  2.324707E+02
 2.862500E+02  1.848576E+02  1.848648E+02  2.325690E+02
 2.865000E+02  1.848857E+02  1.848929E+02  2.326671E+02
 2.867500E+02  1.849138E+02  1.849210E+02  2.327652E+02
 2.870000E+02  1.849419E+02  1.849491E+02  2.328631E+02
 2.872500E+02  1.849700E+02  1.849771E+02  2.329608E+02
 2.875000E+02  1.849980E+02  1.850052E+02  2.330585E+02
 2.877500E+02  1.850261E+02  1.850332E+02  2.331560E+02
 2.880000E+02  1.850541E+02  1.850613E+02  2.332533E+02
 2.882500E+02  1.850821E+02  1.850893E+02  2.333506E+02
 2.885000E+02  1.851101E+02  1.851173E+02  2.334477E+02
 2.887500E+02  1.851381E+02  1.851453E+02  2.335447E+02
 2.890000E+02  1.851661E+02  1.851733E+02  2.336416E+02
 2.892500E+02  1.851941E+02  1.852013E+02  2.337384E+02
 2.895000E+02  1.852220E+02  1.852292E+02  2.338350E+02
 2.897500E+02  1.852500E+02  1.852572E+02  2.339315E+02
 2.900000E+02  1.852779E+02  1.852851E+02  2.340279E+02
 2.902500E+02  1.853059E+02  1.853131E+02  2.341242E+02
 2.905000E+02  1.853338E+02  1.853410E+02  2.342203E+02
 2.907500E+02  1.853617E+02  1.853689E+02  2.343164E+02
 2.910000E+02  1.853896E+02  1.853968E+02  2.344123E+02
 2.912500E+02  1.854175E+02  1.854247E+02  2.345080E+02
 2.915000E+02  1.854453E+02  1.854525E+02  2.346037E+02
 2.917500E+02  1.854732E+02  1.854804E+02  2.346993E+02
 2.920000E+02  1.855011E+02  1.855083E+02  2.347947E+02
 2.922500E+02  1.855289E+02  1.855361E+02  2.348900E+02
 2.925000E+02  1.855567E+02  1.855639E+02  2.349852E+02
 2.927500E+02  1.855846E+02  1.855918E+02  2.350803E+02
 2.930000E+02  1.856124E+02  1.856196E+02  2.351752E+02
 2.932500E+02  1.856402E+02  1.856474E+02  2.352701E+02
 2.935000E+02  1.856680E+02  1.856752E+02  2.353648E+02
 2.937500E+02  1.856957E+02  1.857029E+02  2.354594E+02
 2.940000E+02  1.857235E+02  1.857307E+02  2.355540E+02
 2.942500E+02  1.857513E+02  1.857585E+02  2.356483E+02
 2.945000E+02  1.857790E+02  1.857862E+02  2.357426E+02
 2.947500E+02  1.858068E+02  1.858140E+02  2.358368E+02
 2.950000E+02  1.858345E+02  1.858417E+02  2.359308E+02
 2.952500E+02  1.858622E+02  1.858694E+02  2.360248E+02
 2.955000E+02  1.858900E+02  1.858972E+02  2.361186E+02
 2.957500E+02  1.859177E+02  1.859249E+02  2.362123E+02
 2.960000E+02  1.859454E+02  1.859526E+02  2.363059E+02
 2.962500E+02  1.859730E+02  1.859802E+02  2.363995E+02
 2.965000E+02  1.860007E+02  1.860079E+02  2.364928E+02
 2.967500E+02  1.860284E+02  1.860356E+02  2.365861E+02
 2.970000E+02  1.860561E+02  1.860633E+02  2.366793E+02
 2.972500E+02  1.860837E+02  1.860909E+02  2.367724E+02
 2.975000E+02  1.861113E+02  1.861186E+02  2.368653E+02
 2.977500E+02  1.861390E+02  1.861462E+02  2.369582E+02
 2.980000E+02  1.861666E+02  1.861738E+02  2.370509E+02
 2.982500E+02  1.861942E+02  1.862014E+02  2.371436E+02
 2.985000E+02  1.862218E+02  1.862291E+02  2.372361E+02
 2.987500E+02  1.862494E+02  1.862567E+02  2.373286E+02
 2.990000E+02  1.862770E+02  1.862843E+02  2.374209E+02
 2.992500E+02  1.863046E+02  1.863118E+02  2.375131E+02
 2.995000E+02  1.863322E+02  1.863394E+02  2.376052E+02
 2.997500E+02  1.863598E+02  1.863670E+02  2.376973E+02
 3.000000E+02  1.863873E+02  1.863946E+02  2.377892E+02
 3.002500E+02  1.864149E+02  1.864221E+02  2.378810E+02
 3.005000E+02  1.864424E+02  1.864497E+02  2.379727E+02
 3.007500E+02  1.864700E+02  1.864772E+02  2.380643E+02
 3.010000E+02  1.864975E+02  1.865047E+02  2.381558E+02
 3.012500E+02  1.865250E+02  1.865323E+02  2.382473E+02
 3.015000E+02  1.865526E+02  1.865598E+02  2.383386E+02
 3.017500E+02  1.865801E+02  1.865873E+02  2.384298E+02
 3.020000E+02  1.866076E+02  1.866148E+02  2.385209E+02
 3.022500E+02  1.866351E+02  1.866423E+02  2.386119E+02
 3.025000E+02  1.866626E+02  1.866698E+02  2.387028E+02
 3.027500E+02  1.866901E+02  1.866973E+02  2.387937E+02
 3.030000E+02  1.867175E+02  1.867248E+02  2.388844E+02
 3.032500E+02  1.867450E+02  1.867522E+02  2.389750E+02
 3.035000E+02  1.867725E+02  1.867797E+02  2.390656E+02
 3.037500E+02  1.867999E+02  1.868072E+02  2.391560E+02
 3.040000E+02  1.868274E+02  1.868346E+02  2.392463E+02
 3.042500E+02  1.868548E+02  1.868621E+02  2.393366E+02
 3.045000E+02  1.868823E+02  1.868895E+02  2.394267E+02
 3.047500E+02  1.869097E+02  1.869169E+02  2.395168E+02
 3.050000E+02  1.869371E+02  1.869444E+02  2.396068E+02
 3.052500E+02  1.869645E+02  1.869718E+02  2.396967E+02
 3.055000E+02  1.869920E+02  1.869992E+02  2.397864E+02
 3.057500E+02  1.870194E+02  1.870266E+02  2.398761E+02
 3.060000E+02  1.870468E+02  1.870540E+02  2.399657E+02
 3.062500E+02  1.870742E+02  1.870814E+02  2.400552E+02
 3.065000E+02  1.871016E+02  1.871088E+02  2.401446E+02
 3.067500E+02  1.871290E+02  1.871362E+02  2.402340E+02
 3.070000E+02  1.871563E+02  1.871636E+02  2.403232E+02
 3.072500E+02  1.871837E+02  1.871910E+02  2.404124E+02
 3.075000E+02  1.872111E+02  1.872183E+02  2.405014E+02
 3.077500E+02  1.872385E+02  1.872457E+02  2.405904E+02
 3.080000E+02  1.872658E+02  1.872731E+02  2.406793E+02
 3.082500E+02  1.872932E+02  1.873004E+02  2.407681E+02
 3.085000E+02  1.873205E+02  1.873278E+02  2.408568E+02
 3.087500E+02  1.873479E+02  1.873551E+02  2.409454E+02
 3.090000E+02  1.873752E+02  1.873825E+02  2.410339E+02
 3.092500E+02  1.874026E+02  1.874098E+02  2.411224E+02
 3.095000E+02  1.874299E+02  1.874372E+02  2.412107E+02
 3.097500E+02  1.874572E+02  1.874645E+02  2.412990E+02
 3.100000E+02  1.874846E+02  1.874918E+02  2.413872E+02
 3.102500E+02  1.875119E+02  1.875191E+02  2.414753E+02
 3.105000E+02  1.875392E+02  1.875465E+02  2.415633E+02
 3.107500E+02  1.875665E+02  1.875738E+02  2.416512E+02
 3.110000E+02  1.875938E+02  1.876011E+02  2.417391E+02
 3.112500E+02  1.876211E+02  1.876284E+02  2.418268E+02
 3.115000E+02  1.876484E+02  1.876557E+02  2.419145E+02
 3.117500E+02  1.876757E+02  1.876830E+02  2.420021E+02
 3.120000E+02  1.877030E+02  1.877103E+02  2.420897E+02
 3.122500E+02  1.877303E+02  1.877376E+02  2.421771E+02
 3.125000E+02  1.877576E+02  1.877649E+02  2.422644E+02
 3.127500E+02  1.877849E+02  1.877922E+02  2.423517E+02
 3.130000E+02  1.878122E+02  1.878194E+02  2.424389E+02
 3.132500E+02  1.878395E+02  1.878467E+02  2.425260E+02
 3.135000E+02  1.878667E+02  1.878740E+02  2.426131E+02
 3.137500E+02  1.878940E+02  1.879013E+02  2.427000E+02
 3.140000E+02  1.879213E+02  1.879285E+02  2.427869E+02
 3.142500E+02  1.879485E+02  1.879558E+02  2.428737E+02
 3.145000E+02  1.879758E+02  1.879831E+02  2.429604E+02
 3.147500E+02  1.880030E+02  1.880103E+02  2.430471E+02
 3.150000E+02  1.880303E+02  1.880376E+02  2.431336E+02
 3.152500E+02  1.880576E+02  1.880648E+02  2.432201E+02
 3.155000E+02  1.880848E+02  1.880921E+02  2.433065E+02
 3.157500E+02  1.881121E+02  1.881193E+02  2.433928E+02
 3.160000E+02  1.881393E+02  1.881466E+02  2.434791E+02
 3.162500E+02  1.881665E+02  1.881738E+02  2.435653E+02
 3.165000E+02  1.881938E+02  1.882010E+02  2.436514E+02
 3.167500E+02  1.882210E+02  1.882283E+02  2.437374E+02
 3.170000E+02  1.882483E+02  1.882555E+02  2.438234E+02
 3.172500E+02  1.882755E+02  1.882828E+02  2.439092E+02
 3.175000E+02  1.883027E+02  1.883100E+02  2.439950E+02
 3.177500E+02  1.883299E+02  1.883372E+02  2.440808E+02
 3.180000E+02  1.883572E+02  1.883644E+02  2.441664E+02
 3.182500E+02  1.883844E+02  1.883917E+02  2.442520E+02
 3.185000E+02  1.884116E+02  1.884189E+02  2.443375E+02
 3.187500E+02  1.884388E+02  1.884461E+02  2.444230E+02
 3.190000E+02  1.884661E+02  1.884733E+02  2.445083E+02
 3.192500E+02  1.884933E+02  1.885006E+02  2.445936E+02
 3.195000E+02  1.885205E+02  1.885278E+02  2.446788E+02
 3.197500E+02  1.885477E+02  1.885550E+02  2.447640E+02
 3.200000E+02  1.885749E+02  1.885822E+02  2.448491E+02
 3.202500E+02  1.886021E+02  1.886094E+02  2.449341E+02
 3.205000E+02  1.886294E+02  1.886366E+02  2.450190E+02
 3.207500E+02  1.886566E+02  1.886638E+02  2.451039E+02
 3.210000E+02  1.886838E+02  1.886910E+02  2.451887E+02
 3.212500E+02  1.887110E+02  1.887183E+02  2.452734E+02
 3.215000E+02  1.887382E+02  1.887455E+02  2.453580E+02
 3.217500E+02  1.887654E+02  1.887727E+02  2.454426E+02
 3.220000E+02  1.887926E+02  1.887999E+02  2.455272E+02
 3.222500E+02  1.888198E+02  1.888271E+02  2.456116E+02
 3.225000E+02  1.888470E+02  1.888543E+02  2.456960E+02
 3.227500E+02  1.888742E+02  1.888815E+02  2.457803E+02
 3.230000E+02  1.889014E+02  1.889087E+02  2.458646E+02
 3.232500E+02  1.889286E+02  1.889359E+02  2.459487E+02
 3.235000E+02  1.889558E+02  1.889631E+02  2.460329E+02
 3.237500E+02  1.889830E+02  1.889903E+02  2.461169E+02
 3.240000E+02  1.890102E+02  1.890175E+02  2.462009E+02
 3.242500E+02  1.890374E+02  1.890447E+02  2.462848E+02
 3.245000E+02  1.890646E+02  1.890719E+02  2.463687E+02
 3.247500E+02  1.890918E+02  1.890991E+02  2.464524E+02
 3.250000E+02  1.891190E+02  1.891263E+02  2.465362E+02
 3.252500E+02  1.891462E+02  1.891535E+02  2.466198E+02
 3.255000E+02  1.891734E+02  1.891807E+02  2.467034E+02
 3.257500E+02  1.892006E+02  1.892079E+02  2.467869E+02
 3.260000E+02  1.892278E+02  1.892351E+02  2.468704E+02
 3.262500E+02  1.892550E+02  1.892623E+02  2.469538E+02
 3.265000E+02  1.892822E+02  1.892895E+02  2.470371E+02
 3.267500E+02  1.893094E+02  1.893167E+02  2.471204E+02
 3.270000E+02  1.893366E+02  1.893439E+02  2.472036E+02
 3.272500E+02  1.893638E+02  1.893711E+02  2.472868E+02
 3.275000E+02  1.893910E+02  1.893983E+02  2.473699E+02
 3.277500E+02  1.894182E+02  1.894255E+02  2.474529E+02
 3.280000E+02  1.894454E+02  1.894527E+02  2.475358E+02
 3.282500E+02  1.894726E+02  1.894799E+02  2.476187E+02
 3.285000E+02  1.894998E+02  1.895071E+02  2.477016E+02
 3.287500E+02  1.895270E+02  1.895343E+02  2.477844E+02
 3.290000E+02  1.895542E+02  1.895615E+02  2.478671E+02
 3.292500E+02  1.895814E+02  1.895887E+02  2.479497E+02
 3.295000E+02  1.896086E+02  1.896159E+02  2.480323E+02
 3.297500E+02  1.896358E+02  1.896431E+02  2.481149E+02
 3.300000E+02  1.896630E+02  1.896703E+02  2.481973E+02
 3.302500E+02  1.896902E+02  1.896975E+02  2.482798E+02
 3.305000E+02  1.897174E+02  1.897247E+02  2.483621E+02
 3.307500E+02  1.897446E+02  1.897519E+02  2.484444E+02
 3.310000E+02  1.897718E+02  1.897791E+02  2.485267E+02
 3.312500E+02  1.897990E+02  1.898064E+02  2.486088E+02
 3.315000E+02  1.898263E+02  1.898336E+02  2.486910E+02
 3.317500E+02  1.898535E+02  1.898608E+02  2.487730E+02
 3.320000E+02  1.898807E+02  1.898880E+02  2.488550E+02
 3.322500E+02  1.899079E+02  1.899152E+02  2.489370E+02
 3.325000E+02  1.899351E+02  1.899424E+02  2.490189E+02
 3.327500E+02  1.899623E+02  1.899697E+02  2.491007E+02
 3.330000E+02  1.899896E+02  1.899969E+02  2.491825E+02
 3.332500E+02  1.900168E+02  1.900241E+02  2.492642E+02
 3.335000E+02  1.900440E+02  1.900513E+02  2.493459E+02
 3.337500E+02  1.900712E+02  1.900786E+02  2.494275E+02
 3.340000E+02  1.900985E+02  1.901058E+02  2.495091E+02
 3.342500E+02  1.901257E+02  1.901330E+02  2.495906E+02
 3.345000E+02  1.901529E+02  1.901603E+02  2.496720E+02
 3.347500E+02  1.901802E+02  1.901875E+02  2.497534E+02
 3.350000E+02  1.902074E+02  1.902147E+02  2.498347E+02
 3.352500E+02  1.902346E+02  1.902420E+02  2.499160E+02
 3.355000E+02  1.902619E+02  1.902692E+02  2.499972E+02
 3.357500E+02  1.902891E+02  1.902965E+02  2.500784E+02
 3.360000E+02  1.903164E+02  1.903237E+02  2.501595E+02
 3.362500E+02  1.903436E+02  1.903510E+02  2.502406E+02
 3.365000E+02  1.903709E+02  1.903782E+02  2.503216E+02
 3.367500E+02  1.903981E+02  1.904055E+02  2.504026E+02
 3.370000E+02  1.904254E+02  1.904327E+02  2.504835E+02
 3.372500E+02  1.904526E+02  1.904600E+02  2.505643E+02
 3.375000E+02  1.904799E+02  1.904872E+02  2.506451E+02
 3.377500E+02  1.905072E+02  1.905145E+02  2.507259E+02
 3.380000E+02  1.905344E+02  1.905418E+02  2.508066E+02
 3.382500E+02  1.905617E+02  1.905690E+02  2.508872E+02
 3.385000E+02  1.905890E+02  1.905963E+02  2.509678E+02
 3.387500E+02  1.906162E+02  1.906236E+02  2.510483E+02
 3.390000E+02  1.906435E+02  1.906508E+02  2.511288E+02
 3.392500E+02  1.906708E+02  1.906781E+02  2.512093E+02
 3.395000E+02  1.906981E+02  1.907054E+02  2.512897E+02
 3.397500E+02  1.907253E+02  1.907327E+02  2.513700E+02
 3.400000E+02  1.907526E+02  1.907600E+02  2.514503E+02
 3.402500E+02  1.907799E+02  1.907873E+02  2.515305E+02
 3.405000E+02  1.908072E+02  1.908146E+02  2.516107E+02
 3.407500E+02  1.908345E+02  1.908419E+02  2.516908E+02
 3.410000E+02  1.908618E+02  1.908692E+02  2.517709E+02
 3.412500E+02  1.908891E+02  1.908965E+02  2.518510E+02
 3.415000E+02  1.909164E+02  1.909238E+02  2.519309E+02
 3.417500E+02  1.909437E+02  1.909511E+02  2.520109E+02
 3.420000E+02  1.909710E+02  1.909784E+02  2.520908E+02
 3.422500E+02  1.909984E+02  1.910057E+02  2.521706E+02
 3.425000E+02  1.910257E+02  1.910330E+02  2.522504E+02
 3.427500E+02  1.910530E+02  1.910603E+02  2.523302E+02
 3.430000E+02  1.910803E+02  1.910877E+02  2.524098E+02
 3.432500E+02  1.911076E+02  1.911150E+02  2.524895E+02
 3.435000E+02  1.911350E+02  1.911423E+02  2.525691E+02
 3.437500E+02  1.911623E+02  1.911697E+02  2.526486E+02
 3.440000E+02  1.911897E+02  1.911970E+02  2.527282E+02
 3.442500E+02  1.912170E+02  1.912243E+02  2.528076E+02
 3.445000E+02  1.912443E+02  1.912517E+02  2.528870E+02
 3.447500E+02  1.912717E+02  1.912790E+02  2.529664E+02
 3.450000E+02  1.912990E+02  1.913064E+02  2.530457E+02
 3.452500E+02  1.913264E+02  1.913338E+02  2.531250E+02
 3.455000E+02  1.913538E+02  1.913611E+02  2.532042E+02
 3.457500E+02  1.913811E+02  1.913885E+02  2.532834E+02
 3.460000E+02  1.914085E+02  1.914159E+02  2.533625E+02
 3.462500E+02  1.914359E+02  1.914432E+02  2.534416E+02
 3.465000E+02  1.914632E+02  1.914706E+02  2.535206E+02
 3.467500E+02  1.914906E+02  1.914980E+02  2.535996E+02
 3.470000E+02  1.915180E+02  1.915254E+02  2.536786E+02
 3.472500E+02  1.915454E+02  1.915528E+02  2.537575E+02
 3.475000E+02  1.915728E+02  1.915802E+02  2.538364E+02
 3.477500E+02  1.916002E+02  1.916076E+02  2.539152E+02
 3.480000E+02  1.916276E+02  1.916350E+02  2.539939E+02
 3.482500E+02  1.916550E+02  1.916624E+02  2.540727E+02
 3.485000E+02  1.916824E+02  1.916898E+02  2.541514E+02
 3.487500E+02  1.917098E+02  1.917172E+02  2.542300E+02
 3.490000E+02  1.917373E+02  1.917446E+02  2.543086E+02
 3.492500E+02  1.917647E+02  1.917720E+02  2.543871E+02
 3.495000E+02  1.917921E+02  1.917995E+02  2.544657E+02
 3.497500E+02  1.918195E+02  1.918269E+02  2.545441E+02
 3.500000E+02  1.918470E+02  1.918543E+02  2.546225E+02
 3.502500E+02  1.918744E+02  1.918818E+02  2.547009E+02
 3.505000E+02  1.919019E+02  1.919092E+02  2.547793E+02
 3.507500E+02  1.919293E+02  1.919367E+02  2.548576E+02
 3.510000E+02  1.919568E+02  1.919641E+02  2.549358E+02
 3.512500E+02  1.919842E+02  1.919916E+02  2.550140E+02
 3.515000E+02  1.920117E+02  1.920191E+02  2.550922E+02
 3.517500E+02  1.920392E+02  1.920465E+02  2.551703E+02
 3.520000E+02  1.920666E+02  1.920740E+02  2.552484E+02
 3.522500E+02  1.920941E+02  1.921015E+02  2.553264E+02
 3.525000E+02  1.921216E+02  1.921290E+02  2.554044E+02
 3.527500E+02  1.921491E+02  1.921565E+02  2.554824E+02
 3.530000E+02  1.921766E+02  1.921840E+02  2.555603E+02
 3.532500E+02  1.922041E+02  1.922115E+02  2.556382E+02
 3.535000E+02  1.922316E+02  1.922390E+02  2.557160E+02
 3.537500E+02  1.922591E+02  1.922665E+02  2.557938E+02
 3.540000E+02  1.922866E+02  1.922940E+02  2.558716E+02
 3.542500E+02  1.923141E+02  1.923215E+02  2.559493E+02
 3.545000E+02  1.923417E+02  1.923490E+02  2.560269E+02
 3.547500E+02  1.923692E+02  1.923766E+02  2.561046E+02
 3.550000E+02  1.923967E+02  1.924041E+02  2.561822E+02
 3.552500E+02  1.924243E+02  1.924316E+02  2.562597E+02
 3.555000E+02  1.924518E+02  1.924592E+02  2.563372E+02
 3.557500E+02  1.924794E+02  1.924867E+02  2.564147E+02
 3.560000E+02  1.925069E+02  1.925143E+02  2.564921E+02
 3.562500E+02  1.925345E+02  1.925419E+02  2.565695E+02
 3.565000E+02  1.925620E+02  1.925694E+02  2.566469E+02
 3.567500E+02  1.925896E+02  1.925970E+02  2.567242E+02
 3.570000E+02  1.926172E+02  1.926246E+02  2.568015E+02
 3.572500E+02  1.926448E+02  1.926522E+02  2.568787E+02
 3.575000E+02  1.926724E+02  1.926797E+02  2.569559E+02
 3.577500E+02  1.926999E+02  1.927073E+02  2.570331E+02
 3.580000E+02  1.927275E+02  1.927349E+02  2.571102E+02
 3.582500E+02  1.927552E+02  1.927625E+02  2.571873E+02
 3.585000E+02  1.927828E+02  1.927902E+02  2.572643E+02
 3.587500E+02  1.928104E+02  1.928178E+02  2.573413E+02
 3.590000E+02  1.928380E+02  1.928454E+02  2.574183E+02
 3.592500E+02  1.928656E+02  1.928730E+02  2.574952E+02
 3.595000E+02  1.928933E+02  1.929007E+02  2.575721E+02
 3.597500E+02  1.929209E+02  1.929283E+02  2.576490E+02
 3.600000E+02  1.929485E+02  1.929559E+02  2.577258E+02
 3.602500E+02  1.929762E+02  1.929836E+02  2.578026E+02
 3.605000E+02  1.930039E+02  1.930112E+02  2.578793E+02
 3.607500E+02  1.930315E+02  1.930389E+02  2.579560E+02
 3.610000E+02  1.930592E+02  1.930666E+02  2.580327E+02
 3.612500E+02  1.930869E+02  1.930943E+02  2.581093E+02
 3.615000E+02  1.931145E+02  1.931219E+02  2.581859E+02
 3.617500E+02  1.931422E+02  1.931496E+02  2.582625E+02
 3.620000E+02  1.931699E+02  1.931773E+02  2.583390E+02
 3.622500E+02  1.931976E+02  1.932050E+02  2.584155E+02
 3.625000E+02  1.932253E+02  1.932327E+02  2.584920E+02
 3.627500E+02  1.932530E+02  1.932604E+02  2.585684E+02
 3.630000E+02  1.932807E+02  1.932881E+02  2.586447E+02
 3.632500E+02  1.933085E+02  1.933159E+02  2.587211E+02
 3.635000E+02  1.933362E+02  1.933436E+02  2.587974E+02
 3.637500E+02  1.933639E+02  1.933713E+02  2.588737E+02
 3.640000E+02  1.933917E+02  1.933991E+02  2.589499E+02
 3.642500E+02  1.934194E+02  1.934268E+02  2.590261E+02
 3.645000E+02  1.934472E+02  1.934546E+02  2.591023E+02
 3.647500E+02  1.934749E+02  1.934823E+02  2.591784E+02
 3.650000E+02  1.935027E+02  1.935101E+02  2.592545E+02
 3.652500E+02  1.935305E+02  1.935379E+02  2.593306E+02
 3.655000E+02  1.935582E+02  1.935656E+02  2.594066E+02
 3.657500E+02  1.935860E+02  1.935934E+02  2.594826E+02
 3.660000E+02  1.936138E+02  1.936212E+02  2.595586E+02
 3.662500E+02  1.936416E+02  1.936490E+02  2.596345E+02
 3.665000E+02  1.936694E+02  1.936768E+02  2.597104E+02
 3.667500E+02  1.936972E+02  1.937046E+02  2.597862E+02
 3.670000E+02  1.937250E+02  1.937325E+02  2.598621E+02
 3.672500E+02  1.937529E+02  1.937603E+02  2.599378E+02
 3.675000E+02  1.937807E+02  1.937881E+02  2.600136E+02
 3.677500E+02  1.938085E+02  1.938159E+02  2.600893E+02
 3.680000E+02  1.938364E+02  1.938438E+02  2.601650E+02
 3.682500E+02  1.938642E+02  1.938716E+02  2.602407E+02
 3.685000E+02  1.938921E+02  1.938995E+02  2.603163E+02
 3.687500E+02  1.939199E+02  1.939274E+02  2.603919E+02
 3.690000E+02  1.939478E+02  1.939552E+02  2.604674E+02
 3.692500E+02  1.939757E+02  1.939831E+02  2.605429E+02
 3.695000E+02  1.940036E+02  1.940110E+02  2.606184E+02
 3.697500E+02  1.940315E+02  1.940389E+02  2.606939E+02
 3.700000E+02  1.940593E+02  1.940668E+02  2.607693E+02
 3.702500E+02  1.940873E+02  1.940947E+02  2.608447E+02
 3.705000E+02  1.941152E+02  1.941226E+02  2.609200E+02
 3.707500E+02  1.941431E+02  1.941505E+02  2.609954E+02
 3.710000E+02  1.941710E+02  1.941784E+02  2.610707E+02
 3.712500E+02  1.941989E+02  1.942064E+02  2.611459E+02
 3.715000E+02  1.942269E+02  1.942343E+02  2.612212E+02
 3.717500E+02  1.942548E+02  1.942622E+02  2.612964E+02
 3.720000E+02  1.942828E+02  1.942902E+02  2.613715E+02
 3.722500E+02  1.943107E+02  1.943182E+02  2.614466E+02
 3.725000E+02  1.943387E+02  1.943461E+02  2.615217E+02
 3.727500E+02  1.943667E+02  1.943741E+02  2.615968E+02
 3.730000E+02  1.943946E+02  1.944021E+02  2.616719E+02
 3.732500E+02  1.944226E+02  1.944301E+02  2.617469E+02
 3.735000E+02  1.944506E+02  1.944581E+02  2.618218E+02
 3.737500E+02  1.944786E+02  1.944861E+02  2.618968E+02
 3.740000E+02  1.945066E+02  1.945141E+02  2.619717E+02
 3.742500E+02  1.945346E+02  1.945421E+02  2.620466E+02
 3.745000E+02  1.945627E+02  1.945701E+02  2.621214E+02
 3.747500E+02  1.945907E+02  1.945981E+02  2.621962E+02
 3.750000E+02  1.946187E+02  1.946262E+02  2.622710E+02
 3.752500E+02  1.946468E+02  1.946542E+02  2.623458E+02
 3.755000E+02  1.946748E+02  1.946823E+02  2.624205E+02
 3.757500E+02  1.947029E+02  1.947103E+02  2.624952E+02
 3.760000E+02  1.947309E+02  1.947384E+02  2.625699E+02
 3.762500E+02  1.947590E+02  1.947665E+02  2.626445E+02
 3.765000E+02  1.947871E+02  1.947945E+02  2.627191E+02
 3.767500E+02  1.948152E+02  1.948226E+02  2.627937E+02
 3.770000E+02  1.948433E+02  1.948507E+02  2.628682E+02
 3.772500E+02  1.948714E+02  1.948788E+02  2.629427E+02
 3.775000E+02  1.948995E+02  1.949069E+02  2.630172E+02
 3.777500E+02  1.949276E+02  1.949350E+02  2.630917E+02
 3.780000E+02  1.949557E+02  1.949632E+02  2.631661E+02
 3.782500E+02  1.949838E+02  1.949913E+02  2.632405E+02
 3.785000E+02  1.950120E+02  1.950194E+02  2.633149E+02
 3.787500E+02  1.950401E+02  1.950476E+02  2.633892E+02
 3.790000E+02  1.950683E+02  1.950757E+02  2.634635E+02
 3.792500E+02  1.950964E+02  1.951039E+02  2.635378E+02
 3.795000E+02  1.951246E+02  1.951321E+02  2.636120E+02
 3.797500E+02  1.951528E+02  1.951602E+02  2.636863E+02
 3.800000E+02  1.951810E+02  1.951884E+02  2.637604E+02
 3.802500E+02  1.952091E+02  1.952166E+02  2.638346E+02
 3.805000E+02  1.952373E+02  1.952448E+02  2.639087E+02
 3.807500E+02  1.952655E+02  1.952730E+02  2.639828E+02
 3.810000E+02  1.952938E+02  1.953012E+02  2.640569E+02
 3.812500E+02  1.953220E+02  1.953294E+02  2.641310E+02
 3.815000E+02  1.953502E+02  1.953577E+02  2.642050E+02
 3.817500E+02  1.953784E+02  1.953859E+02  2.642790E+02
 3.820000E+02  1.954067E+02  1.954142E+02  2.643529E+02
 3.822500E+02  1.954349E+02  1.954424E+02  2.644269E+02
 3.825000E+02  1.954632E+02  1.954707E+02  2.645008E+02
 3.827500E+02  1.954915E+02  1.954989E+02  2.645746E+02
 3.830000E+02  1.955197E+02  1.955272E+02  2.646485E+02
 3.832500E+02  1.955480E+02  1.955555E+02  2.647223E+02
 3.835000E+02  1.955763E+02  1.955838E+02  2.647961E+02
 3.837500E+02  1.956046E+02  1.956121E+02  2.648699E+02
 3.840000E+02  1.956329E+02  1.956404E+02  2.649436E+02
 3.842500E+02  1.956612E+02  1.956687E+02  2.650173E+02
 3.845000E+02  1.956895E+02  1.956970E+02  2.650910E+02
 3.847500E+02  1.957179E+02  1.957253E+02  2.651646E+02
 3.850000E+02  1.957462E+02  1.957537E+02  2.652383E+02
 3.852500E+02  1.957745E+02  1.957820E+02  2.653119E+02
 3.855000E+02  1.958029E+02  1.958104E+02  2.653854E+02
 3.857500E+02  1.958313E+02  1.958387E+02  2.654590E+02
 3.860000E+02  1.958596E+02  1.958671E+02  2.655325E+02
 3.862500E+02  1.958880E+02  1.958955E+02  2.656060E+02
 3.865000E+02  1.959164E+02  1.959239E+02  2.656794E+02
 3.867500E+02  1.959448E+02  1.959523E+02  2.657529E+02
 3.870000E+02  1.959732E+02  1.959806E+02  2.658263E+02
 3.872500E+02  1.960016E+02  1.960091E+02  2.658997E+02
 3.875000E+02  1.960300E+02  1.960375E+02  2.659730E+02
 3.877500E+02  1.960584E+02  1.960659E+02  2.660463E+02
 3.880000E+02  1.960868E+02  1.960943E+02  2.661196E+02
 3.882500E+02  1.961153E+02  1.961228E+02  2.661929E+02
 3.885000E+02  1.961437E+02  1.961512E+02  2.662662E+02
 3.887500E+02  1.961722E+02  1.961797E+02  2.663394E+02
 3.890000E+02  1.962006E+02  1.962081E+02  2.664126E+02
 3.892500E+02  1.962291E+02  1.962366E+02  2.664857E+02
 3.895000E+02  1.962576E+02  1.962651E+02  2.665589E+02
 3.897500E+02  1.962861E+02  1.962936E+02  2.666320E+02
 3.900000E+02  1.963146E+02  1.963221E+02  2.667051E+02
 3.902500E+02  1.963431E+02  1.963506E+02  2.667782E+02
 3.905000E+02  1.963716E+02  1.963791E+02  2.668512E+02
 3.907500E+02  1.964001E+02  1.964076E+02  2.669242E+02
 3.910000E+02  1.964286E+02  1.964361E+02  2.669972E+02
 3.912500E+02  1.964572E+02  1.964647E+02  2.670702E+02
 3.915000E+02  1.964857E+02  1.964932E+02  2.671431E+02
 3.917500E+02  1.965143E+02  1.965218E+02  2.672160E+02
 3.920000E+02  1.965428E+02  1.965503E+02  2.672889E+02
 3.922500E+02  1.965714E+02  1.965789E+02  2.673617E+02
 3.925000E+02  1.966000E+02  1.966075E+02  2.674346E+02
 3.927500E+02  1.966286E+02  1.966361E+02  2.675074E+02
 3.930000E+02  1.966572E+02  1.966647E+02  2.675802E+02
 3.932500E+02  1.966858E+02  1.966933E+02  2.676529E+02
 3.935000E+02  1.967144E+02  1.967219E+02  2.677256E+02
 3.937500E+02  1.967430E+02  1.967505E+02  2.677983E+02
 3.940000E+02  1.967716E+02  1.967791E+02  2.678710E+02
 3.942500E+02  1.968002E+02  1.968077E+02  2.679437E+02
 3.945000E+02  1.968289E+02  1.968364E+02  2.680163E+02
 3.947500E+02  1.968575E+02  1.968650E+02  2.680889E+02
 3.950000E+02  1.968862E+02  1.968937E+02  2.681615E+02
 3.952500E+02  1.969149E+02  1.969224E+02  2.682340E+02
 3.955000E+02  1.969435E+02  1.969510E+02  2.683066E+02
 3.957500E+02  1.969722E+02  1.969797E+02  2.683791E+02
 3.960000E+02  1.970009E+02  1.970084E+02  2.684516E+02
 3.962500E+02  1.970296E+02  1.970371E+02  2.685240E+02
 3.965000E+02  1.970583E+02  1.970658E+02  2.685965E+02
 3.967500E+02  1.970870E+02  1.970946E+02  2.686689E+02
 3.970000E+02  1.971158E+02  1.971233E+02  2.687412E+02
 3.972500E+02  1.971445E+02  1.971520E+02  2.688136E+02
 3.975000E+02  1.971732E+02  1.971808E+02  2.688859E+02
 3.977500E+02  1.972020E+02  1.972095E+02  2.689582E+02
 3.980000E+02  1.972308E+02  1.972383E+02  2.690305E+02
 3.982500E+02  1.972595E+02  1.972670E+02  2.691028E+02
 3.985000E+02  1.972883E+02  1.972958E+02  2.691750E+02
 3.987500E+02  1.973171E+02  1.973246E+02  2.692472E+02
 3.990000E+02  1.973459E+02  1.973534E+02  2.693194E+02
 3.992500E+02  1.973747E+02  1.973822E+02  2.693916E+02
 3.995000E+02  1.974035E+02  1.974110E+02  2.694637E+02
 3.997500E+02  1.974323E+02  1.974398E+02  2.695359E+02
 4.000000E+02  1.974611E+02  1.974687E+02  2.696079E+02
 4.002500E+02  1.974900E+02  1.974975E+02  2.696800E+02
 4.005000E+02  1.975188E+02  1.975263E+02  2.697521E+02
 4.007500E+02  1.975477E+02  1.975552E+02  2.698241E+02
 4.010000E+02  1.975765E+02  1.975841E+02  2.698961E+02
 4.012500E+02  1.976054E+02  1.976129E+02  2.699681E+02
 4.015000E+02  1.976343E+02  1.976418E+02  2.700400E+02
 4.017500E+02  1.976632E+02  1.976707E+02  2.701119E+02
 4.020000E+02  1.976921E+02  1.976996E+02  2.701839E+02
 4.022500E+02  1.977210E+02  1.977285E+02  2.702557E+02
 4.025000E+02  1.977499E+02  1.977574E+02  2.703276E+02
 4.027500E+02  1.977788E+02  1.977863E+02  2.703994E+02
 4.030000E+02  1.978077E+02  1.978153E+02  2.704712E+02
 4.032500E+02  1.978367E+02  1.978442E+02  2.705430E+02
 4.035000E+02  1.978656E+02  1.978732E+02  2.706148E+02
 4.037500E+02  1.978946E+02  1.979021E+02  2.706865E+02
 4.040000E+02  1.979236E+02  1.979311E+02  2.707583E+02
 4.042500E+02  1.979525E+02  1.979601E+02  2.708300E+02
 4.045000E+02  1.979815E+02  1.979890E+02  2.709016E+02
 4.047500E+02  1.980105E+02  1.980180E+02  2.709733E+02
 4.050000E+02  1.980395E+02  1.980470E+02  2.710449E+02
 4.052500E+02  1.980685E+02  1.980760E+02  2.711165E+02
 4.055000E+02  1.980975E+02  1.981051E+02  2.711881E+02
 4.057500E+02  1.981266E+02  1.981341E+02  2.712597E+02
 4.060000E+02  1.981556E+02  1.981631E+02  2.713312E+02
 4.062500E+02  1.981846E+02  1.981922E+02  2.714027E+02
 4.065000E+02  1.982137E+02  1.982212E+02  2.714742E+02
 4.067500E+02  1.982428E+02  1.982503E+02  2.715457E+02
 4.070000E+02  1.982718E+02  1.982794E+02  2.716171E+02
 4.072500E+02  1.983009E+02  1.983084E+02  2.716886E+02
 4.075000E+02  1.983300E+02  1.983375E+02  2.717600E+02
 4.077500E+02  1.983591E+02  1.983666E+02  2.718314E+02
 4.080000E+02  1.983882E+02  1.983957E+02  2.719027E+02
 4.082500E+02  1.984173E+02  1.984248E+02  2.719741E+02
 4.085000E+02  1.984464E+02  1.984540E+02  2.720454E+02
 4.087500E+02  1.984756E+02  1.984831E+02  2.721167E+02
 4.090000E+02  1.985047E+02  1.985122E+02  2.721879E+02
 4.092500E+02  1.985338E+02  1.985414E+02  2.722592E+02
 4.095000E+02  1.985630E+02  1.985706E+02  2.723304E+02
 4.097500E+02  1.985922E+02  1.985997E+02  2.724016E+02
 4.100000E+02  1.986213E+02  1.986289E+02  2.724728E+02
 4.102500E+02  1.986505E+02  1.986581E+02  2.725440E+02
 4.105000E+02  1.986797E+02  1.986873E+02  2.726151E+02
 4.107500E+02  1.987089E+02  1.987165E+02  2.726862E+02
 4.110000E+02  1.987381E+02  1.987457E+02  2.727573E+02
 4.112500E+02  1.987674E+02  1.987749E+02  2.728284E+02
 4.115000E+02  1.987966E+02  1.988041E+02  2.728994E+02
 4.117500E+02  1.988258E+02  1.988334E+02  2.729705E+02
 4.120000E+02  1.988551E+02  1.988626E+02  2.730415E+02
 4.122500E+02  1.988843E+02  1.988919E+02  2.731125E+02
 4.125000E+02  1.989136E+02  1.989212E+02  2.731834E+02
 4.127500E+02  1.989429E+02  1.989504E+02  2.732544E+02
 4.130000E+02  1.989721E+02  1.989797E+02  2.733253E+02
 4.132500E+02  1.990014E+02  1.990090E+02  2.733962E+02
 4.135000E+02  1.990307E+02  1.990383E+02  2.734671E+02
 4.137500E+02  1.990600E+02  1.990676E+02  2.735380E+02
 4.140000E+02  1.990894E+02  1.990969E+02  2.736088E+02
 4.142500E+02  1.991187E+02  1.991263E+02  2.736796E+02
 4.145000E+02  1.991480E+02  1.991556E+02  2.737504E+02
 4.147500E+02  1.991774E+02  1.991849E+02  2.738212E+02
 4.150000E+02  1.992067E+02  1.992143E+02  2.738920E+02
 4.152500E+02  1.992361E+02  1.992437E+02  2.739627E+02
 4.155000E+02  1.992655E+02  1.992730E+02  2.740334E+02
 4.157500E+02  1.992948E+02  1.993024E+02  2.741041E+02
 4.160000E+02  1.993242E+02  1.993318E+02  2.741748E+02
 4.162500E+02  1.993536E+02  1.993612E+02  2.742454E+02
 4.165000E+02  1.993830E+02  1.993906E+02  2.743161E+02
 4.167500E+02  1.994125E+02  1.994200E+02  2.743867E+02
 4.170000E+02  1.994419E+02  1.994495E+02  2.744573E+02
 4.172500E+02  1.994713E+02  1.994789E+02  2.745278E+02
 4.175000E+02  1.995008E+02  1.995083E+02  2.745984E+02
 4.177500E+02  1.995302E+02  1.995378E+02  2.746689E+02
 4.180000E+02  1.995597E+02  1.995673E+02  2.747394E+02
 4.182500E+02  1.995892E+02  1.995967E+02  2.748099E+02
 4.185000E+02  1.996186E+02  1.996262E+02  2.748804E+02
 4.187500E+02  1.996481E+02  1.996557E+02  2.749508E+02
 4.190000E+02  1.996776E+02  1.996852E+02  2.750212E+02
 4.192500E+02  1.997071E+02  1.997147E+02  2.750916E+02
 4.195000E+02  1.997366E+02  1.997442E+02  2.751620E+02
 4.197500E+02  1.997662E+02  1.997737E+02  2.752324E+02
 4.200000E+02  1.997957E+02  1.998033E+02  2.753027E+02
 4.202500E+02  1.998252E+02  1.998328E+02  2.753730E+02
 4.205000E+02  1.998548E+02  1.998624E+02  2.754433E+02
 4.207500E+02  1.998844E+02  1.998919E+02  2.755136E+02
 4.210000E+02  1.999139E+02  1.999215E+02  2.755839E+02
 4.212500E+02  1.999435E+02  1.999511E+02  2.756541E+02
 4.215000E+02  1.999731E+02  1.999807E+02  2.757244E+02
 4.217500E+02  2.000027E+02  2.000103E+02  2.757946E+02
 4.220000E+02  2.000323E+02  2.000399E+02  2.758647E+02
 4.222500E+02  2.000619E+02  2.000695E+02  2.759349E+02
 4.225000E+02  2.000915E+02  2.000991E+02  2.760050E+02
 4.227500E+02  2.001212E+02  2.001288E+02  2.760752E+02
 4.230000E+02  2.001508E+02  2.001584E+02  2.761453E+02
 4.232500E+02  2.001805E+02  2.001881E+02  2.762153E+02
 4.235000E+02  2.002101E+02  2.002177E+02  2.762854E+02
 4.237500E+02  2.002398E+02  2.002474E+02  2.763555E+02
 4.240000E+02  2.002695E+02  2.002771E+02  2.764255E+02
 4.242500E+02  2.002992E+02  2.003068E+02  2.764955E+02
 4.245000E+02  2.003289E+02  2.003365E+02  2.765655E+02
 4.247500E+02  2.003586E+02  2.003662E+02  2.766354E+02
 4.250000E+02  2.003883E+02  2.003959E+02  2.767054E+02
 4.252500E+02  2.004180E+02  2.004256E+02  2.767753E+02
 4.255000E+02  2.004478E+02  2.004554E+02  2.768452E+02
 4.257500E+02  2.004775E+02  2.004851E+02  2.769151E+02
 4.260000E+02  2.005073E+02  2.005149E+02  2.769850E+02
 4.262500E+02  2.005370E+02  2.005446E+02  2.770548E+02
 4.265000E+02  2.005668E+02  2.005744E+02  2.771246E+02
 4.267500E+02  2.005966E+02  2.006042E+02  2.771944E+02
 4.270000E+02  2.006264E+02  2.006340E+02  2.772642E+02
 4.272500E+02  2.006562E+02  2.006638E+02  2.773340E+02
 4.275000E+02  2.006860E+02  2.006936E+02  2.774038E+02
 4.277500E+02  2.007158E+02  2.007234E+02  2.774735E+02
 4.280000E+02  2.007456E+02  2.007532E+02  2.775432E+02
 4.282500E+02  2.007755E+02  2.007831E+02  2.776129E+02
 4.285000E+02  2.008053E+02  2.008129E+02  2.776826E+02
 4.287500E+02  2.008352E+02  2.008428E+02  2.777522E+02
 4.290000E+02  2.008650E+02  2.008726E+02  2.778219E+02
 4.292500E+02  2.008949E+02  2.009025E+02  2.778915E+02
 4.295000E+02  2.009248E+02  2.009324E+02  2.779611E+02
 4.297500E+02  2.009547E+02  2.009623E+02  2.780306E+02
 4.300000E+02  2.009846E+02  2.009922E+02  2.781002E+02
 4.302500E+02  2.010145E+02  2.010221E+02  2.781697E+02
 4.305000E+02  2.010444E+02  2.010520E+02  2.782393E+02
 4.307500E+02  2.010743E+02  2.010820E+02  2.783088E+02
 4.310000E+02  2.011043E+02  2.011119E+02  2.783783E+02
 4.312500E+02  2.011342E+02  2.011418E+02  2.784477E+02
 4.315000E+02  2.011642E+02  2.011718E+02  2.785172E+02
 4.317500E+02  2.011941E+02  2.012018E+02  2.785866E+02
 4.320000E+02  2.012241E+02  2.012317E+02  2.786560E+02
 4.322500E+02  2.012541E+02  2.012617E+02  2.787254E+02
 4.325000E+02  2.012841E+02  2.012917E+02  2.787948E+02
 4.327500E+02  2.013141E+02  2.013217E+02  2.788641E+02
 4.330000E+02  2.013441E+02  2.013517E+02  2.789335E+02
 4.332500E+02  2.013741E+02  2.013818E+02  2.790028E+02
 4.335000E+02  2.014042E+02  2.014118E+02  2.790721E+02
 4.337500E+02  2.014342E+02  2.014418E+02  2.791413E+02
 4.340000E+02  2.014643E+02  2.014719E+02  2.792106E+02
 4.342500E+02  2.014943E+02  2.015019E+02  2.792798E+02
 4.345000E+02  2.015244E+02  2.015320E+02  2.793491E+02
 4.347500E+02  2.015545E+02  2.015621E+02  2.794183E+02
 4.350000E+02  2.015845E+02  2.015922E+02  2.794875E+02
 4.352500E+02  2.016146E+02  2.016223E+02  2.795566E+02
 4.355000E+02  2.016447E+02  2.016524E+02  2.796258E+02
 4.357500E+02  2.016749E+02  2.016825E+02  2.796949E+02
 4.360000E+02  2.017050E+02  2.017126E+02  2.797640E+02
 4.362500E+02  2.017351E+02  2.017427E+02  2.798331E+02
 4.365000E+02  2.017653E+02  2.017729E+02  2.799022E+02
 4.367500E+02  2.017954E+02  2.018030E+02  2.799712E+02
 4.370000E+02  2.018256E+02  2.018332E+02  2.800403E+02
 4.372500E+02  2.018557E+02  2.018634E+02  2.801093E+02
 4.375000E+02  2.018859E+02  2.018936E+02  2.801783E+02
 4.377500E+02  2.019161E+02  2.019237E+02  2.802473E+02
 4.380000E+02  2.019463E+02  2.019539E+02  2.803163E+02
 4.382500E+02  2.019765E+02  2.019842E+02  2.803852E+02
 4.385000E+02  2.020067E+02  2.020144E+02  2.804541E+02
 4.387500E+02  2.020370E+02  2.020446E+02  2.805230E+02
 4.390000E+02  2.020672E+02  2.020748E+02  2.805919E+02
 4.392500E+02  2.020974E+02  2.021051E+02  2.806608E+02
 4.395000E+02  2.021277E+02  2.021353E+02  2.807297E+02
 4.397500E+02  2.021580E+02  2.021656E+02  2.807985E+02
 4.400000E+02  2.021882E+02  2.021959E+02  2.808673E+02
 4.402500E+02  2.022185E+02  2.022262E+02  2.809361E+02
 4.405000E+02  2.022488E+02  2.022564E+02  2.810049E+02
 4.407500E+02  2.022791E+02  2.022867E+02  2.810737E+02
 4.410000E+02  2.023094E+02  2.023171E+02  2.811425E+02
 4.412500E+02  2.023397E+02  2.023474E+02  2.812112E+02
 4.415000E+02  2.023701E+02  2.023777E+02  2.812799E+02
 4.417500E+02  2.024004E+02  2.024080E+02  2.813486E+02
 4.420000E+02  2.024307E+02  2.024384E+02  2.814173E+02
 4.422500E+02  2.024611E+02  2.024688E+02  2.814859E+02
 4.425000E+02  2.024915E+02  2.024991E+02  2.815546E+02
 4.427500E+02  2.025218E+02  2.025295E+02  2.816232E+02
 4.430000E+02  2.025522E+02  2.025599E+02  2.816918E+02
 4.432500E+02  2.025826E+02  2.025903E+02  2.817604E+02
 4.435000E+02  2.026130E+02  2.026207E+02  2.818290E+02
 4.437500E+02  2.026434E+02  2.026511E+02  2.818976E+02
 4.440000E+02  2.026739E+02  2.026815E+02  2.819661E+02
 4.442500E+02  2.027043E+02  2.027119E+02  2.820346E+02
 4.445000E+02  2.027347E+02  2.027424E+02  2.821031E+02
 4.447500E+02  2.027652E+02  2.027728E+02  2.821716E+02
 4.450000E+02  2.027956E+02  2.028033E+02  2.822401E+02
 4.452500E+02  2.028261E+02  2.028338E+02  2.823085E+02
 4.455000E+02  2.028566E+02  2.028643E+02  2.823770E+02
 4.457500E+02  2.028871E+02  2.028947E+02  2.824454E+02
 4.460000E+02  2.029176E+02  2.029252E+02  2.825138E+02
 4.462500E+02  2.029481E+02  2.029557E+02  2.825822E+02
 4.465000E+02  2.029786E+02  2.029863E+02  2.826505E+02
 4.467500E+02  2.030091E+02  2.030168E+02  2.827189E+02
 4.470000E+02  2.030397E+02  2.030473E+02  2.827872E+02
 4.472500E+02  2.030702E+02  2.030779E+02  2.828555E+02
 4.475000E+02  2.031008E+02  2.031084E+02  2.829238E+02
 4.477500E+02  2.031313E+02  2.031390E+02  2.829921E+02
 4.480000E+02  2.031619E+02  2.031696E+02  2.830604E+02
 4.482500E+02  2.031925E+02  2.032001E+02  2.831286E+02
 4.485000E+02  2.032231E+02  2.032307E+02  2.831968E+02
 4.487500E+02  2.032537E+02  2.032613E+02  2.832650E+02
 4.490000E+02  2.032843E+02  2.032919E+02  2.833332E+02
 4.492500E+02  2.033149E+02  2.033226E+02  2.834014E+02
 4.495000E+02  2.033455E+02  2.033532E+02  2.834696E+02
 4.497500E+02  2.033762E+02  2.033838E+02  2.835377E+02
 4.500000E+02  2.034068E+02  2.034145E+02  2.836058E+02
 4.502500E+02  2.034375E+02  2.034451E+02  2.836740E+02
 4.505000E+02  2.034681E+02  2.034758E+02  2.837420E+02
 4.507500E+02  2.034988E+02  2.035065E+02  2.838101E+02
 4.510000E+02  2.035295E+02  2.035372E+02  2.838782E+02
 4.512500E+02  2.035602E+02  2.035679E+02  2.839462E+02
 4.515000E+02  2.035909E+02  2.035986E+02  2.840142E+02
 4.517500E+02  2.036216E+02  2.036293E+02  2.840822E+02
 4.520000E+02  2.036523E+02  2.036600E+02  2.841502E+02
 4.522500E+02  2.036831E+02  2.036907E+02  2.842182E+02
 4.525000E+02  2.037138E+02  2.037215E+02  2.842862E+02
 4.527500E+02  2.037445E+02  2.037522E+02  2.843541E+02
 4.530000E+02  2.037753E+02  2.037830E+02  2.844220E+02
 4.532500E+02  2.038061E+02  2.038138E+02  2.844899E+02
 4.535000E+02  2.038369E+02  2.038445E+02  2.845578E+02
 4.537500E+02  2.038676E+02  2.038753E+02  2.846257E+02
 4.540000E+02  2.038984E+02  2.039061E+02  2.846936E+02
 4.542500E+02  2.039292E+02  2.039369E+02  2.847614E+02
 4.545000E+02  2.039601E+02  2.039678E+02  2.848292E+02
 4.547500E+02  2.039909E+02  2.039986E+02  2.848970E+02
 4.550000E+02  2.040217E+02  2.040294E+02  2.849648E+02
 4.552500E+02  2.040526E+02  2.040603E+02  2.850326E+02
 4.555000E+02  2.040834E+02  2.040911E+02  2.851003E+02
 4.557500E+02  2.041143E+02  2.041220E+02  2.851681E+02
 4.560000E+02  2.041452E+02  2.041529E+02  2.852358E+02
 4.562500E+02  2.041760E+02  2.041837E+02  2.853035E+02
 4.565000E+02  2.042069E+02  2.042146E+02  2.853712E+02
 4.567500E+02  2.042378E+02  2.042455E+02  2.854389E+02
 4.570000E+02  2.042687E+02  2.042764E+02  2.855065E+02
 4.572500E+02  2.042997E+02  2.043074E+02  2.855742E+02
 4.575000E+02  2.043306E+02  2.043383E+02  2.856418E+02
 4.577500E+02  2.043615E+02  2.043692E+02  2.857094E+02
 4.580000E+02  2.043925E+02  2.044002E+02  2.857770E+02
 4.582500E+02  2.044234E+02  2.044311E+02  2.858446E+02
 4.585000E+02  2.044544E+02  2.044621E+02  2.859121E+02
 4.587500E+02  2.044854E+02  2.044931E+02  2.859797E+02
 4.590000E+02  2.045164E+02  2.045241E+02  2.860472E+02
 4.592500E+02  2.045474E+02  2.045551E+02  2.861147E+02
 4.595000E+02  2.045784E+02  2.045861E+02  2.861822E+02
 4.597500E+02  2.046094E+02  2.046171E+02  2.862497E+02
 4.600000E+02  2.046404E+02  2.046481E+02  2.863172E+02
 4.602500E+02  2.046714E+02  2.046791E+02  2.863846E+02
 4.605000E+02  2.047025E+02  2.047102E+02  2.864520E+02
 4.607500E+02  2.047335E+02  2.047412E+02  2.865195E+02
 4.610000E+02  2.047646E+02  2.047723E+02  2.865868E+02
 4.612500E+02  2.324422E+02  2.362278E+02  3.548139E+02
 4.615000E+02  2.324701E+02  2.362577E+02  3.548788E+02
 4.617500E+02  2.324979E+02  2.362877E+02  3.549438E+02
 4.620000E+02  2.325258E+02  2.363177E+02  3.550087E+02
 4.622500E+02  2.325537E+02  2.363477E+02  3.550736E+02
 4.625000E+02  2.325816E+02  2.363777E+02  3.551385E+02
 4.627500E+02  2.326095E+02  2.364077E+02  3.552034E+02
 4.630000E+02  2.326374E+02  2.364378E+02  3.552683E+02
 4.632500E+02  2.326653E+02  2.364678E+02  3.553332E+02
 4.635000E+02  2.326933E+02  2.364978E+02  3.553980E+02
 4.637500E+02  2.327212E+02  2.365279E+02  3.554628E+02
 4.640000E+02  2.327492E+02  2.365580E+02  3.555277E+02
 4.642500E+02  2.327772E+02  2.365881E+02  3.555925E+02
 4.645000E+02  2.328051E+02  2.366181E+02  3.556572E+02
 4.647500E+02  2.328331E+02  2.366482E+02  3.557220E+02
 4.650000E+02  2.328611E+02  2.366783E+02  3.557868E+02
 4.652500E+02  2.328891E+02  2.367085E+02  3.558515E+02
 4.655000E+02  2.329171E+02  2.367386E+02  3.559163E+02
 4.657500E+02  2.329452E+02  2.367687E+02  3.559810E+02
 4.660000E+02  2.329732E+02  2.367989E+02  3.560457E+02
 4.662500E+02  2.330012E+02  2.368290E+02  3.561104E+02
 4.665000E+02  2.330293E+02  2.368592E+02  3.561751E+02
 4.667500E+02  2.330574E+02  2.368893E+02  3.562397E+02
 4.670000E+02  2.330854E+02  2.369195E+02  3.563044E+02
 4.672500E+02  2.331135E+02  2.369497E+02  3.563690E+02
 4.675000E+02  2.331416E+02  2.369799E+02  3.564336E+02
 4.677500E+02  2.331697E+02  2.370101E+02  3.564982E+02
 4.680000E+02  2.331978E+02  2.370404E+02  3.565628E+02
 4.682500E+02  2.332260E+02  2.370706E+02  3.566274E+02
 4.685000E+02  2.332541E+02  2.371008E+02  3.566920E+02
 4.687500E+02  2.332822E+02  2.371311E+02  3.567565E+02
 4.690000E+02  2.333104E+02  2.371613E+02  3.568210E+02
 4.692500E+02  2.333385E+02  2.371916E+02  3.568856E+02
 4.695000E+02  2.333667E+02  2.372219E+02  3.569501E+02
 4.697500E+02  2.333949E+02  2.372522E+02  3.570146E+02
 4.700000E+02  2.334231E+02  2.372825E+02  3.570791E+02
 4.702500E+02  2.334513E+02  2.373128E+02  3.571435E+02
 4.705000E+02  2.334795E+02  2.373431E+02  3.572080E+02
 4.707500E+02  2.335077E+02  2.373734E+02  3.572724E+02
 4.710000E+02  2.335359E+02  2.374038E+02  3.573368E+02
 4.712500E+02  2.335642E+02  2.374341E+02  3.574012E+02
 4.715000E+02  2.335924E+02  2.374645E+02  3.574656E+02
 4.717500E+02  2.336207E+02  2.374948E+02  3.575300E+02
 4.720000E+02  2.336489E+02  2.375252E+02  3.575944E+02
 4.722500E+02  2.336772E+02  2.375556E+02  3.576588E+02
 4.725000E+02  2.337055E+02  2.375860E+02  3.577231E+02
 4.727500E+02  2.337338E+02  2.376164E+02  3.577874E+02
 4.730000E+02  2.337621E+02  2.376468E+02  3.578517E+02
 4.732500E+02  2.337904E+02  2.376772E+02  3.579160E+02
 4.735000E+02  2.338187E+02  2.377076E+02  3.579803E+02
 4.737500E+02  2.338471E+02  2.377381E+02  3.580446E+02
 4.740000E+02  2.338754E+02  2.377685E+02  3.581089E+02
 4.742500E+02  2.339038E+02  2.377990E+02  3.581731E+02
 4.745000E+02  2.339321E+02  2.378295E+02  3.582373E+02
 4.747500E+02  2.339605E+02  2.378599E+02  3.583015E+02
 4.750000E+02  2.339889E+02  2.378904E+02  3.583657E+02
 4.752500E+02  2.340173E+02  2.379209E+02  3.584299E+02
 4.755000E+02  2.340457E+02  2.379514E+02  3.584941E+02
 4.757500E+02  2.340741E+02  2.379820E+02  3.585583E+02
 4.760000E+02  2.341025E+02  2.380125E+02  3.586224E+02
 4.762500E+02  2.341309E+02  2.380430E+02  3.586866E+02
 4.765000E+02  2.341593E+02  2.380736E+02  3.587507E+02
 4.767500E+02  2.341878E+02  2.381041E+02  3.588148E+02
 4.770000E+02  2.342163E+02  2.381347E+02  3.588789E+02
 4.772500E+02  2.342447E+02  2.381653E+02  3.589429E+02
 4.775000E+02  2.342732E+02  2.381958E+02  3.590070E+02
 4.777500E+02  2.343017E+02  2.382264E+02  3.590711E+02
 4.780000E+02  2.343302E+02  2.382570E+02  3.591351E+02
 4.782500E+02  2.343587E+02  2.382876E+02  3.591991E+02
 4.785000E+02  2.343872E+02  2.383183E+02  3.592631E+02
 4.787500E+02  2.344157E+02  2.383489E+02  3.593271E+02
 4.790000E+02  2.344442E+02  2.383795E+02  3.593911E+02
 4.792500E+02  2.344728E+02  2.384102E+02  3.594551E+02
 4.795000E+02  2.345013E+02  2.384408E+02  3.595190E+02
 4.797500E+02  2.345299E+02  2.384715E+02  3.595830E+02
 4.800000E+02  2.345585E+02  2.385022E+02  3.596469E+02
 4.802500E+02  2.345870E+02  2.385329E+02  3.597108E+02
 4.805000E+02  2.346156E+02  2.385636E+02  3.597747E+02
 4.807500E+02  2.346442E+02  2.385943E+02  3.598386E+02
 4.810000E+02  2.346728E+02  2.386250E+02  3.599025E+02
 4.812500E+02  2.347014E+02  2.386557E+02  3.599663E+02
 4.815000E+02  2.347301E+02  2.386864E+02  3.600302E+02
 4.817500E+02  2.347587E+02  2.387172E+02  3.600940E+02
 4.820000E+02  2.347874E+02  2.387479E+02  3.601578E+02
 4.822500E+02  2.348160E+02  2.387787E+02  3.602216E+02
 4.825000E+02  2.348447E+02  2.388095E+02  3.602854E+02
 4.827500E+02  2.348733E+02  2.388402E+02  3.603492E+02
 4.830000E+02  2.349020E+02  2.388710E+02  3.604129E+02
 4.832500E+02  2.349307E+02  2.389018E+02  3.604767E+02
 4.835000E+02  2.349594E+02  2.389326E+02  3.605404E+02
 4.837500E+02  2.349881E+02  2.389635E+02  3.606041E+02
 4.840000E+02  2.350168E+02  2.389943E+02  3.606679E+02
 4.842500E+02  2.350456E+02  2.390251E+02  3.607315E+02
 4.845000E+02  2.350743E+02  2.390560E+02  3.607952E+02
 4.847500E+02  2.351031E+02  2.390868E+02  3.608589E+02
 4.850000E+02  2.351318E+02  2.391177E+02  3.609225E+02
 4.852500E+02  2.351606E+02  2.391486E+02  3.609862E+02
 4.855000E+02  2.351894E+02  2.391794E+02  3.610498E+02
 4.857500E+02  2.352181E+02  2.392103E+02  3.611134E+02
 4.860000E+02  2.352469E+02  2.392412E+02  3.611770E+02
 4.862500E+02  2.352757E+02  2.392721E+02  3.612406E+02
 4.865000E+02  2.353046E+02  2.393031E+02  3.613042E+02
 4.867500E+02  2.353334E+02  2.393340E+02  3.613677E+02
 4.870000E+02  2.353622E+02  2.393649E+02  3.614313E+02
 4.872500E+02  2.353910E+02  2.393959E+02  3.614948E+02
 4.875000E+02  2.354199E+02  2.394268E+02  3.615583E+02
 4.877500E+02  2.354488E+02  2.394578E+02  3.616218E+02
 4.880000E+02  2.354776E+02  2.394888E+02  3.616853E+02
 4.882500E+02  2.355065E+02  2.395198E+02  3.617488E+02
 4.885000E+02  2.355354E+02  2.395507E+02  3.618123E+02
 4.887500E+02  2.355643E+02  2.395817E+02  3.618757E+02
 4.890000E+02  2.355932E+02  2.396128E+02  3.619391E+02
 4.892500E+02  2.356221E+02  2.396438E+02  3.620026E+02
 4.895000E+02  2.356510E+02  2.396748E+02  3.620660E+02
 4.897500E+02  2.356800E+02  2.397058E+02  3.621294E+02
 4.900000E+02  2.357089E+02  2.397369E+02  3.621927E+02
 4.902500E+02  2.357379E+02  2.397680E+02  3.622561E+02
 4.905000E+02  2.357668E+02  2.397990E+02  3.623195E+02
 4.907500E+02  2.357958E+02  2.398301E+02  3.623828E+02
 4.910000E+02  2.358248E+02  2.398612E+02  3.624461E+02
 4.912500E+02  2.358538E+02  2.398923E+02  3.625094E+02
 4.915000E+02  2.358828E+02  2.399234E+02  3.625727E+02
 4.917500E+02  2.359118E+02  2.399545E+02  3.626360E+02
 4.920000E+02  2.359408E+02  2.399856E+02  3.626993E+02
 4.922500E+02  2.359698E+02  2.400167E+02  3.627626E+02
 4.925000E+02  2.359988E+02  2.400479E+02  3.628258E+02
 4.927500E+02  2.360279E+02  2.400790E+02  3.628890E+02
 4.930000E+02  2.360569E+02  2.401102E+02  3.629522E+02
 4.932500E+02  2.360860E+02  2.401414E+02  3.630155E+02
 4.935000E+02  2.361151E+02  2.401725E+02  3.630786E+02
 4.937500E+02  2.361441E+02  2.402037E+02  3.631418E+02
 4.940000E+02  2.361732E+02  2.402349E+02  3.632050E+02
 4.942500E+02  2.362023E+02  2.402661E+02  3.632681E+02
 4.945000E+02  2.362314E+02  2.402973E+02  3.633313E+02
 4.947500E+02  2.362606E+02  2.403286E+02  3.633944E+02
 4.950000E+02  2.362897E+02  2.403598E+02  3.634575E+02
 4.952500E+02  2.363188E+02  2.403910E+02  3.635206E+02
 4.955000E+02  2.363480E+02  2.404223E+02  3.635837E+02
 4.957500E+02  2.363771E+02  2.404535E+02  3.636468E+02
 4.960000E+02  2.364063E+02  2.404848E+02  3.637098E+02
 4.962500E+02  2.364355E+02  2.405161E+02  3.637729E+02
 4.965000E+02  2.364646E+02  2.405474E+02  3.638359E+02
 4.967500E+02  2.364938E+02  2.405787E+02  3.638989E+02
 4.970000E+02  2.365230E+02  2.406100E+02  3.639619E+02
 4.972500E+02  2.365522E+02  2.406413E+02  3.640249E+02
 4.975000E+02  2.365814E+02  2.406726E+02  3.640879E+02
 4.977500E+02  2.366107E+02  2.407039E+02  3.641508E+02
 4.980000E+02  2.366399E+02  2.407353E+02  3.642138E+02
 4.982500E+02  2.366692E+02  2.407666E+02  3.642767E+02
 4.985000E+02  2.366984E+02  2.407980E+02  3.643396E+02
 4.987500E+02  2.367277E+02  2.408294E+02  3.644026E+02
 4.990000E+02  2.367569E+02  2.408607E+02  3.644654E+02
 4.992500E+02  2.367862E+02  2.408921E+02  3.645283E+02
 4.995000E+02  2.368155E+02  2.409235E+02  3.645912E+02
 4.997500E+02  2.368448E+02  2.409549E+02  3.646541E+02
 5.000000E+02  2.368741E+02  2.409863E+02  3.647169E+02
