#         T/K        V/dm^3  V(excl)/dm^3    alpha/K^-1        status
 2.500000E+02  6.965861E-02  6.571230E-02  4.618796E-04                                 112
 2.502500E+02  6.966666E-02  6.571230E-02  4.626802E-04                                 112
 2.505000E+02  6.967473E-02  6.571230E-02  4.634827E-04                                 112
 2.507500E+02  6.968280E-02  6.571230E-02  4.634306E-04                                 112
 2.510000E+02  6.969088E-02  6.571230E-02  4.633742E-04                                 112
 2.512500E+02  6.969895E-02  6.571230E-02  4.633147E-04                                 112
 2.515000E+02  6.970702E-02  6.571230E-02  4.632523E-04                                 112
 2.517500E+02  6.971509E-02  6.571230E-02  4.631869E-04                                 112
 2.520000E+02  6.972317E-02  6.571230E-02  4.631186E-04                                 112
 2.522500E+02  6.973124E-02  6.571230E-02  4.630474E-04                                 112
 2.525000E+02  6.973931E-02  6.571230E-02  4.629733E-04                                 112
 2.527500E+02  6.974738E-02  6.571230E-02  4.628964E-04                                 112
 2.530000E+02  6.975545E-02  6.571230E-02  4.628167E-04                                 112
 2.532500E+02  6.976353E-02  6.571230E-02  4.627343E-04                                 112
 2.535000E+02  6.977160E-02  6.571230E-02  4.626491E-04                                 112
 2.537500E+02  6.977967E-02  6.571230E-02  4.625612E-04                                 112
 2.540000E+02  6.978773E-02  6.571230E-02  4.624706E-04                                 112
 2.542500E+02  6.979580E-02  6.571230E-02  4.623774E-04                                 112
 2.545000E+02  6.980387E-02  6.571230E-02  4.622816E-04                                 112
 2.547500E+02  6.981194E-02  6.571230E-02  4.621832E-04                                 112
 2.550000E+02  6.982000E-02  6.571230E-02  4.620822E-04                                 112
 2.552500E+02  6.982807E-02  6.571230E-02  4.619788E-04                                 112
 2.555000E+02  6.983613E-02  6.571230E-02  4.618728E-04                                 112
 2.557500E+02  6.984420E-02  6.571230E-02  4.617644E-04                                 112
 2.560000E+02  6.985226E-02  6.571230E-02  4.616536E-04                                 112
 2.562500E+02  6.986032E-02  6.571230E-02  4.615404E-04                                 112
 2.565000E+02  6.986838E-02  6.571230E-02  4.614248E-04                                 112
 2.567500E+02  6.987644E-02  6.571230E-02  4.613069E-04                                 112
 2.570000E+02  6.988450E-02  6.571230E-02  4.611867E-04                                 112
 2.572500E+02  6.989255E-02  6.571230E-02  4.610642E-04                                 112
 2.575000E+02  6.990061E-02  6.571230E-02  4.609394E-04                                 112
 2.577500E+02  6.990866E-02  6.571230E-02  4.608125E-04                                 112
 2.580000E+02  6.991672E-02  6.571230E-02  4.606834E-04                                 112
 2.582500E+02  6.992477E-02  6.571230E-02  4.605521E-04                                 112
 2.585000E+02  6.993282E-02  6.571230E-02  4.604187E-04                                 112
 2.587500E+02  6.994087E-02  6.571230E-02  4.602832E-04                                 112
 2.590000E+02  6.994892E-02  6.571230E-02  4.601457E-04                                 112
 2.592500E+02  6.995696E-02  6.571230E-02  4.600061E-04                                 112
 2.595000E+02  6.996501E-02  6.571230E-02  4.598645E-04                                 112
 2.597500E+02  6.997305E-02  6.571230E-02  4.597210E-04                                 112
 2.600000E+02  6.998109E-02  6.571230E-02  4.595755E-04                                 112
 2.602500E+02  6.998913E-02  6.571230E-02  4.594281E-04                                 112
 2.605000E+02  6.999717E-02  6.571230E-02  4.592788E-04                                 112
 2.607500E+02  7.000520E-02  6.571230E-02  4.591277E-04                                 112
 2.610000E+02  7.001324E-02  6.571230E-02  4.589747E-04                                 112
 2.612500E+02  7.002127E-02  6.571230E-02  4.588200E-04                                 112
 2.615000E+02  7.002930E-02  6.571230E-02  4.586634E-04                                 112
 2.617500E+02  7.003733E-02  6.571230E-02  4.585052E-04                                 112
 2.620000E+02  7.004536E-02  6.571230E-02  4.583452E-04                                 112
 2.622500E+02  7.005338E-02  6.571230E-02  4.581835E-04                                 112
 2.625000E+02  7.006141E-02  6.571230E-02  4.580202E-04                                 112
 2.627500E+02  7.006943E-02  6.571230E-02  4.578552E-04                                 112
 2.630000E+02  7.007745E-02  6.571230E-02  4.576887E-04                                 112
 2.632500E+02  7.008546E-02  6.571230E-02  4.575206E-04                                 112
 2.635000E+02  7.009348E-02  6.571230E-02  4.573509E-04                                 112
 2.637500E+02  7.010149E-02  6.571230E-02  4.571797E-04                                 112
 2.640000E+02  7.010950E-02  6.571230E-02  4.570070E-04                                 112
 2.642500E+02  7.011751E-02  6.571230E-02  4.568329E-04                                 112
 2.645000E+02  7.012552E-02  6.571230E-02  4.566573E-04                                 112
 2.647500E+02  7.013353E-02  6.571230E-02  4.564804E-04                                 112
 2.650000E+02  7.014153E-02  6.571230E-02  4.563020E-04                                 112
 2.652500E+02  7.014953E-02  6.571230E-02  4.561223E-04                                 112
 2.655000E+02  7.015753E-02  6.571230E-02  4.559412E-04                                 112
 2.657500E+02  7.016552E-02  6.571230E-02  4.557589E-04                                 112
 2.660000E+02  7.017352E-02  6.571230E-02  4.555753E-04                                 112
 2.662500E+02  7.018151E-02  6.571230E-02  4.553904E-04                                 112
 2.665000E+02  7.018950E-02  6.571230E-02  4.552043E-04                                 112
 2.667500E+02  7.019748E-02  6.571230E-02  4.550170E-04                                 112
 2.670000E+02  7.020547E-02  6.571230E-02  4.548285E-04                                 112
 2.672500E+02  7.021345E-02  6.571230E-02  4.546388E-04                                 112
 2.675000E+02  7.022143E-02  6.571230E-02  4.544481E-04                                 112
 2.677500E+02  7.022940E-02  6.571230E-02  4.542562E-04                                 112
 2.680000E+02  7.023738E-02  6.571230E-02  4.540633E-04                                 112
 2.682500E+02  7.024535E-02  6.571230E-02  4.538693E-04                                 112
 2.685000E+02  7.025332E-02  6.571230E-02  4.536743E-04                                 112
 2.687500E+02  7.026129E-02  6.571230E-02  4.534783E-04                                 112
 2.690000E+02  7.026925E-02  6.571230E-02  4.532813E-04                                 112
 2.692500E+02  7.027721E-02  6.571230E-02  4.530833E-04                                 112
 2.695000E+02  7.028517E-02  6.571230E-02  4.528844E-04                                 112
 2.697500E+02  7.029313E-02  6.571230E-02  4.526847E-04                                 112
 2.700000E+02  7.030108E-02  6.571230E-02  4.524840E-04                                 112
 2.702500E+02  7.030903E-02  6.571230E-02  4.522824E-04                                 112
 2.705000E+02  7.031698E-02  6.571230E-02  4.520801E-04                                 112
 2.707500E+02  7.032493E-02  6.571230E-02  4.518769E-04                                 112
 2.710000E+02  7.033287E-02  6.571230E-02  4.516729E-04                                 112
 2.712500E+02  7.034081E-02  6.571230E-02  4.514681E-04                                 112
 2.715000E+02  7.034875E-02  6.571230E-02  4.512626E-04                                 112
 2.717500E+02  7.035668E-02  6.571230E-02  4.510564E-04                                 112
 2.720000E+02  7.036462E-02  6.571230E-02  4.508494E-04                                 112
 2.722500E+02  7.037255E-02  6.571230E-02  4.506418E-04                                 112
 2.725000E+02  7.038047E-02  6.571230E-02  4.504335E-04                                 112
 2.727500E+02  7.038840E-02  6.571230E-02  4.502246E-04                                 112
 2.730000E+02  7.039632E-02  6.571230E-02  4.500151E-04                                 112
 2.732500E+02  7.040424E-02  6.571230E-02  4.498049E-04                                 112
 2.735000E+02  7.041215E-02  6.571230E-02  4.495942E-04                                 112
 2.737500E+02  7.042006E-02  6.571230E-02  4.493829E-04                                 112
 2.740000E+02  7.042797E-02  6.571230E-02  4.491711E-04                                 112
 2.742500E+02  7.043588E-02  6.571230E-02  4.489587E-04                                 112
 2.745000E+02  7.044379E-02  6.571230E-02  4.487459E-04                                 112
 2.747500E+02  7.045169E-02  6.571230E-02  4.485325E-04                                 112
 2.750000E+02  7.045959E-02  6.571230E-02  4.483188E-04                                 112
 2.752500E+02  7.046748E-02  6.571230E-02  4.481045E-04                                 112
 2.755000E+02  7.047537E-02  6.571230E-02  4.478899E-04                                 112
 2.757500E+02  7.048326E-02  6.571230E-02  4.476749E-04                                 112
 2.760000E+02  7.049115E-02  6.571230E-02  4.474594E-04                                 112
 2.762500E+02  7.049903E-02  6.571230E-02  4.472437E-04                                 112
 2.765000E+02  7.050692E-02  6.571230E-02  4.470275E-04                                 112
 2.767500E+02  7.051479E-02  6.571230E-02  4.468111E-04                                 112
 2.770000E+02  7.052267E-02  6.571230E-02  4.465943E-04                                 112
 2.772500E+02  7.053054E-02  6.571230E-02  4.463772E-04                                 112
 2.775000E+02  7.053841E-02  6.571230E-02  4.461599E-04                                 112
 2.777500E+02  7.054628E-02  6.571230E-02  4.459423E-04                                 112
 2.780000E+02  7.055414E-02  6.571230E-02  4.457245E-04                                 112
 2.782500E+02  7.056200E-02  6.571230E-02  4.455064E-04                                 112
 2.785000E+02  7.056986E-02  6.571230E-02  4.452882E-04                                 112
 2.787500E+02  7.057771E-02  6.571230E-02  4.450697E-04                                 112
 2.790000E+02  7.058556E-02  6.571230E-02  4.448511E-04                                 112
 2.792500E+02  7.059341E-02  6.571230E-02  4.446324E-04                                 112
 2.795000E+02  7.060126E-02  6.571230E-02  4.444135E-04                                 112
 2.797500E+02  7.060910E-02  6.571230E-02  4.441944E-04                                 112
 2.800000E+02  7.061694E-02  6.571230E-02  4.439753E-04                                 112
 2.802500E+02  7.062478E-02  6.571230E-02  4.437561E-04                                 112
 2.805000E+02  7.063261E-02  6.571230E-02  4.435368E-04                                 112
 2.807500E+02  7.064044E-02  6.571230E-02  4.433174E-04                                 112
 2.810000E+02  7.064827E-02  6.571230E-02  4.430980E-04                                 112
 2.812500E+02  7.065609E-02  6.571230E-02  4.428786E-04                                 112
 2.815000E+02  7.066391E-02  6.571230E-02  4.426592E-04                                 112
 2.817500E+02  7.067173E-02  6.571230E-02  4.424397E-04                                 112
 2.820000E+02  7.067955E-02  6.571230E-02  4.422203E-04                                 112
 2.822500E+02  7.068736E-02  6.571230E-02  4.420009E-04                                 112
 2.825000E+02  7.069517E-02  6.571230E-02  4.417816E-04                                 112
 2.827500E+02  7.070298E-02  6.571230E-02  4.415623E-04                                 112
 2.830000E+02  7.071078E-02  6.571230E-02  4.413430E-04                                 112
 2.832500E+02  7.071858E-02  6.571230E-02  4.411239E-04                                 112
 2.835000E+02  7.072638E-02  6.571230E-02  4.409049E-04                                 112
 2.837500E+02  7.073417E-02  6.571230E-02  4.406860E-04                                 112
 2.840000E+02  7.074196E-02  6.571230E-02  4.404671E-04                                 112
 2.842500E+02  7.074975E-02  6.571230E-02  4.402485E-04                                 112
 2.845000E+02  7.075754E-02  6.571230E-02  4.400300E-04                                 112
 2.847500E+02  7.076532E-02  6.571230E-02  4.398116E-04                                 112
 2.850000E+02  7.077310E-02  6.571230E-02  4.395935E-04                                 112
 2.852500E+02  7.078088E-02  6.571230E-02  4.393755E-04                                 112
 2.855000E+02  7.078865E-02  6.571230E-02  4.391577E-04                                 112
 2.857500E+02  7.079642E-02  6.571230E-02  4.389401E-04                                 112
 2.860000E+02  7.080419E-02  6.571230E-02  4.387228E-04                                 112
 2.862500E+02  7.081195E-02  6.571230E-02  4.385057E-04                                 112
 2.865000E+02  7.081971E-02  6.571230E-02  4.382889E-04                                 112
 2.867500E+02  7.082747E-02  6.571230E-02  4.380723E-04                                 112
 2.870000E+02  7.083523E-02  6.571230E-02  4.378559E-04                                 112
 2.872500E+02  7.084298E-02  6.571230E-02  4.376399E-04                                 112
 2.875000E+02  7.085073E-02  6.571230E-02  4.374242E-04                                 112
 2.877500E+02  7.085847E-02  6.571230E-02  4.372087E-04                                 112
 2.880000E+02  7.086622E-02  6.571230E-02  4.369936E-04                                 112
 2.882500E+02  7.087396E-02  6.571230E-02  4.367788E-04                                 112
 2.885000E+02  7.088170E-02  6.571230E-02  4.365643E-04                                 112
 2.887500E+02  7.088943E-02  6.571230E-02  4.363502E-04                                 112
 2.890000E+02  7.089716E-02  6.571230E-02  4.361365E-04                                 112
 2.892500E+02  7.090489E-02  6.571230E-02  4.359231E-04                                 112
 2.895000E+02  7.091262E-02  6.571230E-02  4.357101E-04                                 112
 2.897500E+02  7.092034E-02  6.571230E-02  4.354974E-04                                 112
 2.900000E+02  7.092806E-02  6.571230E-02  4.352852E-04                                 112
 2.902500E+02  7.093578E-02  6.571230E-02  4.350734E-04                                 112
 2.905000E+02  7.094349E-02  6.571230E-02  4.348619E-04                                 112
 2.907500E+02  7.095120E-02  6.571230E-02  4.346509E-04                                 112
 2.910000E+02  7.095891E-02  6.571230E-02  4.344404E-04                                 112
 2.912500E+02  7.096662E-02  6.571230E-02  4.342303E-04                                 112
 2.915000E+02  7.097432E-02  6.571230E-02  4.340206E-04                                 112
 2.917500E+02  7.098202E-02  6.571230E-02  4.338114E-04                                 112
 2.920000E+02  7.098972E-02  6.571230E-02  4.336026E-04                                 112
 2.922500E+02  7.099741E-02  6.571230E-02  4.333944E-04                                 112
 2.925000E+02  7.100510E-02  6.571230E-02  4.331866E-04                                 112
 2.927500E+02  7.101279E-02  6.571230E-02  4.329793E-04                                 112
 2.930000E+02  7.102047E-02  6.571230E-02  4.327725E-04                                 112
 2.932500E+02  7.102816E-02  6.571230E-02  4.325662E-04                                 112
 2.935000E+02  7.103584E-02  6.571230E-02  4.323604E-04                                 112
 2.937500E+02  7.104351E-02  6.571230E-02  4.321552E-04                                 112
 2.940000E+02  7.105119E-02  6.571230E-02  4.319504E-04                                 112
 2.942500E+02  7.105886E-02  6.571230E-02  4.317462E-04                                 112
 2.945000E+02  7.106653E-02  6.571230E-02  4.315426E-04                                 112
 2.947500E+02  7.107419E-02  6.571230E-02  4.313395E-04                                 112
 2.950000E+02  7.108186E-02  6.571230E-02  4.311370E-04                                 112
 2.952500E+02  7.108952E-02  6.571230E-02  4.309350E-04                                 112
 2.955000E+02  7.109717E-02  6.571230E-02  4.307336E-04                                 112
 2.957500E+02  7.110483E-02  6.571230E-02  4.305328E-04                                 112
 2.960000E+02  7.111248E-02  6.571230E-02  4.303325E-04                                 112
 2.962500E+02  7.112013E-02  6.571230E-02  4.301329E-04                                 112
 2.965000E+02  7.112777E-02  6.571230E-02  4.299338E-04                                 112
 2.967500E+02  7.113542E-02  6.571230E-02  4.297354E-04                                 112
 2.970000E+02  7.114306E-02  6.571230E-02  4.295375E-04                                 112
 2.972500E+02  7.115070E-02  6.571230E-02  4.293403E-04                                 112
 2.975000E+02  7.115833E-02  6.571230E-02  4.291437E-04                                 112
 2.977500E+02  7.116597E-02  6.571230E-02  4.289477E-04                                 112
 2.980000E+02  7.117360E-02  6.571230E-02  4.287524E-04                                 112
 2.982500E+02  7.118122E-02  6.571230E-02  4.285577E-04                                 112
 2.985000E+02  7.118885E-02  6.571230E-02  4.283636E-04                                 112
 2.987500E+02  7.119647E-02  6.571230E-02  4.281702E-04                                 112
 2.990000E+02  7.120409E-02  6.571230E-02  4.279774E-04                                 112
 2.992500E+02  7.121171E-02  6.571230E-02  4.277853E-04                                 112
 2.995000E+02  7.121932E-02  6.571230E-02  4.275939E-04                                 112
 2.997500E+02  7.122693E-02  6.571230E-02  4.274031E-04                                 112
 3.000000E+02  7.123454E-02  6.571230E-02  4.272130E-04                                 112
 3.002500E+02  7.124215E-02  6.571230E-02  4.270235E-04                                 112
 3.005000E+02  7.124976E-02  6.571230E-02  4.268348E-04                                 112
 3.007500E+02  7.125736E-02  6.571230E-02  4.266467E-04                                 112
 3.010000E+02  7.126496E-02  6.571230E-02  4.264594E-04                                 112
 3.012500E+02  7.127255E-02  6.571230E-02  4.262727E-04                                 112
 3.015000E+02  7.128015E-02  6.571230E-02  4.260867E-04                                 112
 3.017500E+02  7.128774E-02  6.571230E-02  4.259014E-04                                 112
 3.020000E+02  7.129533E-02  6.571230E-02  4.257168E-04                                 112
 3.022500E+02  7.130291E-02  6.571230E-02  4.255330E-04                                 112
 3.025000E+02  7.131050E-02  6.571230E-02  4.253498E-04                                 112
 3.027500E+02  7.131808E-02  6.571230E-02  4.251674E-04                                 112
 3.030000E+02  7.132566E-02  6.571230E-02  4.249857E-04                                 112
 3.032500E+02  7.133324E-02  6.571230E-02  4.248047E-04                                 112
 3.035000E+02  7.134081E-02  6.571230E-02  4.246245E-04                                 112
 3.037500E+02  7.134838E-02  6.571230E-02  4.244449E-04                                 112
 3.040000E+02  7.135595E-02  6.571230E-02  4.242661E-04                                 112
 3.042500E+02  7.136352E-02  6.571230E-02  4.240881E-04                                 112
 3.045000E+02  7.137108E-02  6.571230E-02  4.239108E-04                                 112
 3.047500E+02  7.137865E-02  6.571230E-02  4.237342E-04                                 112
 3.050000E+02  7.138621E-02  6.571230E-02  4.235584E-04                                 112
 3.052500E+02  7.139377E-02  6.571230E-02  4.233833E-04                                 112
 3.055000E+02  7.140132E-02  6.571230E-02  4.232090E-04                                 112
 3.057500E+02  7.140887E-02  6.571230E-02  4.230355E-04                                 112
 3.060000E+02  7.141643E-02  6.571230E-02  4.228627E-04                                 112
 3.062500E+02  7.142397E-02  6.571230E-02  4.226906E-04                                 112
 3.065000E+02  7.143152E-02  6.571230E-02  4.225194E-04                                 112
 3.067500E+02  7.143906E-02  6.571230E-02  4.223489E-04                                 112
 3.070000E+02  7.144661E-02  6.571230E-02  4.221791E-04                                 112
 3.072500E+02  7.145415E-02  6.571230E-02  4.220101E-04                                 112
 3.075000E+02  7.146168E-02  6.571230E-02  4.218420E-04                                 112
 3.077500E+02  7.146922E-02  6.571230E-02  4.216745E-04                                 112
 3.080000E+02  7.147675E-02  6.571230E-02  4.215079E-04                                 112
 3.082500E+02  7.148428E-02  6.571230E-02  4.213420E-04                                 112
 3.085000E+02  7.149181E-02  6.571230E-02  4.211769E-04                                 112
 3.087500E+02  7.149934E-02  6.571230E-02  4.210126E-04                                 112
 3.090000E+02  7.150686E-02  6.571230E-02  4.208491E-04                                 112
 3.092500E+02  7.151439E-02  6.571230E-02  4.206864E-04                                 112
 3.095000E+02  7.152191E-02  6.571230E-02  4.205244E-04                                 112
 3.097500E+02  7.152942E-02  6.571230E-02  4.203633E-04                                 112
 3.100000E+02  7.153694E-02  6.571230E-02  4.202029E-04                                 112
 3.102500E+02  7.154445E-02  6.571230E-02  4.200433E-04                                 112
 3.105000E+02  7.155197E-02  6.571230E-02  4.198846E-04                                 112
 3.107500E+02  7.155948E-02  6.571230E-02  4.197266E-04                                 112
 3.110000E+02  7.156698E-02  6.571230E-02  4.195694E-04                                 112
 3.112500E+02  7.157449E-02  6.571230E-02  4.194130E-04                                 112
 3.115000E+02  7.158199E-02  6.571230E-02  4.192574E-04                                 112
 3.117500E+02  7.158949E-02  6.571230E-02  4.191026E-04                                 112
 3.120000E+02  7.159699E-02  6.571230E-02  4.189486E-04                                 112
 3.122500E+02  7.160449E-02  6.571230E-02  4.187955E-04                                 112
 3.125000E+02  7.161199E-02  6.571230E-02  4.186431E-04                                 112
 3.127500E+02  7.161948E-02  6.571230E-02  4.184915E-04                                 112
 3.130000E+02  7.162697E-02  6.571230E-02  4.183407E-04                                 112
 3.132500E+02  7.163446E-02  6.571230E-02  4.181907E-04                                 112
 3.135000E+02  7.164195E-02  6.571230E-02  4.180416E-04                                 112
 3.137500E+02  7.164944E-02  6.571230E-02  4.178932E-04                                 112
 3.140000E+02  7.165692E-02  6.571230E-02  4.177457E-04                                 112
 3.142500E+02  7.166441E-02  6.571230E-02  4.175989E-04                                 112
 3.145000E+02  7.167189E-02  6.571230E-02  4.174530E-04                                 112
 3.147500E+02  7.167937E-02  6.571230E-02  4.173079E-04                                 112
 3.150000E+02  7.168684E-02  6.571230E-02  4.171636E-04                                 112
 3.152500E+02  7.169432E-02  6.571230E-02  4.170201E-04                                 112
 3.155000E+02  7.170179E-02  6.571230E-02  4.168774E-04                                 112
 3.157500E+02  7.170926E-02  6.571230E-02  4.167355E-04                                 112
 3.160000E+02  7.171673E-02  6.571230E-02  4.165944E-04                                 112
 3.162500E+02  7.172420E-02  6.571230E-02  4.164542E-04                                 112
 3.165000E+02  7.173167E-02  6.571230E-02  4.163147E-04                                 112
 3.167500E+02  7.173913E-02  6.571230E-02  4.161761E-04                                 112
 3.170000E+02  7.174660E-02  6.571230E-02  4.160383E-04                                 112
 3.172500E+02  7.175406E-02  6.571230E-02  4.159013E-04                                 112
 3.175000E+02  7.176152E-02  6.571230E-02  4.157651E-04                                 112
 3.177500E+02  7.176898E-02  6.571230E-02  4.156297E-04                                 112
 3.180000E+02  7.177643E-02  6.571230E-02  4.154951E-04                                 112
 3.182500E+02  7.178389E-02  6.571230E-02  4.153614E-04                                 112
 3.185000E+02  7.179134E-02  6.571230E-02  4.152284E-04                                 112
 3.187500E+02  7.179879E-02  6.571230E-02  4.150963E-04                                 112
 3.190000E+02  7.180624E-02  6.571230E-02  4.149649E-04                                 112
 3.192500E+02  7.181369E-02  6.571230E-02  4.148344E-04                                 112
 3.195000E+02  7.182114E-02  6.571230E-02  4.147047E-04                                 112
 3.197500E+02  7.182858E-02  6.571230E-02  4.145758E-04                                 112
 3.200000E+02  7.183603E-02  6.571230E-02  4.144477E-04                                 112
 3.202500E+02  7.184347E-02  6.571230E-02  4.143205E-04                                 112
 3.205000E+02  7.185091E-02  6.571230E-02  4.141940E-04                                 112
 3.207500E+02  7.185835E-02  6.571230E-02  4.140683E-04                                 112
 3.210000E+02  7.186579E-02  6.571230E-02  4.139435E-04                                 112
 3.212500E+02  7.187322E-02  6.571230E-02  4.138195E-04                                 112
 3.215000E+02  7.188066E-02  6.571230E-02  4.136962E-04                                 112
 3.217500E+02  7.188809E-02  6.571230E-02  4.135738E-04                                 112
 3.220000E+02  7.189552E-02  6.571230E-02  4.134522E-04                                 112
 3.222500E+02  7.190296E-02  6.571230E-02  4.133314E-04                                 112
 3.225000E+02  7.191038E-02  6.571230E-02  4.132113E-04                                 112
 3.227500E+02  7.191781E-02  6.571230E-02  4.130921E-04                                 112
 3.230000E+02  7.192524E-02  6.571230E-02  4.129737E-04                                 112
 3.232500E+02  7.193266E-02  6.571230E-02  4.128561E-04                                 112
 3.235000E+02  7.194009E-02  6.571230E-02  4.127393E-04                                 112
 3.237500E+02  7.194751E-02  6.571230E-02  4.126233E-04                                 112
 3.240000E+02  7.195493E-02  6.571230E-02  4.125081E-04                                 112
 3.242500E+02  7.196235E-02  6.571230E-02  4.123937E-04                                 112
 3.245000E+02  7.196977E-02  6.571230E-02  4.122801E-04                                 112
 3.247500E+02  7.197719E-02  6.571230E-02  4.121673E-04                                 112
 3.250000E+02  7.198460E-02  6.571230E-02  4.120553E-04                                 112
 3.252500E+02  7.199202E-02  6.571230E-02  4.119441E-04                                 112
 3.255000E+02  7.199943E-02  6.571230E-02  4.118337E-04                                 112
 3.257500E+02  7.200684E-02  6.571230E-02  4.117240E-04                                 112
 3.260000E+02  7.201425E-02  6.571230E-02  4.116152E-04                                 112
 3.262500E+02  7.202166E-02  6.571230E-02  4.115072E-04                                 112
 3.265000E+02  7.202907E-02  6.571230E-02  4.113999E-04                                 112
 3.267500E+02  7.203648E-02  6.571230E-02  4.112934E-04                                 112
 3.270000E+02  7.204389E-02  6.571230E-02  4.111878E-04                                 112
 3.272500E+02  7.205129E-02  6.571230E-02  4.110829E-04                                 112
 3.275000E+02  7.205870E-02  6.571230E-02  4.109788E-04                                 112
 3.277500E+02  7.206610E-02  6.571230E-02  4.108755E-04                                 112
 3.280000E+02  7.207350E-02  6.571230E-02  4.107729E-04                                 112
 3.282500E+02  7.208090E-02  6.571230E-02  4.106712E-04                                 112
 3.285000E+02  7.208830E-02  6.571230E-02  4.105702E-04                                 112
 3.287500E+02  7.209570E-02  6.571230E-02  4.104700E-04                                 112
 3.290000E+02  7.210310E-02  6.571230E-02  4.103706E-04                                 112
 3.292500E+02  7.211050E-02  6.571230E-02  4.102720E-04                                 112
 3.295000E+02  7.211789E-02  6.571230E-02  4.101741E-04                                 112
 3.297500E+02  7.212529E-02  6.571230E-02  4.100770E-04                                 112
 3.300000E+02  7.213268E-02  6.571230E-02  4.099807E-04                                 112
 3.302500E+02  7.214007E-02  6.571230E-02  4.098851E-04                                 112
 3.305000E+02  7.214747E-02  6.571230E-02  4.097904E-04                                 112
 3.307500E+02  7.215486E-02  6.571230E-02  4.096964E-04                                 112
 3.310000E+02  7.216225E-02  6.571230E-02  4.096031E-04                                 112
 3.312500E+02  7.216963E-02  6.571230E-02  4.095106E-04                                 112
 3.315000E+02  7.217702E-02  6.571230E-02  4.094189E-04                                 112
 3.317500E+02  7.218441E-02  6.571230E-02  4.093280E-04                                 112
 3.320000E+02  7.219180E-02  6.571230E-02  4.092378E-04                                 112
 3.322500E+02  7.219918E-02  6.571230E-02  4.091484E-04                                 112
 3.325000E+02  7.220657E-02  6.571230E-02  4.090597E-04                                 112
 3.327500E+02  7.221395E-02  6.571230E-02  4.089718E-04                                 112
 3.330000E+02  7.222133E-02  6.571230E-02  4.088847E-04                                 112
 3.332500E+02  7.222872E-02  6.571230E-02  4.087983E-04                                 112
 3.335000E+02  7.223610E-02  6.571230E-02  4.087126E-04                                 112
 3.337500E+02  7.224348E-02  6.571230E-02  4.086277E-04                                 112
 3.340000E+02  7.225086E-02  6.571230E-02  4.085436E-04                                 112
 3.342500E+02  7.225824E-02  6.571230E-02  4.084602E-04                                 112
 3.345000E+02  7.226561E-02  6.571230E-02  4.083775E-04                                 112
 3.347500E+02  7.227299E-02  6.571230E-02  4.082956E-04                                 112
 3.350000E+02  7.228037E-02  6.571230E-02  4.082144E-04                                 112
 3.352500E+02  7.228775E-02  6.571230E-02  4.081340E-04                                 112
 3.355000E+02  7.229512E-02  6.571230E-02  4.080543E-04                                 112
 3.357500E+02  7.230250E-02  6.571230E-02  4.079754E-04                                 112
 3.360000E+02  7.230987E-02  6.571230E-02  4.078971E-04                                 112
 3.362500E+02  7.231724E-02  6.571230E-02  4.078197E-04                                 112
 3.365000E+02  7.232462E-02  6.571230E-02  4.077429E-04                                 112
 3.367500E+02  7.233199E-02  6.571230E-02  4.076669E-04                                 112
 3.370000E+02  7.233936E-02  6.571230E-02  4.075916E-04                                 112
 3.372500E+02  7.234673E-02  6.571230E-02  4.075171E-04                                 112
 3.375000E+02  7.235410E-02  6.571230E-02  4.074432E-04                                 112
 3.377500E+02  7.236147E-02  6.571230E-02  4.073701E-04                                 112
 3.380000E+02  7.236884E-02  6.571230E-02  4.072977E-04                                 112
 3.382500E+02  7.237621E-02  6.571230E-02  4.072261E-04                                 112
 3.385000E+02  7.238358E-02  6.571230E-02  4.071551E-04                                 112
 3.387500E+02  7.239094E-02  6.571230E-02  4.070849E-04                                 112
 3.390000E+02  7.239831E-02  6.571230E-02  4.070154E-04                                 112
 3.392500E+02  7.240568E-02  6.571230E-02  4.069466E-04                                 112
 3.395000E+02  7.241304E-02  6.571230E-02  4.068785E-04                                 112
 3.397500E+02  7.242041E-02  6.571230E-02  4.068111E-04                                 112
 3.400000E+02  7.242777E-02  6.571230E-02  4.067444E-04                                 112
 3.402500E+02  7.243514E-02  6.571230E-02  4.066785E-04                                 112
 3.405000E+02  7.244250E-02  6.571230E-02  4.066132E-04                                 112
 3.407500E+02  7.244987E-02  6.571230E-02  4.065487E-04                                 112
 3.410000E+02  7.245723E-02  6.571230E-02  4.064848E-04                                 112
 3.412500E+02  7.246459E-02  6.571230E-02  4.064217E-04                                 112
 3.415000E+02  7.247196E-02  6.571230E-02  4.063592E-04                                 112
 3.417500E+02  7.247932E-02  6.571230E-02  4.062974E-04                                 112
 3.420000E+02  7.248668E-02  6.571230E-02  4.062364E-04                                 112
 3.422500E+02  7.249404E-02  6.571230E-02  4.061760E-04                                 112
 3.425000E+02  7.250140E-02  6.571230E-02  4.061163E-04                                 112
 3.427500E+02  7.250876E-02  6.571230E-02  4.060573E-04                                 112
 3.430000E+02  7.251612E-02  6.571230E-02  4.059990E-04                                 112
 3.432500E+02  7.252348E-02  6.571230E-02  4.059414E-04                                 112
 3.435000E+02  7.253084E-02  6.571230E-02  4.058845E-04                                 112
 3.437500E+02  7.253820E-02  6.571230E-02  4.058282E-04                                 112
 3.440000E+02  7.254556E-02  6.571230E-02  4.057726E-04                                 112
 3.442500E+02  7.255292E-02  6.571230E-02  4.057177E-04                                 112
 3.445000E+02  7.256028E-02  6.571230E-02  4.056635E-04                                 112
 3.447500E+02  7.256764E-02  6.571230E-02  4.056099E-04                                 112
 3.450000E+02  7.257500E-02  6.571230E-02  4.055570E-04                                 112
 3.452500E+02  7.258236E-02  6.571230E-02  4.055048E-04                                 112
 3.455000E+02  7.258971E-02  6.571230E-02  4.054533E-04                                 112
 3.457500E+02  7.259707E-02  6.571230E-02  4.054024E-04                                 112
 3.460000E+02  7.260443E-02  6.571230E-02  4.053522E-04                                 112
 3.462500E+02  7.261179E-02  6.571230E-02  4.053026E-04                                 112
 3.465000E+02  7.261914E-02  6.571230E-02  4.052538E-04                                 112
 3.467500E+02  7.262650E-02  6.571230E-02  4.052055E-04                                 112
 3.470000E+02  7.263386E-02  6.571230E-02  4.051579E-04                                 112
 3.472500E+02  7.264122E-02  6.571230E-02  4.051110E-04                                 112
 3.475000E+02  7.264857E-02  6.571230E-02  4.050648E-04                                 112
 3.477500E+02  7.265593E-02  6.571230E-02  4.050191E-04                                 112
 3.480000E+02  7.266329E-02  6.571230E-02  4.049742E-04                                 112
 3.482500E+02  7.267064E-02  6.571230E-02  4.049299E-04                                 112
 3.485000E+02  7.267800E-02  6.571230E-02  4.048862E-04                                 112
 3.487500E+02  7.268536E-02  6.571230E-02  4.048432E-04                                 112
 3.490000E+02  7.269271E-02  6.571230E-02  4.048008E-04                                 112
 3.492500E+02  7.270007E-02  6.571230E-02  4.047590E-04                                 112
 3.495000E+02  7.270743E-02  6.571230E-02  4.047179E-04                                 112
 3.497500E+02  7.271478E-02  6.571230E-02  4.046775E-04                                 112
 3.500000E+02  7.272214E-02  6.571230E-02  4.046376E-04                                 112
 3.502500E+02  7.272950E-02  6.571230E-02  4.045984E-04                                 112
 3.505000E+02  7.273685E-02  6.571230E-02  4.045598E-04                                 112
 3.507500E+02  7.274421E-02  6.571230E-02  4.045219E-04                                 112
 3.510000E+02  7.275157E-02  6.571230E-02  4.044846E-04                                 112
 3.512500E+02  7.275892E-02  6.571230E-02  4.044479E-04                                 112
 3.515000E+02  7.276628E-02  6.571230E-02  4.044118E-04                                 112
 3.517500E+02  7.277364E-02  6.571230E-02  4.043764E-04                                 112
 3.520000E+02  7.278099E-02  6.571230E-02  4.043416E-04                                 112
 3.522500E+02  7.278835E-02  6.571230E-02  4.043073E-04                                 112
 3.525000E+02  7.279571E-02  6.571230E-02  4.042738E-04                                 112
 3.527500E+02  7.280306E-02  6.571230E-02  4.042408E-04                                 112
 3.530000E+02  7.281042E-02  6.571230E-02  4.042084E-04                                 112
 3.532500E+02  7.281778E-02  6.571230E-02  4.041767E-04                                 112
 3.535000E+02  7.282514E-02  6.571230E-02  4.041455E-04                                 112
 3.537500E+02  7.283250E-02  6.571230E-02  4.041150E-04                                 112
 3.540000E+02  7.283985E-02  6.571230E-02  4.040850E-04                                 112
 3.542500E+02  7.284721E-02  6.571230E-02  4.040557E-04                                 112
 3.545000E+02  7.285457E-02  6.571230E-02  4.040270E-04                                 112
 3.547500E+02  7.286193E-02  6.571230E-02  4.039988E-04                                 112
 3.550000E+02  7.286929E-02  6.571230E-02  4.039713E-04                                 112
 3.552500E+02  7.287665E-02  6.571230E-02  4.039444E-04                                 112
 3.555000E+02  7.288401E-02  6.571230E-02  4.039180E-04                                 112
 3.557500E+02  7.289137E-02  6.571230E-02  4.038923E-04                                 112
 3.560000E+02  7.289873E-02  6.571230E-02  4.038671E-04                                 112
 3.562500E+02  7.290609E-02  6.571230E-02  4.038425E-04                                 112
 3.565000E+02  7.291345E-02  6.571230E-02  4.038185E-04                                 112
 3.567500E+02  7.292081E-02  6.571230E-02  4.037951E-04                                 112
 3.570000E+02  7.292817E-02  6.571230E-02  4.037723E-04                                 112
 3.572500E+02  7.293553E-02  6.571230E-02  4.037501E-04                                 112
 3.575000E+02  7.294290E-02  6.571230E-02  4.037284E-04                                 112
 3.577500E+02  7.295026E-02  6.571230E-02  4.037073E-04                                 112
 3.580000E+02  7.295762E-02  6.571230E-02  4.036868E-04                                 112
 3.582500E+02  7.296498E-02  6.571230E-02  4.036669E-04                                 112
 3.585000E+02  7.297235E-02  6.571230E-02  4.036475E-04                                 112
 3.587500E+02  7.297971E-02  6.571230E-02  4.036287E-04                                 112
 3.590000E+02  7.298708E-02  6.571230E-02  4.036105E-04                                 112
 3.592500E+02  7.299444E-02  6.571230E-02  4.035929E-04                                 112
 3.595000E+02  7.300181E-02  6.571230E-02  4.035758E-04                                 112
 3.597500E+02  7.300917E-02  6.571230E-02  4.035592E-04                                 112
 3.600000E+02  7.301654E-02  6.571230E-02  4.035433E-04                                 112
 3.602500E+02  7.302391E-02  6.571230E-02  4.035279E-04                                 112
 3.605000E+02  7.303127E-02  6.571230E-02  4.035130E-04                                 112
 3.607500E+02  7.303864E-02  6.571230E-02  4.034987E-04                                 112
 3.610000E+02  7.304601E-02  6.571230E-02  4.034850E-04                                 112
 3.612500E+02  7.305338E-02  6.571230E-02  4.034718E-04                                 112
 3.615000E+02  7.306075E-02  6.571230E-02  4.034592E-04                                 112
 3.617500E+02  7.306811E-02  6.571230E-02  4.034471E-04                                 112
 3.620000E+02  7.307548E-02  6.571230E-02  4.034355E-04                                 112
 3.622500E+02  7.308286E-02  6.571230E-02  4.034246E-04                                 112
 3.625000E+02  7.309023E-02  6.571230E-02  4.034141E-04                                 112
 3.627500E+02  7.309760E-02  6.571230E-02  4.034042E-04                                 112
 3.630000E+02  7.310497E-02  6.571230E-02  4.033948E-04                                 112
 3.632500E+02  7.311234E-02  6.571230E-02  4.033860E-04                                 112
 3.635000E+02  7.311972E-02  6.571230E-02  4.033777E-04                                 112
 3.637500E+02  7.312709E-02  6.571230E-02  4.033700E-04                                 112
 3.640000E+02  7.313447E-02  6.571230E-02  4.033627E-04                                 112
 3.642500E+02  7.314184E-02  6.571230E-02  4.033561E-04                                 112
 3.645000E+02  7.314922E-02  6.571230E-02  4.033499E-04                                 112
 3.647500E+02  7.315659E-02  6.571230E-02  4.033443E-04                                 112
 3.650000E+02  7.316397E-02  6.571230E-02  4.033392E-04                                 112
 3.652500E+02  7.317135E-02  6.571230E-02  4.033346E-04                                 112
 3.655000E+02  7.317873E-02  6.571230E-02  4.033305E-04                                 112
 3.657500E+02  7.318611E-02  6.571230E-02  4.033270E-04                                 112
 3.660000E+02  7.319349E-02  6.571230E-02  4.033240E-04                                 112
 3.662500E+02  7.320087E-02  6.571230E-02  4.033215E-04                                 112
 3.665000E+02  7.320825E-02  6.571230E-02  4.033195E-04                                 112
 3.667500E+02  7.321563E-02  6.571230E-02  4.033181E-04                                 112
 3.670000E+02  7.322301E-02  6.571230E-02  4.033171E-04                                 112
 3.672500E+02  7.323039E-02  6.571230E-02  4.033167E-04                                 112
 3.675000E+02  7.323778E-02  6.571230E-02  4.033168E-04                                 112
 3.677500E+02  7.324516E-02  6.571230E-02  4.033173E-04                                 112
 3.680000E+02  7.325255E-02  6.571230E-02  4.033184E-04                                 112
 3.682500E+02  7.325994E-02  6.571230E-02  4.033200E-04                                 112
 3.685000E+02  7.326732E-02  6.571230E-02  4.033221E-04                                 112
 3.687500E+02  7.327471E-02  6.571230E-02  4.033247E-04                                 112
 3.690000E+02  7.328210E-02  6.571230E-02  4.033278E-04                                 112
 3.692500E+02  7.328949E-02  6.571230E-02  4.033314E-04                                 112
 3.695000E+02  7.329688E-02  6.571230E-02  4.033355E-04                                 112
 3.697500E+02  7.330427E-02  6.571230E-02  4.033401E-04                                 112
 3.700000E+02  7.331166E-02  6.571230E-02  4.033452E-04                                 112
 3.702500E+02  7.331906E-02  6.571230E-02  4.033508E-04                                 112
 3.705000E+02  7.332645E-02  6.571230E-02  4.033569E-04                                 112
 3.707500E+02  7.333384E-02  6.571230E-02  4.033634E-04                                 112
 3.710000E+02  7.334124E-02  6.571230E-02  4.033705E-04                                 112
 3.712500E+02  7.334864E-02  6.571230E-02  4.033780E-04                                 112
 3.715000E+02  7.335603E-02  6.571230E-02  4.033860E-04                                 112
 3.717500E+02  7.336343E-02  6.571230E-02  4.033945E-04                                 112
 3.720000E+02  7.337083E-02  6.571230E-02  4.034035E-04                                 112
 3.722500E+02  7.337823E-02  6.571230E-02  4.034130E-04                                 112
 3.725000E+02  7.338563E-02  6.571230E-02  4.034229E-04                                 112
 3.727500E+02  7.339303E-02  6.571230E-02  4.034334E-04                                 112
 3.730000E+02  7.340044E-02  6.571230E-02  4.034443E-04                                 112
 3.732500E+02  7.340784E-02  6.571230E-02  4.034556E-04                                 112
 3.735000E+02  7.341524E-02  6.571230E-02  4.034675E-04                                 112
 3.737500E+02  7.342265E-02  6.571230E-02  4.034798E-04                                 112
 3.740000E+02  7.343006E-02  6.571230E-02  4.034926E-04                                 112
 3.742500E+02  7.343746E-02  6.571230E-02  4.035058E-04                                 112
 3.745000E+02  7.344487E-02  6.571230E-02  4.035195E-04                                 112
 3.747500E+02  7.345228E-02  6.571230E-02  4.035337E-04                                 112
 3.750000E+02  7.345969E-02  6.571230E-02  4.035484E-04                                 112
 3.752500E+02  7.346711E-02  6.571230E-02  4.035635E-04                                 112
 3.755000E+02  7.347452E-02  6.571230E-02  4.035791E-04                                 112
 3.757500E+02  7.348193E-02  6.571230E-02  4.035951E-04                                 112
 3.760000E+02  7.348935E-02  6.571230E-02  4.036116E-04                                 112
 3.762500E+02  7.349676E-02  6.571230E-02  4.036285E-04                                 112
 3.765000E+02  7.350418E-02  6.571230E-02  4.036459E-04                                 112
 3.767500E+02  7.351160E-02  6.571230E-02  4.036638E-04                                 112
 3.770000E+02  7.351902E-02  6.571230E-02  4.036821E-04                                 112
 3.772500E+02  7.352644E-02  6.571230E-02  4.037008E-04                                 112
 3.775000E+02  7.353386E-02  6.571230E-02  4.037200E-04                                 112
 3.777500E+02  7.354128E-02  6.571230E-02  4.037397E-04                                 112
 3.780000E+02  7.354870E-02  6.571230E-02  4.037598E-04                                 112
 3.782500E+02  7.355613E-02  6.571230E-02  4.037803E-04                                 112
 3.785000E+02  7.356355E-02  6.571230E-02  4.038013E-04                                 112
 3.787500E+02  7.357098E-02  6.571230E-02  4.038227E-04                                 112
 3.790000E+02  7.357841E-02  6.571230E-02  4.038446E-04                                 112
 3.792500E+02  7.358584E-02  6.571230E-02  4.038669E-04                                 112
 3.795000E+02  7.359327E-02  6.571230E-02  4.038896E-04                                 112
 3.797500E+02  7.360070E-02  6.571230E-02  4.039128E-04                                 112
 3.800000E+02  7.360813E-02  6.571230E-02  4.039364E-04                                 112
 3.802500E+02  7.361557E-02  6.571230E-02  4.039605E-04                                 112
 3.805000E+02  7.362300E-02  6.571230E-02  4.039850E-04                                 112
 3.807500E+02  7.363044E-02  6.571230E-02  4.040099E-04                                 112
 3.810000E+02  7.363787E-02  6.571230E-02  4.040352E-04                                 112
 3.812500E+02  7.364531E-02  6.571230E-02  4.040610E-04                                 112
 3.815000E+02  7.365275E-02  6.571230E-02  4.040872E-04                                 112
 3.817500E+02  7.366019E-02  6.571230E-02  4.041138E-04                                 112
 3.820000E+02  7.366764E-02  6.571230E-02  4.041408E-04                                 112
 3.822500E+02  7.367508E-02  6.571230E-02  4.041683E-04                                 112
 3.825000E+02  7.368252E-02  6.571230E-02  4.041962E-04                                 112
 3.827500E+02  7.368997E-02  6.571230E-02  4.042245E-04                                 112
 3.830000E+02  7.369742E-02  6.571230E-02  4.042532E-04                                 112
 3.832500E+02  7.370487E-02  6.571230E-02  4.042824E-04                                 112
 3.835000E+02  7.371232E-02  6.571230E-02  4.043119E-04                                 112
 3.837500E+02  7.371977E-02  6.571230E-02  4.043419E-04                                 112
 3.840000E+02  7.372722E-02  6.571230E-02  4.043723E-04                                 112
 3.842500E+02  7.373468E-02  6.571230E-02  4.044031E-04                                 112
 3.845000E+02  7.374213E-02  6.571230E-02  4.044343E-04                                 112
 3.847500E+02  7.374959E-02  6.571230E-02  4.044660E-04                                 112
 3.850000E+02  7.375705E-02  6.571230E-02  4.044980E-04                                 112
 3.852500E+02  7.376450E-02  6.571230E-02  4.045304E-04                                 112
 3.855000E+02  7.377197E-02  6.571230E-02  4.045633E-04                                 112
 3.857500E+02  7.377943E-02  6.571230E-02  4.045965E-04                                 112
 3.860000E+02  7.378689E-02  6.571230E-02  4.046302E-04                                 112
 3.862500E+02  7.379436E-02  6.571230E-02  4.046642E-04                                 112
 3.865000E+02  7.380182E-02  6.571230E-02  4.046987E-04                                 112
 3.867500E+02  7.380929E-02  6.571230E-02  4.047336E-04                                 112
 3.870000E+02  7.381676E-02  6.571230E-02  4.047688E-04                                 112
 3.872500E+02  7.382423E-02  6.571230E-02  4.048045E-04                                 112
 3.875000E+02  7.383170E-02  6.571230E-02  4.048405E-04                                 112
 3.877500E+02  7.383917E-02  6.571230E-02  4.048770E-04                                 112
 3.880000E+02  7.384665E-02  6.571230E-02  4.049138E-04                                 112
 3.882500E+02  7.385412E-02  6.571230E-02  4.049510E-04                                 112
 3.885000E+02  7.386160E-02  6.571230E-02  4.049887E-04                                 112
 3.887500E+02  7.386908E-02  6.571230E-02  4.050267E-04                                 112
 3.890000E+02  7.387656E-02  6.571230E-02  4.050651E-04                                 112
 3.892500E+02  7.388404E-02  6.571230E-02  4.051039E-04                                 112
 3.895000E+02  7.389153E-02  6.571230E-02  4.051430E-04                                 112
 3.897500E+02  7.389901E-02  6.571230E-02  4.051826E-04                                 112
 3.900000E+02  7.390650E-02  6.571230E-02  4.052225E-04                                 112
 3.902500E+02  7.391399E-02  6.571230E-02  4.052629E-04                                 112
 3.905000E+02  7.392148E-02  6.571230E-02  4.053036E-04                                 112
 3.907500E+02  7.392897E-02  6.571230E-02  4.053447E-04                                 112
 3.910000E+02  7.393646E-02  6.571230E-02  4.053861E-04                                 112
 3.912500E+02  7.394395E-02  6.571230E-02  4.054280E-04                                 112
 3.915000E+02  7.395145E-02  6.571230E-02  4.054702E-04                                 112
 3.917500E+02  7.395895E-02  6.571230E-02  4.055128E-04                                 112
 3.920000E+02  7.396644E-02  6.571230E-02  4.055558E-04                                 112
 3.922500E+02  7.397394E-02  6.571230E-02  4.055992E-04                                 112
 3.925000E+02  7.398145E-02  6.571230E-02  4.056429E-04                                 112
 3.927500E+02  7.398895E-02  6.571230E-02  4.056870E-04                                 112
 3.930000E+02  7.399645E-02  6.571230E-02  4.057315E-04                                 112
 3.932500E+02  7.400396E-02  6.571230E-02  4.057763E-04                                 112
 3.935000E+02  7.401147E-02  6.571230E-02  4.058215E-04                                 112
 3.937500E+02  7.401898E-02  6.571230E-02  4.058671E-04                                 112
 3.940000E+02  7.402649E-02  6.571230E-02  4.059130E-04                                 112
 3.942500E+02  7.403400E-02  6.571230E-02  4.059593E-04                                 112
 3.945000E+02  7.404152E-02  6.571230E-02  4.060060E-04                                 112
 3.947500E+02  7.404903E-02  6.571230E-02  4.060530E-04                                 112
 3.950000E+02  7.405655E-02  6.571230E-02  4.061004E-04                                 112
 3.952500E+02  7.406407E-02  6.571230E-02  4.061482E-04                                 112
 3.955000E+02  7.407159E-02  6.571230E-02  4.061963E-04                                 112
 3.957500E+02  7.407911E-02  6.571230E-02  4.062448E-04                                 112
 3.960000E+02  7.408664E-02  6.571230E-02  4.062936E-04                                 112
 3.962500E+02  7.409416E-02  6.571230E-02  4.063428E-04                                 112
 3.965000E+02  7.410169E-02  6.571230E-02  4.063923E-04                                 112
 3.967500E+02  7.410922E-02  6.571230E-02  4.064423E-04                                 112
 3.970000E+02  7.411675E-02  6.571230E-02  4.064925E-04                                 112
 3.972500E+02  7.412429E-02  6.571230E-02  4.065431E-04                                 112
 3.975000E+02  7.413182E-02  6.571230E-02  4.065941E-04                                 112
 3.977500E+02  7.413936E-02  6.571230E-02  4.066454E-04                                 112
 3.980000E+02  7.414689E-02  6.571230E-02  4.066970E-04                                 112
 3.982500E+02  7.415443E-02  6.571230E-02  4.067491E-04                                 112
 3.985000E+02  7.416198E-02  6.571230E-02  4.068014E-04                                 112
 3.987500E+02  7.416952E-02  6.571230E-02  4.068541E-04                                 112
 3.990000E+02  7.417706E-02  6.571230E-02  4.069072E-04                                 112
 3.992500E+02  7.418461E-02  6.571230E-02  4.069606E-04                                 112
 3.995000E+02  7.419216E-02  6.571230E-02  4.070143E-04                                 112
 3.997500E+02  7.419971E-02  6.571230E-02  4.070684E-04                                 112
 4.000000E+02  7.420726E-02  6.571230E-02  4.071228E-04                                 112
 4.002500E+02  7.421481E-02  6.571230E-02  4.071776E-04                                 112
 4.005000E+02  7.422237E-02  6.571230E-02  4.072327E-04                                 112
 4.007500E+02  7.422993E-02  6.571230E-02  4.072881E-04                                 112
 4.010000E+02  7.423749E-02  6.571230E-02  4.073439E-04                                 112
 4.012500E+02  7.424505E-02  6.571230E-02  4.074000E-04                                 112
 4.015000E+02  7.425261E-02  6.571230E-02  4.074565E-04                                 112
 4.017500E+02  7.426017E-02  6.571230E-02  4.075132E-04                                 112
 4.020000E+02  7.426774E-02  6.571230E-02  4.075704E-04                                 112
 4.022500E+02  7.427531E-02  6.571230E-02  4.076278E-04                                 112
 4.025000E+02  7.428288E-02  6.571230E-02  4.076856E-04                                 112
 4.027500E+02  7.429045E-02  6.571230E-02  4.077437E-04                                 112
 4.030000E+02  7.429803E-02  6.571230E-02  4.078022E-04                                 112
 4.032500E+02  7.430560E-02  6.571230E-02  4.078610E-04                                 112
 4.035000E+02  7.431318E-02  6.571230E-02  4.079201E-04                                 112
 4.037500E+02  7.432076E-02  6.571230E-02  4.079795E-04                                 112
 4.040000E+02  7.432834E-02  6.571230E-02  4.080393E-04                                 112
 4.042500E+02  7.433592E-02  6.571230E-02  4.080994E-04                                 112
 4.045000E+02  7.434351E-02  6.571230E-02  4.081598E-04                                 112
 4.047500E+02  7.435109E-02  6.571230E-02  4.082205E-04                                 112
 4.050000E+02  7.435868E-02  6.571230E-02  4.082816E-04                                 112
 4.052500E+02  7.436627E-02  6.571230E-02  4.083430E-04                                 112
 4.055000E+02  7.437387E-02  6.571230E-02  4.084047E-04                                 112
 4.057500E+02  7.438146E-02  6.571230E-02  4.084667E-04                                 112
 4.060000E+02  7.438906E-02  6.571230E-02  4.085290E-04                                 112
 4.062500E+02  7.439666E-02  6.571230E-02  4.085917E-04                                 112
 4.065000E+02  7.440426E-02  6.571230E-02  4.086547E-04                                 112
 4.067500E+02  7.441186E-02  6.571230E-02  4.087180E-04                                 112
 4.070000E+02  7.441946E-02  6.571230E-02  4.087816E-04                                 112
 4.072500E+02  7.442707E-02  6.571230E-02  4.088456E-04                                 112
 4.075000E+02  7.443468E-02  6.571230E-02  4.089098E-04                                 112
 4.077500E+02  7.444229E-02  6.571230E-02  4.089744E-04                                 112
 4.080000E+02  7.444990E-02  6.571230E-02  4.090392E-04                                 112
 4.082500E+02  7.445751E-02  6.571230E-02  4.091044E-04                                 112
 4.085000E+02  7.446513E-02  6.571230E-02  4.091699E-04                                 112
 4.087500E+02  7.447275E-02  6.571230E-02  4.092357E-04                                 112
 4.090000E+02  7.448037E-02  6.571230E-02  4.093019E-04                                 112
 4.092500E+02  7.448799E-02  6.571230E-02  4.093683E-04                                 112
 4.095000E+02  7.449562E-02  6.571230E-02  4.094350E-04                                 112
 4.097500E+02  7.450324E-02  6.571230E-02  4.095021E-04                                 112
 4.100000E+02  7.451087E-02  6.571230E-02  4.095694E-04                                 112
 4.102500E+02  7.451850E-02  6.571230E-02  4.096371E-04                                 112
 4.105000E+02  7.452613E-02  6.571230E-02  4.097051E-04                                 112
 4.107500E+02  7.453377E-02  6.571230E-02  4.097733E-04                                 112
 4.110000E+02  7.454140E-02  6.571230E-02  4.098419E-04                                 112
 4.112500E+02  7.454904E-02  6.571230E-02  4.099108E-04                                 112
 4.115000E+02  7.455668E-02  6.571230E-02  4.099800E-04                                 112
 4.117500E+02  7.456433E-02  6.571230E-02  4.100494E-04                                 112
 4.120000E+02  7.457197E-02  6.571230E-02  4.101192E-04                                 112
 4.122500E+02  7.457962E-02  6.571230E-02  4.101893E-04                                 112
 4.125000E+02  7.458727E-02  6.571230E-02  4.102597E-04                                 112
 4.127500E+02  7.459492E-02  6.571230E-02  4.103304E-04                                 112
 4.130000E+02  7.460257E-02  6.571230E-02  4.104013E-04                                 112
 4.132500E+02  7.461023E-02  6.571230E-02  4.104726E-04                                 112
 4.135000E+02  7.461788E-02  6.571230E-02  4.105442E-04                                 112
 4.137500E+02  7.462554E-02  6.571230E-02  4.106160E-04                                 112
 4.140000E+02  7.463321E-02  6.571230E-02  4.106882E-04                                 112
 4.142500E+02  7.464087E-02  6.571230E-02  4.107607E-04                                 112
 4.145000E+02  7.464853E-02  6.571230E-02  4.108334E-04                                 112
 4.147500E+02  7.465620E-02  6.571230E-02  4.109064E-04                                 112
 4.150000E+02  7.466387E-02  6.571230E-02  4.109798E-04                                 112
 4.152500E+02  7.467155E-02  6.571230E-02  4.110534E-04                                 112
 4.155000E+02  7.467922E-02  6.571230E-02  4.111273E-04                                 112
 4.157500E+02  7.468690E-02  6.571230E-02  4.112015E-04                                 112
 4.160000E+02  7.469458E-02  6.571230E-02  4.112760E-04                                 112
 4.162500E+02  7.470226E-02  6.571230E-02  4.113508E-04                                 112
 4.165000E+02  7.470994E-02  6.571230E-02  4.114258E-04                                 112
 4.167500E+02  7.471763E-02  6.571230E-02  4.115012E-04                                 112
 4.170000E+02  7.472531E-02  6.571230E-02  4.115768E-04                                 112
 4.172500E+02  7.473300E-02  6.571230E-02  4.116528E-04                                 112
 4.175000E+02  7.474070E-02  6.571230E-02  4.117290E-04                                 112
 4.177500E+02  7.474839E-02  6.571230E-02  4.118055E-04                                 112
 4.180000E+02  7.475609E-02  6.571230E-02  4.118822E-04                                 112
 4.182500E+02  7.476379E-02  6.571230E-02  4.119593E-04                                 112
 4.185000E+02  7.477149E-02  6.571230E-02  4.120366E-04                                 112
 4.187500E+02  7.477919E-02  6.571230E-02  4.121143E-04                                 112
 4.190000E+02  7.478690E-02  6.571230E-02  4.121922E-04                                 112
 4.192500E+02  7.479460E-02  6.571230E-02  4.122704E-04                                 112
 4.195000E+02  7.480231E-02  6.571230E-02  4.123488E-04                                 112
 4.197500E+02  7.481003E-02  6.571230E-02  4.124276E-04                                 112
 4.200000E+02  7.481774E-02  6.571230E-02  4.125066E-04                                 112
 4.202500E+02  7.482546E-02  6.571230E-02  4.125859E-04                                 112
 4.205000E+02  7.483318E-02  6.571230E-02  4.126655E-04                                 112
 4.207500E+02  7.484090E-02  6.571230E-02  4.127453E-04                                 112
 4.210000E+02  7.484862E-02  6.571230E-02  4.128255E-04                                 112
 4.212500E+02  7.485635E-02  6.571230E-02  4.129059E-04                                 112
 4.215000E+02  7.486408E-02  6.571230E-02  4.129865E-04                                 112
 4.217500E+02  7.487181E-02  6.571230E-02  4.130675E-04                                 112
 4.220000E+02  7.487954E-02  6.571230E-02  4.131487E-04                                 112
 4.222500E+02  7.488727E-02  6.571230E-02  4.132302E-04                                 112
 4.225000E+02  7.489501E-02  6.571230E-02  4.133120E-04                                 112
 4.227500E+02  7.490275E-02  6.571230E-02  4.133940E-04                                 112
 4.230000E+02  7.491049E-02  6.571230E-02  4.134763E-04                                 112
 4.232500E+02  7.491824E-02  6.571230E-02  4.135589E-04                                 112
 4.235000E+02  7.492599E-02  6.571230E-02  4.136418E-04                                 112
 4.237500E+02  7.493373E-02  6.571230E-02  4.137249E-04                                 112
 4.240000E+02  7.494149E-02  6.571230E-02  4.138083E-04                                 112
 4.242500E+02  7.494924E-02  6.571230E-02  4.138920E-04                                 112
 4.245000E+02  7.495700E-02  6.571230E-02  4.139759E-04                                 112
 4.247500E+02  7.496476E-02  6.571230E-02  4.140601E-04                                 112
 4.250000E+02  7.497252E-02  6.571230E-02  4.141445E-04                                 112
 4.252500E+02  7.498028E-02  6.571230E-02  4.142293E-04                                 112
 4.255000E+02  7.498805E-02  6.571230E-02  4.143142E-04                                 112
 4.257500E+02  7.499581E-02  6.571230E-02  4.143995E-04                                 112
 4.260000E+02  7.500359E-02  6.571230E-02  4.144850E-04                                 112
 4.262500E+02  7.501136E-02  6.571230E-02  4.145708E-04                                 112
 4.265000E+02  7.501913E-02  6.571230E-02  4.146568E-04                                 112
 4.267500E+02  7.502691E-02  6.571230E-02  4.147432E-04                                 112
 4.270000E+02  7.503469E-02  6.571230E-02  4.148297E-04                                 112
 4.272500E+02  7.504248E-02  6.571230E-02  4.149166E-04                                 112
 4.275000E+02  7.505026E-02  6.571230E-02  4.150036E-04                                 112
 4.277500E+02  7.505805E-02  6.571230E-02  4.150910E-04                                 112
 4.280000E+02  7.506584E-02  6.571230E-02  4.151786E-04                                 112
 4.282500E+02  7.507363E-02  6.571230E-02  4.152665E-04                                 112
 4.285000E+02  7.508143E-02  6.571230E-02  4.153546E-04                                 112
 4.287500E+02  7.508922E-02  6.571230E-02  4.154430E-04                                 112
 4.290000E+02  7.509702E-02  6.571230E-02  4.155316E-04                                 112
 4.292500E+02  7.510483E-02  6.571230E-02  4.156205E-04                                 112
 4.295000E+02  7.511263E-02  6.571230E-02  4.157097E-04                                 112
 4.297500E+02  7.512044E-02  6.571230E-02  4.157991E-04                                 112
 4.300000E+02  7.512825E-02  6.571230E-02  4.158888E-04                                 112
 4.302500E+02  7.513606E-02  6.571230E-02  4.159787E-04                                 112
 4.305000E+02  7.514388E-02  6.571230E-02  4.160689E-04                                 112
 4.307500E+02  7.515169E-02  6.571230E-02  4.161593E-04                                 112
 4.310000E+02  7.515951E-02  6.571230E-02  4.162500E-04                                 112
 4.312500E+02  7.516734E-02  6.571230E-02  4.163409E-04                                 112
 4.315000E+02  7.517516E-02  6.571230E-02  4.164321E-04                                 112
 4.317500E+02  7.518299E-02  6.571230E-02  4.165236E-04                                 112
 4.320000E+02  7.519082E-02  6.571230E-02  4.166153E-04                                 112
 4.322500E+02  7.519865E-02  6.571230E-02  4.167072E-04                                 112
 4.325000E+02  7.520649E-02  6.571230E-02  4.167994E-04                                 112
 4.327500E+02  7.521433E-02  6.571230E-02  4.168919E-04                                 112
 4.330000E+02  7.522217E-02  6.571230E-02  4.169846E-04                                 112
 4.332500E+02  7.523001E-02  6.571230E-02  4.170775E-04                                 112
 4.335000E+02  7.523785E-02  6.571230E-02  4.171707E-04                                 112
 4.337500E+02  7.524570E-02  6.571230E-02  4.172641E-04                                 112
 4.340000E+02  7.525355E-02  6.571230E-02  4.173578E-04                                 112
 4.342500E+02  7.526141E-02  6.571230E-02  4.174518E-04                                 112
 4.345000E+02  7.526926E-02  6.571230E-02  4.175460E-04                                 112
 4.347500E+02  7.527712E-02  6.571230E-02  4.176404E-04                                 112
 4.350000E+02  7.528498E-02  6.571230E-02  4.177351E-04                                 112
 4.352500E+02  7.529284E-02  6.571230E-02  4.178300E-04                                 112
 4.355000E+02  7.530071E-02  6.571230E-02  4.179252E-04                                 112
 4.357500E+02  7.530858E-02  6.571230E-02  4.180206E-04                                 112
 4.360000E+02  7.531645E-02  6.571230E-02  4.181162E-04                                 112
 4.362500E+02  7.532433E-02  6.571230E-02  4.182121E-04                                 112
 4.365000E+02  7.533220E-02  6.571230E-02  4.183083E-04                                 112
 4.367500E+02  7.534008E-02  6.571230E-02  4.184046E-04                                 112
 4.370000E+02  7.534796E-02  6.571230E-02  4.185013E-04                                 112
 4.372500E+02  7.535585E-02  6.571230E-02  4.185981E-04                                 112
 4.375000E+02  7.536374E-02  6.571230E-02  4.186953E-04                                 112
 4.377500E+02  7.537163E-02  6.571230E-02  4.187926E-04                                 112
 4.380000E+02  7.537952E-02  6.571230E-02  4.188902E-04                                 112
 4.382500E+02  7.538741E-02  6.571230E-02  4.189880E-04                                 112
 4.385000E+02  7.539531E-02  6.571230E-02  4.190861E-04                                 112
 4.387500E+02  7.540321E-02  6.571230E-02  4.191844E-04                                 112
 4.390000E+02  7.541111E-02  6.571230E-02  4.192830E-04                                 112
 4.392500E+02  7.541902E-02  6.571230E-02  4.193818E-04                                 112
 4.395000E+02  7.542693E-02  6.571230E-02  4.194808E-04                                 112
 4.397500E+02  7.543484E-02  6.571230E-02  4.195801E-04                                 112
 4.400000E+02  7.544275E-02  6.571230E-02  4.196796E-04                                 112
 4.402500E+02  7.545067E-02  6.571230E-02  4.197793E-04                                 112
 4.405000E+02  7.545859E-02  6.571230E-02  4.198793E-04                                 112
 4.407500E+02  7.546651E-02  6.571230E-02  4.199795E-04                                 112
 4.410000E+02  7.547444E-02  6.571230E-02  4.200800E-04                                 112
 4.412500E+02  7.548237E-02  6.571230E-02  4.201806E-04                                 112
 4.415000E+02  7.549030E-02  6.571230E-02  4.202816E-04                                 112
 4.417500E+02  7.549823E-02  6.571230E-02  4.203827E-04                                 112
 4.420000E+02  7.550617E-02  6.571230E-02  4.204841E-04                                 112
 4.422500E+02  7.551410E-02  6.571230E-02  4.205857E-04                                 112
 4.425000E+02  7.552205E-02  6.571230E-02  4.206876E-04                                 112
 4.427500E+02  7.552999E-02  6.571230E-02  4.207897E-04                                 112
 4.430000E+02  7.553794E-02  6.571230E-02  4.208920E-04                                 112
 4.432500E+02  7.554589E-02  6.571230E-02  4.209946E-04                                 112
 4.435000E+02  7.555384E-02  6.571230E-02  4.210974E-04                                 112
 4.437500E+02  7.556179E-02  6.571230E-02  4.212004E-04                                 112
 4.440000E+02  7.556975E-02  6.571230E-02  4.213036E-04                                 112
 4.442500E+02  7.557771E-02  6.571230E-02  4.214071E-04                                 112
 4.445000E+02  7.558568E-02  6.571230E-02  4.215108E-04                                 112
 4.447500E+02  7.559364E-02  6.571230E-02  4.216148E-04                                 112
 4.450000E+02  7.560161E-02  6.571230E-02  4.217189E-04                                 112
 4.452500E+02  7.560958E-02  6.571230E-02  4.218233E-04                                 112
 4.455000E+02  7.561756E-02  6.571230E-02  4.219280E-04                                 112
 4.457500E+02  7.562554E-02  6.571230E-02  4.220328E-04                                 112
 4.460000E+02  7.563352E-02  6.571230E-02  4.221379E-04                                 112
 4.462500E+02  7.564150E-02  6.571230E-02  4.222433E-04                                 112
 4.465000E+02  7.564949E-02  6.571230E-02  4.223488E-04                                 112
 4.467500E+02  7.565748E-02  6.571230E-02  4.224546E-04                                 112
 4.470000E+02  7.566547E-02  6.571230E-02  4.225606E-04                                 112
 4.472500E+02  7.567346E-02  6.571230E-02  4.226668E-04                                 112
 4.475000E+02  7.568146E-02  6.571230E-02  4.227733E-04                                 112
 4.477500E+02  7.568946E-02  6.571230E-02  4.228800E-04                                 112
 4.480000E+02  7.569746E-02  6.571230E-02  4.229869E-04                                 112
 4.482500E+02  7.570547E-02  6.571230E-02  4.230940E-04                                 112
 4.485000E+02  7.571348E-02  6.571230E-02  4.232014E-04                                 112
 4.487500E+02  7.572149E-02  6.571230E-02  4.233089E-04                                 112
 4.490000E+02  7.572951E-02  6.571230E-02  4.234168E-04                                 112
 4.492500E+02  7.573752E-02  6.571230E-02  4.235248E-04                                 112
 4.495000E+02  7.574554E-02  6.571230E-02  4.236330E-04                                 112
 4.497500E+02  7.575357E-02  6.571230E-02  4.237415E-04                                 112
 4.500000E+02  7.576159E-02  6.571230E-02  4.238502E-04                                 112
 4.502500E+02  7.576962E-02  6.571230E-02  4.239592E-04                                 112
 4.505000E+02  7.577766E-02  6.571230E-02  4.240683E-04                                 112
 4.507500E+02  7.578569E-02  6.571230E-02  4.241777E-04                                 112
 4.510000E+02  7.579373E-02  6.571230E-02  4.242873E-04                                 112
 4.512500E+02  7.580177E-02  6.571230E-02  4.243971E-04                                 112
 4.515000E+02  7.580981E-02  6.571230E-02  4.245072E-04                                 112
 4.517500E+02  7.581786E-02  6.571230E-02  4.246174E-04                                 112
 4.520000E+02  7.582591E-02  6.571230E-02  4.247279E-04                                 112
 4.522500E+02  7.583396E-02  6.571230E-02  4.248386E-04                                 112
 4.525000E+02  7.584202E-02  6.571230E-02  4.249495E-04                                 112
 4.527500E+02  7.585008E-02  6.571230E-02  4.250607E-04                                 112
 4.530000E+02  7.585814E-02  6.571230E-02  4.251721E-04                                 112
 4.532500E+02  7.586621E-02  6.571230E-02  4.252836E-04                                 112
 4.535000E+02  7.587427E-02  6.571230E-02  4.253955E-04                                 112
 4.537500E+02  7.588234E-02  6.571230E-02  4.255075E-04                                 112
 4.540000E+02  7.589042E-02  6.571230E-02  4.256197E-04                                 112
 4.542500E+02  7.589849E-02  6.571230E-02  4.257322E-04                                 112
 4.545000E+02  7.590657E-02  6.571230E-02  4.258449E-04                                 112
 4.547500E+02  7.591466E-02  6.571230E-02  4.259578E-04                                 112
 4.550000E+02  7.592274E-02  6.571230E-02  4.260709E-04                                 112
 4.552500E+02  7.593083E-02  6.571230E-02  4.261842E-04                                 112
 4.555000E+02  7.593892E-02  6.571230E-02  4.262978E-04                                 112
 4.557500E+02  7.594702E-02  6.571230E-02  4.264116E-04                                 112
 4.560000E+02  7.595511E-02  6.571230E-02  4.265255E-04                                 112
 4.562500E+02  7.596321E-02  6.571230E-02  4.266398E-04                                 112
 4.565000E+02  7.597132E-02  6.571230E-02  4.267542E-04                                 112
 4.567500E+02  7.597943E-02  6.571230E-02  4.268688E-04                                 112
 4.570000E+02  7.598754E-02  6.571230E-02  4.269837E-04                                 112
 4.572500E+02  7.599565E-02  6.571230E-02  4.270987E-04                                 112
 4.575000E+02  7.600376E-02  6.571230E-02  4.272140E-04                                 112
 4.577500E+02  7.601188E-02  6.571230E-02  4.273295E-04                                 112
 4.580000E+02  7.602001E-02  6.571230E-02  4.274452E-04                                 112
 4.582500E+02  7.602813E-02  6.571230E-02  4.275612E-04                                 112
 4.585000E+02  7.603626E-02  6.571230E-02  4.276773E-04                                 112
 4.587500E+02  7.604439E-02  6.571230E-02  4.277937E-04                                 112
 4.590000E+02  7.605252E-02  6.571230E-02  4.279103E-04                                 112
 4.592500E+02  7.606066E-02  6.571230E-02  4.280270E-04                                 112
 4.595000E+02  7.606880E-02  6.571230E-02  4.281440E-04                                 112
 4.597500E+02  7.607695E-02  6.571230E-02  4.282613E-04                                 112
 4.600000E+02  7.608509E-02  6.571230E-02  4.283787E-04                                 112
 4.602500E+02  7.609324E-02  6.571230E-02  4.284963E-04                                 112
 4.605000E+02  7.610140E-02  6.571230E-02  4.286142E-04                                 112
 4.607500E+02  7.610955E-02  6.571230E-02  4.287323E-04                                 112
 4.610000E+02  7.611771E-02  6.571230E-02  9.796569E+02                                 112
 4.612500E+02  3.736073E+01  6.571230E-02  1.997040E+00                                 111
 4.615000E+02  3.738155E+01  6.571230E-02  2.228080E-03                                 111
 4.617500E+02  3.740238E+01  6.571230E-02  2.226802E-03                                 111
 4.620000E+02  3.742320E+01  6.571230E-02  2.225526E-03                                 111
 4.622500E+02  3.744402E+01  6.571230E-02  2.224252E-03                                 111
 4.625000E+02  3.746484E+01  6.571230E-02  2.222979E-03                                 111
 4.627500E+02  3.748566E+01  6.571230E-02  2.221707E-03                                 111
 4.630000E+02  3.750648E+01  6.571230E-02  2.220437E-03                                 111
 4.632500E+02  3.752730E+01  6.571230E-02  2.219168E-03                                 111
 4.635000E+02  3.754812E+01  6.571230E-02  2.217901E-03                                 111
 4.637500E+02  3.756894E+01  6.571230E-02  2.216636E-03                                 111
 4.640000E+02  3.758976E+01  6.571230E-02  2.215372E-03                                 111
 4.642500E+02  3.761058E+01  6.571230E-02  2.214109E-03                                 111
 4.645000E+02  3.763140E+01  6.571230E-02  2.212848E-03                                 111
 4.647500E+02  3.765221E+01  6.571230E-02  2.211588E-03                                 111
 4.650000E+02  3.767303E+01  6.571230E-02  2.210330E-03                                 111
 4.652500E+02  3.769385E+01  6.571230E-02  2.209073E-03                                 111
 4.655000E+02  3.771467E+01  6.571230E-02  2.207818E-03                                 111
 4.657500E+02  3.773548E+01  6.571230E-02  2.206564E-03                                 111
 4.660000E+02  3.775630E+01  6.571230E-02  2.205312E-03                                 111
 4.662500E+02  3.777711E+01  6.571230E-02  2.204061E-03                                 111
 4.665000E+02  3.779793E+01  6.571230E-02  2.202812E-03                                 111
 4.667500E+02  3.781875E+01  6.571230E-02  2.201564E-03                                 111
 4.670000E+02  3.783956E+01  6.571230E-02  2.200317E-03                                 111
 4.672500E+02  3.786038E+01  6.571230E-02  2.199072E-03                                 111
 4.675000E+02  3.788119E+01  6.571230E-02  2.197829E-03                                 111
 4.677500E+02  3.790200E+01  6.571230E-02  2.196586E-03                                 111
 4.680000E+02  3.792282E+01  6.571230E-02  2.195346E-03                                 111
 4.682500E+02  3.794363E+01  6.571230E-02  2.194106E-03                                 111
 4.685000E+02  3.796444E+01  6.571230E-02  2.192869E-03                                 111
 4.687500E+02  3.798526E+01  6.571230E-02  2.191632E-03                                 111
 4.690000E+02  3.800607E+01  6.571230E-02  2.190397E-03                                 111
 4.692500E+02  3.802688E+01  6.571230E-02  2.189164E-03                                 111
 4.695000E+02  3.804769E+01  6.571230E-02  2.187932E-03                                 111
 4.697500E+02  3.806850E+01  6.571230E-02  2.186701E-03                                 111
 4.700000E+02  3.808931E+01  6.571230E-02  2.185472E-03                                 111
 4.702500E+02  3.811012E+01  6.571230E-02  2.184244E-03                                 111
 4.705000E+02  3.813093E+01  6.571230E-02  2.183017E-03                                 111
 4.707500E+02  3.815174E+01  6.571230E-02  2.181792E-03                                 111
 4.710000E+02  3.817255E+01  6.571230E-02  2.180569E-03                                 111
 4.712500E+02  3.819336E+01  6.571230E-02  2.179347E-03                                 111
 4.715000E+02  3.821417E+01  6.571230E-02  2.178126E-03                                 111
 4.717500E+02  3.823498E+01  6.571230E-02  2.176906E-03                                 111
 4.720000E+02  3.825579E+01  6.571230E-02  2.175688E-03                                 111
 4.722500E+02  3.827660E+01  6.571230E-02  2.174472E-03                                 111
 4.725000E+02  3.829741E+01  6.571230E-02  2.173257E-03                                 111
 4.727500E+02  3.831821E+01  6.571230E-02  2.172043E-03                                 111
 4.730000E+02  3.833902E+01  6.571230E-02  2.170830E-03                                 111
 4.732500E+02  3.835983E+01  6.571230E-02  2.169619E-03                                 111
 4.735000E+02  3.838063E+01  6.571230E-02  2.168410E-03                                 111
 4.737500E+02  3.840144E+01  6.571230E-02  2.167202E-03                                 111
 4.740000E+02  3.842224E+01  6.571230E-02  2.165995E-03                                 111
 4.742500E+02  3.844305E+01  6.571230E-02  2.164789E-03                                 111
 4.745000E+02  3.846386E+01  6.571230E-02  2.163585E-03                                 111
 4.747500E+02  3.848466E+01  6.571230E-02  2.162382E-03                                 111
 4.750000E+02  3.850546E+01  6.571230E-02  2.161181E-03                                 111
 4.752500E+02  3.852627E+01  6.571230E-02  2.159981E-03                                 111
 4.755000E+02  3.854707E+01  6.571230E-02  2.158783E-03                                 111
 4.757500E+02  3.856788E+01  6.571230E-02  2.157585E-03                                 111
 4.760000E+02  3.858868E+01  6.571230E-02  2.156389E-03                                 111
 4.762500E+02  3.860948E+01  6.571230E-02  2.155195E-03                                 111
 4.765000E+02  3.863028E+01  6.571230E-02  2.154002E-03                                 111
 4.767500E+02  3.865109E+01  6.571230E-02  2.152810E-03                                 111
 4.770000E+02  3.867189E+01  6.571230E-02  2.151619E-03                                 111
 4.772500E+02  3.869269E+01  6.571230E-02  2.150430E-03                                 111
 4.775000E+02  3.871349E+01  6.571230E-02  2.149243E-03                                 111
 4.777500E+02  3.873429E+01  6.571230E-02  2.148056E-03                                 111
 4.780000E+02  3.875509E+01  6.571230E-02  2.146871E-03                                 111
 4.782500E+02  3.877589E+01  6.571230E-02  2.145687E-03                                 111
 4.785000E+02  3.879669E+01  6.571230E-02  2.144505E-03                                 111
 4.787500E+02  3.881749E+01  6.571230E-02  2.143324E-03                                 111
 4.790000E+02  3.883829E+01  6.571230E-02  2.142144E-03                                 111
 4.792500E+02  3.885909E+01  6.571230E-02  2.140966E-03                                 111
 4.795000E+02  3.887989E+01  6.571230E-02  2.139789E-03                                 111
 4.797500E+02  3.890069E+01  6.571230E-02  2.138613E-03                                 111
 4.800000E+02  3.892149E+01  6.571230E-02  2.137439E-03                                 111
 4.802500E+02  3.894229E+01  6.571230E-02  2.136266E-03                                 111
 4.805000E+02  3.896308E+01  6.571230E-02  2.135094E-03                                 111
 4.807500E+02  3.898388E+01  6.571230E-02  2.133924E-03                                 111
 4.810000E+02  3.900468E+01  6.571230E-02  2.132754E-03                                 111
 4.812500E+02  3.902547E+01  6.571230E-02  2.131587E-03                                 111
 4.815000E+02  3.904627E+01  6.571230E-02  2.130420E-03                                 111
 4.817500E+02  3.906707E+01  6.571230E-02  2.129255E-03                                 111
 4.820000E+02  3.908786E+01  6.571230E-02  2.128091E-03                                 111
 4.822500E+02  3.910866E+01  6.571230E-02  2.126929E-03                                 111
 4.825000E+02  3.912945E+01  6.571230E-02  2.125767E-03                                 111
 4.827500E+02  3.915025E+01  6.571230E-02  2.124607E-03                                 111
 4.830000E+02  3.917104E+01  6.571230E-02  2.123449E-03                                 111
 4.832500E+02  3.919184E+01  6.571230E-02  2.122291E-03                                 111
 4.835000E+02  3.921263E+01  6.571230E-02  2.121135E-03                                 111
 4.837500E+02  3.923342E+01  6.571230E-02  2.119980E-03                                 111
 4.840000E+02  3.925422E+01  6.571230E-02  2.118827E-03                                 111
 4.842500E+02  3.927501E+01  6.571230E-02  2.117675E-03                                 111
 4.845000E+02  3.929580E+01  6.571230E-02  2.116524E-03                                 111
 4.847500E+02  3.931660E+01  6.571230E-02  2.115374E-03                                 111
 4.850000E+02  3.933739E+01  6.571230E-02  2.114226E-03                                 111
 4.852500E+02  3.935818E+01  6.571230E-02  2.113079E-03                                 111
 4.855000E+02  3.937897E+01  6.571230E-02  2.111933E-03                                 111
 4.857500E+02  3.939976E+01  6.571230E-02  2.110788E-03                                 111
 4.860000E+02  3.942055E+01  6.571230E-02  2.109645E-03                                 111
 4.862500E+02  3.944135E+01  6.571230E-02  2.108503E-03                                 111
 4.865000E+02  3.946214E+01  6.571230E-02  2.107362E-03                                 111
 4.867500E+02  3.948293E+01  6.571230E-02  2.106223E-03                                 111
 4.870000E+02  3.950372E+01  6.571230E-02  2.105085E-03                                 111
 4.872500E+02  3.952450E+01  6.571230E-02  2.103948E-03                                 111
 4.875000E+02  3.954529E+01  6.571230E-02  2.102812E-03                                 111
 4.877500E+02  3.956608E+01  6.571230E-02  2.101678E-03                                 111
 4.880000E+02  3.958687E+01  6.571230E-02  2.100545E-03                                 111
 4.882500E+02  3.960766E+01  6.571230E-02  2.099413E-03                                 111
 4.885000E+02  3.962845E+01  6.571230E-02  2.098282E-03                                 111
 4.887500E+02  3.964924E+01  6.571230E-02  2.097153E-03                                 111
 4.890000E+02  3.967002E+01  6.571230E-02  2.096025E-03                                 111
 4.892500E+02  3.969081E+01  6.571230E-02  2.094898E-03                                 111
 4.895000E+02  3.971160E+01  6.571230E-02  2.093772E-03                                 111
 4.897500E+02  3.973238E+01  6.571230E-02  2.092648E-03                                 111
 4.900000E+02  3.975317E+01  6.571230E-02  2.091524E-03                                 111
 4.902500E+02  3.977396E+01  6.571230E-02  2.090402E-03                                 111
 4.905000E+02  3.979474E+01  6.571230E-02  2.089282E-03                                 111
 4.907500E+02  3.981553E+01  6.571230E-02  2.088162E-03                                 111
 4.910000E+02  3.983631E+01  6.571230E-02  2.087044E-03                                 111
 4.912500E+02  3.985710E+01  6.571230E-02  2.085927E-03                                 111
 4.915000E+02  3.987788E+01  6.571230E-02  2.084811E-03                                 111
 4.917500E+02  3.989867E+01  6.571230E-02  2.083696E-03                                 111
 4.920000E+02  3.991945E+01  6.571230E-02  2.082583E-03                                 111
 4.922500E+02  3.994023E+01  6.571230E-02  2.081471E-03                                 111
 4.925000E+02  3.996102E+01  6.571230E-02  2.080360E-03                                 111
 4.927500E+02  3.998180E+01  6.571230E-02  2.079250E-03                                 111
 4.930000E+02  4.000258E+01  6.571230E-02  2.078142E-03                                 111
 4.932500E+02  4.002337E+01  6.571230E-02  2.077034E-03                                 111
 4.935000E+02  4.004415E+01  6.571230E-02  2.075928E-03                                 111
 4.937500E+02  4.006493E+01  6.571230E-02  2.074824E-03                                 111
 4.940000E+02  4.008571E+01  6.571230E-02  2.073720E-03                                 111
 4.942500E+02  4.010649E+01  6.571230E-02  2.072617E-03                                 111
 4.945000E+02  4.012728E+01  6.571230E-02  2.071516E-03                                 111
 4.947500E+02  4.014806E+01  6.571230E-02  2.070416E-03                                 111
 4.950000E+02  4.016884E+01  6.571230E-02  2.069317E-03                                 111
 4.952500E+02  4.018962E+01  6.571230E-02  2.068219E-03                                 111
 4.955000E+02  4.021040E+01  6.571230E-02  2.067123E-03                                 111
 4.957500E+02  4.023118E+01  6.571230E-02  2.066028E-03                                 111
 4.960000E+02  4.025196E+01  6.571230E-02  2.064934E-03                                 111
 4.962500E+02  4.027274E+01  6.571230E-02  2.063841E-03                                 111
 4.965000E+02  4.029352E+01  6.571230E-02  2.062749E-03                                 111
 4.967500E+02  4.031429E+01  6.571230E-02  2.061658E-03                                 111
 4.970000E+02  4.033507E+01  6.571230E-02  2.060569E-03                                 111
 4.972500E+02  4.035585E+01  6.571230E-02  2.059481E-03                                 111
 4.975000E+02  4.037663E+01  6.571230E-02  2.058394E-03                                 111
 4.977500E+02  4.039741E+01  6.571230E-02  2.057308E-03                                 111
 4.980000E+02  4.041818E+01  6.571230E-02  2.056223E-03                                 111
 4.982500E+02  4.043896E+01  6.571230E-02  2.055140E-03                                 111
 4.985000E+02  4.045974E+01  6.571230E-02  2.054058E-03                                 111
 4.987500E+02  4.048051E+01  6.571230E-02  2.052976E-03                                 111
 4.990000E+02  4.050129E+01  6.571230E-02  2.051896E-03                                 111
 4.992500E+02  4.052207E+01  6.571230E-02  2.050818E-03                                 111
 4.995000E+02  4.054284E+01  6.571230E-02  2.049740E-03                                 111
 4.997500E+02  4.056362E+01  6.571230E-02  2.048663E-03                                 111
 5.000000E+02  4.058439E+01  6.571230E-02  2.047601E-03                                 111
