#         T/K     Cv/J*K^-1     Cp/J*K^-1
 2.500000E+02  4.828869E+01  4.828939E+01
 2.502500E+02  4.831219E+01  4.831289E+01
 2.505000E+02  4.833566E+01  4.833637E+01
 2.507500E+02  4.835913E+01  4.835983E+01
 2.510000E+02  4.838258E+01  4.838328E+01
 2.512500E+02  4.840602E+01  4.840673E+01
 2.515000E+02  4.842945E+01  4.843016E+01
 2.517500E+02  4.845287E+01  4.845358E+01
 2.520000E+02  4.847629E+01  4.847699E+01
 2.522500E+02  4.849969E+01  4.850039E+01
 2.525000E+02  4.852308E+01  4.852379E+01
 2.527500E+02  4.854646E+01  4.854717E+01
 2.530000E+02  4.856983E+01  4.857054E+01
 2.532500E+02  4.859320E+01  4.859390E+01
 2.535000E+02  4.861655E+01  4.861726E+01
 2.537500E+02  4.863989E+01  4.864060E+01
 2.540000E+02  4.866322E+01  4.866393E+01
 2.542500E+02  4.868655E+01  4.868726E+01
 2.545000E+02  4.870986E+01  4.871057E+01
 2.547500E+02  4.873317E+01  4.873388E+01
 2.550000E+02  4.875647E+01  4.875718E+01
 2.552500E+02  4.877975E+01  4.878046E+01
 2.555000E+02  4.880303E+01  4.880374E+01
 2.557500E+02  4.882630E+01  4.882701E+01
 2.560000E+02  4.884956E+01  4.885027E+01
 2.562500E+02  4.887281E+01  4.887352E+01
 2.565000E+02  4.889605E+01  4.889676E+01
 2.567500E+02  4.891929E+01  4.892000E+01
 2.570000E+02  4.894251E+01  4.894322E+01
 2.572500E+02  4.896573E+01  4.896644E+01
 2.575000E+02  4.898893E+01  4.898965E+01
 2.577500E+02  4.901213E+01  4.901285E+01
 2.580000E+02  4.903532E+01  4.903604E+01
 2.582500E+02  4.905851E+01  4.905922E+01
 2.585000E+02  4.908168E+01  4.908239E+01
 2.587500E+02  4.910485E+01  4.910556E+01
 2.590000E+02  4.912800E+01  4.912872E+01
 2.592500E+02  4.915115E+01  4.915187E+01
 2.595000E+02  4.917429E+01  4.917501E+01
 2.597500E+02  4.919743E+01  4.919814E+01
 2.600000E+02  4.922055E+01  4.922127E+01
 2.602500E+02  4.924367E+01  4.924438E+01
 2.605000E+02  4.926678E+01  4.926749E+01
 2.607500E+02  4.928988E+01  4.929060E+01
 2.610000E+02  4.931297E+01  4.931369E+01
 2.612500E+02  4.933606E+01  4.933677E+01
 2.615000E+02  4.935914E+01  4.935985E+01
 2.617500E+02  4.938221E+01  4.938292E+01
 2.620000E+02  4.940527E+01  4.940599E+01
 2.622500E+02  4.942832E+01  4.942904E+01
 2.625000E+02  4.945137E+01  4.945209E+01
 2.627500E+02  4.947441E+01  4.947513E+01
 2.630000E+02  4.949745E+01  4.949817E+01
 2.632500E+02  4.952047E+01  4.952119E+01
 2.635000E+02  4.954349E+01  4.954421E+01
 2.637500E+02  4.956650E+01  4.956722E+01
 2.640000E+02  4.958951E+01  4.959023E+01
 2.642500E+02  4.961250E+01  4.961322E+01
 2.645000E+02  4.963549E+01  4.963621E+01
 2.647500E+02  4.965848E+01  4.965920E+01
 2.650000E+02  4.968145E+01  4.968217E+01
 2.652500E+02  4.970442E+01  4.970514E+01
 2.655000E+02  4.972738E+01  4.972810E+01
 2.657500E+02  4.975034E+01  4.975106E+01
 2.660000E+02  4.977329E+01  4.977401E+01
 2.662500E+02  4.979623E+01  4.979695E+01
 2.665000E+02  4.981916E+01  4.981989E+01
 2.667500E+02  4.984209E+01  4.984282E+01
 2.670000E+02  4.986501E+01  4.986574E+01
 2.672500E+02  4.988793E+01  4.988865E+01
 2.675000E+02  4.991084E+01  4.991156E+01
 2.677500E+02  4.993374E+01  4.993446E+01
 2.680000E+02  4.995664E+01  4.995736E+01
 2.682500E+02  4.997952E+01  4.998025E+01
 2.685000E+02  5.000241E+01  5.000313E+01
 2.687500E+02  5.002528E+01  5.002601E+01
 2.690000E+02  5.004815E+01  5.004888E+01
 2.692500E+02  5.007102E+01  5.007174E+01
 2.695000E+02  5.009388E+01  5.009460E+01
 2.697500E+02  5.011673E+01  5.011745E+01
 2.700000E+02  5.013957E+01  5.014030E+01
 2.702500E+02  5.016241E+01  5.016314E+01
 2.705000E+02  5.018524E+01  5.018597E+01
 2.707500E+02  5.020807E+01  5.020880E+01
 2.710000E+02  5.023089E+01  5.023162E+01
 2.712500E+02  5.025371E+01  5.025443E+01
 2.715000E+02  5.027652E+01  5.027724E+01
 2.717500E+02  5.029932E+01  5.030005E+01
 2.720000E+02  5.032212E+01  5.032284E+01
 2.722500E+02  5.034491E+01  5.034564E+01
 2.725000E+02  5.036769E+01  5.036842E+01
 2.727500E+02  5.039047E+01  5.039120E+01
 2.730000E+02  5.041325E+01  5.041398E+01
 2.732500E+02  5.043602E+01  5.043674E+01
 2.735000E+02  5.045878E+01  5.045951E+01
 2.737500E+02  5.048153E+01  5.048226E+01
 2.740000E+02  5.050429E+01  5.050501E+01
 2.742500E+02  5.052703E+01  5.052776E+01
 2.745000E+02  5.054977E+01  5.055050E+01
 2.747500E+02  5.057250E+01  5.057323E+01
 2.750000E+02  5.059523E+01  5.059596E+01
 2.752500E+02  5.061796E+01  5.061868E+01
 2.755000E+02  5.064067E+01  5.064140E+01
 2.757500E+02  5.066338E+01  5.066411E+01
 2.760000E+02  5.068609E+01  5.068682E+01
 2.762500E+02  5.070879E+01  5.070952E+01
 2.765000E+02  5.073149E+01  5.073222E+01
 2.767500E+02  5.075418E+01  5.075491E+01
 2.770000E+02  5.077686E+01  5.077759E+01
 2.772500E+02  5.079954E+01  5.080027E+01
 2.775000E+02  5.082222E+01  5.082295E+01
 2.777500E+02  5.084488E+01  5.084561E+01
 2.780000E+02  5.086755E+01  5.086828E+01
 2.782500E+02  5.089020E+01  5.089094E+01
 2.785000E+02  5.091286E+01  5.091359E+01
 2.787500E+02  5.093550E+01  5.093624E+01
 2.790000E+02  5.095815E+01  5.095888E+01
 2.792500E+02  5.098078E+01  5.098151E+01
 2.795000E+02  5.100341E+01  5.100415E+01
 2.797500E+02  5.102604E+01  5.102677E+01
 2.800000E+02  5.104866E+01  5.104939E+01
 2.802500E+02  5.107128E+01  5.107201E+01
 2.805000E+02  5.109389E+01  5.109462E+01
 2.807500E+02  5.111649E+01  5.111723E+01
 2.810000E+02  5.113909E+01  5.113983E+01
 2.812500E+02  5.116169E+01  5.116242E+01
 2.815000E+02  5.118428E+01  5.118501E+01
 2.817500E+02  5.120687E+01  5.120760E+01
 2.820000E+02  5.122945E+01  5.123018E+01
 2.822500E+02  5.125202E+01  5.125275E+01
 2.825000E+02  5.127459E+01  5.127532E+01
 2.827500E+02  5.129715E+01  5.129789E+01
 2.830000E+02  5.131971E+01  5.132045E+01
 2.832500E+02  5.134227E+01  5.134300E+01
 2.835000E+02  5.136482E+01  5.136555E+01
 2.837500E+02  5.138736E+01  5.138810E+01
 2.840000E+02  5.140990E+01  5.141064E+01
 2.842500E+02  5.143244E+01  5.143317E+01
 2.845000E+02  5.145496E+01  5.145570E+01
 2.847500E+02  5.147749E+01  5.147822E+01
 2.850000E+02  5.150001E+01  5.150074E+01
 2.852500E+02  5.152252E+01  5.152326E+01
 2.855000E+02  5.154503E+01  5.154577E+01
 2.857500E+02  5.156753E+01  5.156827E+01
 2.860000E+02  5.159003E+01  5.159077E+01
 2.862500E+02  5.161253E+01  5.161326E+01
 2.865000E+02  5.163502E+01  5.163575E+01
 2.867500E+02  5.165750E+01  5.165824E+01
 2.870000E+02  5.167998E+01  5.168071E+01
 2.872500E+02  5.170245E+01  5.170319E+01
 2.875000E+02  5.172492E+01  5.172566E+01
 2.877500E+02  5.174739E+01  5.174812E+01
 2.880000E+02  5.176984E+01  5.177058E+01
 2.882500E+02  5.179230E+01  5.179303E+01
 2.885000E+02  5.181475E+01  5.181548E+01
 2.887500E+02  5.183719E+01  5.183793E+01
 2.890000E+02  5.185963E+01  5.186037E+01
 2.892500E+02  5.188206E+01  5.188280E+01
 2.895000E+02  5.190449E+01  5.190523E+01
 2.897500E+02  5.192692E+01  5.192765E+01
 2.900000E+02  5.194933E+01  5.195007E+01
 2.902500E+02  5.197175E+01  5.197248E+01
 2.905000E+02  5.199416E+01  5.199489E+01
 2.907500E+02  5.201656E+01  5.201730E+01
 2.910000E+02  5.203896E+01  5.203969E+01
 2.912500E+02  5.206135E+01  5.206209E+01
 2.915000E+02  5.208374E+01  5.208448E+01
 2.917500E+02  5.210612E+01  5.210686E+01
 2.920000E+02  5.212850E+01  5.212924E+01
 2.922500E+02  5.215087E+01  5.215161E+01
 2.925000E+02  5.217324E+01  5.217398E+01
 2.927500E+02  5.219560E+01  5.219634E+01
 2.930000E+02  5.221796E+01  5.221870E+01
 2.932500E+02  5.224031E+01  5.224105E+01
 2.935000E+02  5.226266E+01  5.226340E+01
 2.937500E+02  5.228500E+01  5.228574E+01
 2.940000E+02  5.230734E+01  5.230808E+01
 2.942500E+02  5.232967E+01  5.233041E+01
 2.945000E+02  5.235200E+01  5.235273E+01
 2.947500E+02  5.237432E+01  5.237506E+01
 2.950000E+02  5.239663E+01  5.239737E+01
 2.952500E+02  5.241894E+01  5.241968E+01
 2.955000E+02  5.244125E+01  5.244199E+01
 2.957500E+02  5.246355E+01  5.246429E+01
 2.960000E+02  5.248584E+01  5.248658E+01
 2.962500E+02  5.250813E+01  5.250887E+01
 2.965000E+02  5.253042E+01  5.253116E+01
 2.967500E+02  5.255269E+01  5.255344E+01
 2.970000E+02  5.257497E+01  5.257571E+01
 2.972500E+02  5.259724E+01  5.259798E+01
 2.975000E+02  5.261950E+01  5.262024E+01
 2.977500E+02  5.264176E+01  5.264250E+01
 2.980000E+02  5.266401E+01  5.266475E+01
 2.982500E+02  5.268625E+01  5.268700E+01
 2.985000E+02  5.270849E+01  5.270924E+01
 2.987500E+02  5.273073E+01  5.273147E+01
 2.990000E+02  5.275296E+01  5.275370E+01
 2.992500E+02  5.277518E+01  5.277593E+01
 2.995000E+02  5.279740E+01  5.279815E+01
 2.997500E+02  5.281962E+01  5.282036E+01
 3.000000E+02  5.284182E+01  5.284257E+01
 3.002500E+02  5.286403E+01  5.286477E+01
 3.005000E+02  5.288622E+01  5.288697E+01
 3.007500E+02  5.290841E+01  5.290916E+01
 3.010000E+02  5.293060E+01  5.293134E+01
 3.012500E+02  5.295278E+01  5.295352E+01
 3.015000E+02  5.297495E+01  5.297570E+01
 3.017500E+02  5.299712E+01  5.299787E+01
 3.020000E+02  5.301928E+01  5.302003E+01
 3.022500E+02  5.304144E+01  5.304219E+01
 3.025000E+02  5.306359E+01  5.306434E+01
 3.027500E+02  5.308574E+01  5.308648E+01
 3.030000E+02  5.310788E+01  5.310862E+01
 3.032500E+02  5.313001E+01  5.313075E+01
 3.035000E+02  5.315214E+01  5.315288E+01
 3.037500E+02  5.317426E+01  5.317500E+01
 3.040000E+02  5.319637E+01  5.319712E+01
 3.042500E+02  5.321848E+01  5.321923E+01
 3.045000E+02  5.324059E+01  5.324133E+01
 3.047500E+02  5.326268E+01  5.326343E+01
 3.050000E+02  5.328478E+01  5.328552E+01
 3.052500E+02  5.330686E+01  5.330761E+01
 3.055000E+02  5.332894E+01  5.332969E+01
 3.057500E+02  5.335101E+01  5.335176E+01
 3.060000E+02  5.337308E+01  5.337383E+01
 3.062500E+02  5.339514E+01  5.339589E+01
 3.065000E+02  5.341720E+01  5.341795E+01
 3.067500E+02  5.343925E+01  5.343999E+01
 3.070000E+02  5.346129E+01  5.346204E+01
 3.072500E+02  5.348332E+01  5.348407E+01
 3.075000E+02  5.350535E+01  5.350610E+01
 3.077500E+02  5.352738E+01  5.352813E+01
 3.080000E+02  5.354939E+01  5.355014E+01
 3.082500E+02  5.357140E+01  5.357216E+01
 3.085000E+02  5.359341E+01  5.359416E+01
 3.087500E+02  5.361541E+01  5.361616E+01
 3.090000E+02  5.363740E+01  5.363815E+01
 3.092500E+02  5.365938E+01  5.366013E+01
 3.095000E+02  5.368136E+01  5.368211E+01
 3.097500E+02  5.370333E+01  5.370408E+01
 3.100000E+02  5.372530E+01  5.372605E+01
 3.102500E+02  5.374726E+01  5.374801E+01
 3.105000E+02  5.376921E+01  5.376996E+01
 3.107500E+02  5.379115E+01  5.379191E+01
 3.110000E+02  5.381309E+01  5.381384E+01
 3.112500E+02  5.383502E+01  5.383578E+01
 3.115000E+02  5.385695E+01  5.385770E+01
 3.117500E+02  5.387886E+01  5.387962E+01
 3.120000E+02  5.390077E+01  5.390153E+01
 3.122500E+02  5.392268E+01  5.392343E+01
 3.125000E+02  5.394458E+01  5.394533E+01
 3.127500E+02  5.396647E+01  5.396722E+01
 3.130000E+02  5.398835E+01  5.398910E+01
 3.132500E+02  5.401022E+01  5.401098E+01
 3.135000E+02  5.403209E+01  5.403285E+01
 3.137500E+02  5.405395E+01  5.405471E+01
 3.140000E+02  5.407581E+01  5.407657E+01
 3.142500E+02  5.409766E+01  5.409841E+01
 3.145000E+02  5.411950E+01  5.412026E+01
 3.147500E+02  5.414133E+01  5.414209E+01
 3.150000E+02  5.416316E+01  5.416391E+01
 3.152500E+02  5.418497E+01  5.418573E+01
 3.155000E+02  5.420678E+01  5.420754E+01
 3.157500E+02  5.422859E+01  5.422935E+01
 3.160000E+02  5.425038E+01  5.425114E+01
 3.162500E+02  5.427217E+01  5.427293E+01
 3.165000E+02  5.429395E+01  5.429472E+01
 3.167500E+02  5.431573E+01  5.431649E+01
 3.170000E+02  5.433749E+01  5.433826E+01
 3.172500E+02  5.435925E+01  5.436001E+01
 3.175000E+02  5.438100E+01  5.438177E+01
 3.177500E+02  5.440275E+01  5.440351E+01
 3.180000E+02  5.442448E+01  5.442524E+01
 3.182500E+02  5.444621E+01  5.444697E+01
 3.185000E+02  5.446793E+01  5.446869E+01
 3.187500E+02  5.448964E+01  5.449040E+01
 3.190000E+02  5.451134E+01  5.451211E+01
 3.192500E+02  5.453304E+01  5.453381E+01
 3.195000E+02  5.455473E+01  5.455549E+01
 3.197500E+02  5.457641E+01  5.457717E+01
 3.200000E+02  5.459808E+01  5.459885E+01
 3.202500E+02  5.461974E+01  5.462051E+01
 3.205000E+02  5.464140E+01  5.464217E+01
 3.207500E+02  5.466305E+01  5.466381E+01
 3.210000E+02  5.468469E+01  5.468545E+01
 3.212500E+02  5.470632E+01  5.470709E+01
 3.215000E+02  5.472794E+01  5.472871E+01
 3.217500E+02  5.474955E+01  5.475032E+01
 3.220000E+02  5.477116E+01  5.477193E+01
 3.222500E+02  5.479276E+01  5.479353E+01
 3.225000E+02  5.481435E+01  5.481512E+01
 3.227500E+02  5.483593E+01  5.483670E+01
 3.230000E+02  5.485750E+01  5.485827E+01
 3.232500E+02  5.487906E+01  5.487984E+01
 3.235000E+02  5.490062E+01  5.490139E+01
 3.237500E+02  5.492216E+01  5.492294E+01
 3.240000E+02  5.494370E+01  5.494448E+01
 3.242500E+02  5.496523E+01  5.496601E+01
 3.245000E+02  5.498675E+01  5.498753E+01
 3.247500E+02  5.500826E+01  5.500904E+01
 3.250000E+02  5.502976E+01  5.503054E+01
 3.252500E+02  5.505126E+01  5.505204E+01
 3.255000E+02  5.507274E+01  5.507352E+01
 3.257500E+02  5.509422E+01  5.509500E+01
 3.260000E+02  5.511568E+01  5.511646E+01
 3.262500E+02  5.513714E+01  5.513792E+01
 3.265000E+02  5.515859E+01  5.515937E+01
 3.267500E+02  5.518003E+01  5.518081E+01
 3.270000E+02  5.520146E+01  5.520224E+01
 3.272500E+02  5.522288E+01  5.522366E+01
 3.275000E+02  5.524429E+01  5.524507E+01
 3.277500E+02  5.526569E+01  5.526647E+01
 3.280000E+02  5.528708E+01  5.528787E+01
 3.282500E+02  5.530847E+01  5.530925E+01
 3.285000E+02  5.532984E+01  5.533063E+01
 3.287500E+02  5.535120E+01  5.535199E+01
 3.290000E+02  5.537256E+01  5.537335E+01
 3.292500E+02  5.539390E+01  5.539469E+01
 3.295000E+02  5.541524E+01  5.541603E+01
 3.297500E+02  5.543656E+01  5.543735E+01
 3.300000E+02  5.545788E+01  5.545867E+01
 3.302500E+02  5.547919E+01  5.547997E+01
 3.305000E+02  5.550048E+01  5.550127E+01
 3.307500E+02  5.552177E+01  5.552256E+01
 3.310000E+02  5.554304E+01  5.554383E+01
 3.312500E+02  5.556431E+01  5.556510E+01
 3.315000E+02  5.558557E+01  5.558636E+01
 3.317500E+02  5.560681E+01  5.560760E+01
 3.320000E+02  5.562805E+01  5.562884E+01
 3.322500E+02  5.564927E+01  5.565007E+01
 3.325000E+02  5.567049E+01  5.567128E+01
 3.327500E+02  5.569169E+01  5.569249E+01
 3.330000E+02  5.571289E+01  5.571368E+01
 3.332500E+02  5.573407E+01  5.573487E+01
 3.335000E+02  5.575525E+01  5.575604E+01
 3.337500E+02  5.577641E+01  5.577721E+01
 3.340000E+02  5.579756E+01  5.579836E+01
 3.342500E+02  5.581871E+01  5.581951E+01
 3.345000E+02  5.583984E+01  5.584064E+01
 3.347500E+02  5.586096E+01  5.586176E+01
 3.350000E+02  5.588207E+01  5.588287E+01
 3.352500E+02  5.590317E+01  5.590397E+01
 3.355000E+02  5.592426E+01  5.592506E+01
 3.357500E+02  5.594534E+01  5.594614E+01
 3.360000E+02  5.596640E+01  5.596721E+01
 3.362500E+02  5.598746E+01  5.598827E+01
 3.365000E+02  5.600851E+01  5.600931E+01
 3.367500E+02  5.602954E+01  5.603035E+01
 3.370000E+02  5.605056E+01  5.605137E+01
 3.372500E+02  5.607158E+01  5.607238E+01
 3.375000E+02  5.609258E+01  5.609339E+01
 3.377500E+02  5.611357E+01  5.611438E+01
 3.380000E+02  5.613454E+01  5.613536E+01
 3.382500E+02  5.615551E+01  5.615632E+01
 3.385000E+02  5.617647E+01  5.617728E+01
 3.387500E+02  5.619741E+01  5.619823E+01
 3.390000E+02  5.621834E+01  5.621916E+01
 3.392500E+02  5.623927E+01  5.624008E+01
 3.395000E+02  5.626017E+01  5.626099E+01
 3.397500E+02  5.628107E+01  5.628189E+01
 3.400000E+02  5.630196E+01  5.630278E+01
 3.402500E+02  5.632283E+01  5.632365E+01
 3.405000E+02  5.634370E+01  5.634452E+01
 3.407500E+02  5.636455E+01  5.636537E+01
 3.410000E+02  5.638539E+01  5.638621E+01
 3.412500E+02  5.640621E+01  5.640704E+01
 3.415000E+02  5.642703E+01  5.642785E+01
 3.417500E+02  5.644783E+01  5.644866E+01
 3.420000E+02  5.646862E+01  5.646945E+01
 3.422500E+02  5.648940E+01  5.649023E+01
 3.425000E+02  5.651017E+01  5.651100E+01
 3.427500E+02  5.653092E+01  5.653175E+01
 3.430000E+02  5.655167E+01  5.655250E+01
 3.432500E+02  5.657240E+01  5.657323E+01
 3.435000E+02  5.659311E+01  5.659394E+01
 3.437500E+02  5.661382E+01  5.661465E+01
 3.440000E+02  5.663451E+01  5.663534E+01
 3.442500E+02  5.665519E+01  5.665602E+01
 3.445000E+02  5.667586E+01  5.667669E+01
 3.447500E+02  5.669651E+01  5.669735E+01
 3.450000E+02  5.671715E+01  5.671799E+01
 3.452500E+02  5.673778E+01  5.673862E+01
 3.455000E+02  5.675840E+01  5.675924E+01
 3.457500E+02  5.677900E+01  5.677984E+01
 3.460000E+02  5.679959E+01  5.680044E+01
 3.462500E+02  5.682017E+01  5.682101E+01
 3.465000E+02  5.684074E+01  5.684158E+01
 3.467500E+02  5.686129E+01  5.686213E+01
 3.470000E+02  5.688183E+01  5.688267E+01
 3.472500E+02  5.690235E+01  5.690320E+01
 3.475000E+02  5.692286E+01  5.692371E+01
 3.477500E+02  5.694336E+01  5.694421E+01
 3.480000E+02  5.696385E+01  5.696470E+01
 3.482500E+02  5.698432E+01  5.698517E+01
 3.485000E+02  5.700478E+01  5.700563E+01
 3.487500E+02  5.702523E+01  5.702608E+01
 3.490000E+02  5.704566E+01  5.704651E+01
 3.492500E+02  5.706607E+01  5.706693E+01
 3.495000E+02  5.708648E+01  5.708734E+01
 3.497500E+02  5.710687E+01  5.710773E+01
 3.500000E+02  5.712725E+01  5.712811E+01
 3.502500E+02  5.714761E+01  5.714847E+01
 3.505000E+02  5.716796E+01  5.716882E+01
 3.507500E+02  5.718829E+01  5.718916E+01
 3.510000E+02  5.720862E+01  5.720948E+01
 3.512500E+02  5.722892E+01  5.722979E+01
 3.515000E+02  5.724922E+01  5.725008E+01
 3.517500E+02  5.726950E+01  5.727036E+01
 3.520000E+02  5.728976E+01  5.729063E+01
 3.522500E+02  5.731001E+01  5.731088E+01
 3.525000E+02  5.733025E+01  5.733112E+01
 3.527500E+02  5.735047E+01  5.735134E+01
 3.530000E+02  5.737068E+01  5.737155E+01
 3.532500E+02  5.739087E+01  5.739174E+01
 3.535000E+02  5.741105E+01  5.741192E+01
 3.537500E+02  5.743121E+01  5.743209E+01
 3.540000E+02  5.745136E+01  5.745224E+01
 3.542500E+02  5.747150E+01  5.747237E+01
 3.545000E+02  5.749162E+01  5.749250E+01
 3.547500E+02  5.751172E+01  5.751260E+01
 3.550000E+02  5.753181E+01  5.753269E+01
 3.552500E+02  5.755189E+01  5.755277E+01
 3.555000E+02  5.757195E+01  5.757283E+01
 3.557500E+02  5.759199E+01  5.759288E+01
 3.560000E+02  5.761202E+01  5.761291E+01
 3.562500E+02  5.763204E+01  5.763293E+01
 3.565000E+02  5.765204E+01  5.765293E+01
 3.567500E+02  5.767202E+01  5.767291E+01
 3.570000E+02  5.769199E+01  5.769288E+01
 3.572500E+02  5.771194E+01  5.771284E+01
 3.575000E+02  5.773188E+01  5.773278E+01
 3.577500E+02  5.775181E+01  5.775270E+01
 3.580000E+02  5.777171E+01  5.777261E+01
 3.582500E+02  5.779161E+01  5.779251E+01
 3.585000E+02  5.781148E+01  5.781238E+01
 3.587500E+02  5.783134E+01  5.783225E+01
 3.590000E+02  5.785119E+01  5.785209E+01
 3.592500E+02  5.787102E+01  5.787192E+01
 3.595000E+02  5.789083E+01  5.789174E+01
 3.597500E+02  5.791063E+01  5.791154E+01
 3.600000E+02  5.793041E+01  5.793132E+01
 3.602500E+02  5.795017E+01  5.795109E+01
 3.605000E+02  5.796992E+01  5.797084E+01
 3.607500E+02  5.798966E+01  5.799057E+01
 3.610000E+02  5.800937E+01  5.801029E+01
 3.612500E+02  5.802907E+01  5.802999E+01
 3.615000E+02  5.804876E+01  5.804968E+01
 3.617500E+02  5.806842E+01  5.806935E+01
 3.620000E+02  5.808808E+01  5.808900E+01
 3.622500E+02  5.810771E+01  5.810863E+01
 3.625000E+02  5.812733E+01  5.812825E+01
 3.627500E+02  5.814693E+01  5.814786E+01
 3.630000E+02  5.816652E+01  5.816744E+01
 3.632500E+02  5.818608E+01  5.818701E+01
 3.635000E+02  5.820564E+01  5.820657E+01
 3.637500E+02  5.822517E+01  5.822610E+01
 3.640000E+02  5.824469E+01  5.824562E+01
 3.642500E+02  5.826419E+01  5.826512E+01
 3.645000E+02  5.828367E+01  5.828461E+01
 3.647500E+02  5.830313E+01  5.830407E+01
 3.650000E+02  5.832258E+01  5.832352E+01
 3.652500E+02  5.834201E+01  5.834296E+01
 3.655000E+02  5.836143E+01  5.836237E+01
 3.657500E+02  5.838082E+01  5.838177E+01
 3.660000E+02  5.840021E+01  5.840115E+01
 3.662500E+02  5.841957E+01  5.842052E+01
 3.665000E+02  5.843891E+01  5.843986E+01
 3.667500E+02  5.845824E+01  5.845919E+01
 3.670000E+02  5.847755E+01  5.847851E+01
 3.672500E+02  5.849684E+01  5.849780E+01
 3.675000E+02  5.851612E+01  5.851708E+01
 3.677500E+02  5.853537E+01  5.853633E+01
 3.680000E+02  5.855461E+01  5.855558E+01
 3.682500E+02  5.857383E+01  5.857480E+01
 3.685000E+02  5.859304E+01  5.859400E+01
 3.687500E+02  5.861222E+01  5.861319E+01
 3.690000E+02  5.863139E+01  5.863236E+01
 3.692500E+02  5.865054E+01  5.865151E+01
 3.695000E+02  5.866967E+01  5.867064E+01
 3.697500E+02  5.868878E+01  5.868976E+01
 3.700000E+02  5.870787E+01  5.870885E+01
 3.702500E+02  5.872695E+01  5.872793E+01
 3.705000E+02  5.874601E+01  5.874699E+01
 3.707500E+02  5.876505E+01  5.876603E+01
 3.710000E+02  5.878407E+01  5.878505E+01
 3.712500E+02  5.880307E+01  5.880405E+01
 3.715000E+02  5.882205E+01  5.882304E+01
 3.717500E+02  5.884101E+01  5.884200E+01
 3.720000E+02  5.885996E+01  5.886095E+01
 3.722500E+02  5.887888E+01  5.887988E+01
 3.725000E+02  5.889779E+01  5.889879E+01
 3.727500E+02  5.891668E+01  5.891768E+01
 3.730000E+02  5.893555E+01  5.893655E+01
 3.732500E+02  5.895440E+01  5.895540E+01
 3.735000E+02  5.897323E+01  5.897423E+01
 3.737500E+02  5.899204E+01  5.899305E+01
 3.740000E+02  5.901083E+01  5.901184E+01
 3.742500E+02  5.902961E+01  5.903061E+01
 3.745000E+02  5.904836E+01  5.904937E+01
 3.747500E+02  5.906709E+01  5.906811E+01
 3.750000E+02  5.908581E+01  5.908682E+01
 3.752500E+02  5.910450E+01  5.910552E+01
 3.755000E+02  5.912318E+01  5.912420E+01
 3.757500E+02  5.914183E+01  5.914285E+01
 3.760000E+02  5.916047E+01  5.916149E+01
 3.762500E+02  5.917908E+01  5.918011E+01
 3.765000E+02  5.919768E+01  5.919870E+01
 3.767500E+02  5.921625E+01  5.921728E+01
 3.770000E+02  5.923481E+01  5.923584E+01
 3.772500E+02  5.925334E+01  5.925438E+01
 3.775000E+02  5.927186E+01  5.927289E+01
 3.777500E+02  5.929035E+01  5.929139E+01
 3.780000E+02  5.930883E+01  5.930987E+01
 3.782500E+02  5.932728E+01  5.932832E+01
 3.785000E+02  5.934572E+01  5.934676E+01
 3.787500E+02  5.936413E+01  5.936518E+01
 3.790000E+02  5.938252E+01  5.938357E+01
 3.792500E+02  5.940089E+01  5.940195E+01
 3.795000E+02  5.941925E+01  5.942030E+01
 3.797500E+02  5.943758E+01  5.943863E+01
 3.800000E+02  5.945589E+01  5.945694E+01
 3.802500E+02  5.947418E+01  5.947523E+01
 3.805000E+02  5.949244E+01  5.949350E+01
 3.807500E+02  5.951069E+01  5.951175E+01
 3.810000E+02  5.952892E+01  5.952998E+01
 3.812500E+02  5.954712E+01  5.954819E+01
 3.815000E+02  5.956530E+01  5.956637E+01
 3.817500E+02  5.958347E+01  5.958454E+01
 3.820000E+02  5.960161E+01  5.960268E+01
 3.822500E+02  5.961973E+01  5.962080E+01
 3.825000E+02  5.963782E+01  5.963890E+01
 3.827500E+02  5.965590E+01  5.965698E+01
 3.830000E+02  5.967396E+01  5.967504E+01
 3.832500E+02  5.969199E+01  5.969308E+01
 3.835000E+02  5.971000E+01  5.971109E+01
 3.837500E+02  5.972799E+01  5.972908E+01
 3.840000E+02  5.974596E+01  5.974705E+01
 3.842500E+02  5.976390E+01  5.976500E+01
 3.845000E+02  5.978183E+01  5.978293E+01
 3.847500E+02  5.979973E+01  5.980083E+01
 3.850000E+02  5.981761E+01  5.981871E+01
 3.852500E+02  5.983547E+01  5.983657E+01
 3.855000E+02  5.985330E+01  5.985441E+01
 3.857500E+02  5.987112E+01  5.987223E+01
 3.860000E+02  5.988891E+01  5.989002E+01
 3.862500E+02  5.990668E+01  5.990779E+01
 3.865000E+02  5.992442E+01  5.992554E+01
 3.867500E+02  5.994215E+01  5.994327E+01
 3.870000E+02  5.995985E+01  5.996097E+01
 3.872500E+02  5.997752E+01  5.997865E+01
 3.875000E+02  5.999518E+01  5.999631E+01
 3.877500E+02  6.001281E+01  6.001394E+01
 3.880000E+02  6.003042E+01  6.003156E+01
 3.882500E+02  6.004801E+01  6.004915E+01
 3.885000E+02  6.006557E+01  6.006671E+01
 3.887500E+02  6.008311E+01  6.008426E+01
 3.890000E+02  6.010063E+01  6.010178E+01
 3.892500E+02  6.011812E+01  6.011927E+01
 3.895000E+02  6.013560E+01  6.013675E+01
 3.897500E+02  6.015304E+01  6.015420E+01
 3.900000E+02  6.017047E+01  6.017162E+01
 3.902500E+02  6.018787E+01  6.018903E+01
 3.905000E+02  6.020524E+01  6.020641E+01
 3.907500E+02  6.022260E+01  6.022376E+01
 3.910000E+02  6.023993E+01  6.024110E+01
 3.912500E+02  6.025723E+01  6.025840E+01
 3.915000E+02  6.027452E+01  6.027569E+01
 3.917500E+02  6.029178E+01  6.029295E+01
 3.920000E+02  6.030901E+01  6.031019E+01
 3.922500E+02  6.032622E+01  6.032740E+01
 3.925000E+02  6.034341E+01  6.034459E+01
 3.927500E+02  6.036057E+01  6.036176E+01
 3.930000E+02  6.037771E+01  6.037890E+01
 3.932500E+02  6.039482E+01  6.039601E+01
 3.935000E+02  6.041191E+01  6.041311E+01
 3.937500E+02  6.042898E+01  6.043017E+01
 3.940000E+02  6.044602E+01  6.044722E+01
 3.942500E+02  6.046303E+01  6.046424E+01
 3.945000E+02  6.048003E+01  6.048123E+01
 3.947500E+02  6.049699E+01  6.049820E+01
 3.950000E+02  6.051393E+01  6.051515E+01
 3.952500E+02  6.053085E+01  6.053207E+01
 3.955000E+02  6.054774E+01  6.054896E+01
 3.957500E+02  6.056461E+01  6.056583E+01
 3.960000E+02  6.058146E+01  6.058268E+01
 3.962500E+02  6.059827E+01  6.059950E+01
 3.965000E+02  6.061507E+01  6.061630E+01
 3.967500E+02  6.063183E+01  6.063307E+01
 3.970000E+02  6.064858E+01  6.064981E+01
 3.972500E+02  6.066529E+01  6.066653E+01
 3.975000E+02  6.068198E+01  6.068323E+01
 3.977500E+02  6.069865E+01  6.069990E+01
 3.980000E+02  6.071529E+01  6.071654E+01
 3.982500E+02  6.073191E+01  6.073316E+01
 3.985000E+02  6.074849E+01  6.074975E+01
 3.987500E+02  6.076506E+01  6.076632E+01
 3.990000E+02  6.078160E+01  6.078286E+01
 3.992500E+02  6.079811E+01  6.079937E+01
 3.995000E+02  6.081459E+01  6.081586E+01
 3.997500E+02  6.083105E+01  6.083233E+01
 4.000000E+02  6.084749E+01  6.084876E+01
 4.002500E+02  6.086390E+01  6.086517E+01
 4.005000E+02  6.088028E+01  6.088156E+01
 4.007500E+02  6.089663E+01  6.089792E+01
 4.010000E+02  6.091296E+01  6.091425E+01
 4.012500E+02  6.092927E+01  6.093056E+01
 4.015000E+02  6.094554E+01  6.094684E+01
 4.017500E+02  6.096179E+01  6.096309E+01
 4.020000E+02  6.097802E+01  6.097932E+01
 4.022500E+02  6.099421E+01  6.099552E+01
 4.025000E+02  6.101038E+01  6.101169E+01
 4.027500E+02  6.102653E+01  6.102784E+01
 4.030000E+02  6.104264E+01  6.104396E+01
 4.032500E+02  6.105873E+01  6.106005E+01
 4.035000E+02  6.107480E+01  6.107612E+01
 4.037500E+02  6.109083E+01  6.109216E+01
 4.040000E+02  6.110684E+01  6.110817E+01
 4.042500E+02  6.112282E+01  6.112415E+01
 4.045000E+02  6.113878E+01  6.114011E+01
 4.047500E+02  6.115470E+01  6.115604E+01
 4.050000E+02  6.117060E+01  6.117194E+01
 4.052500E+02  6.118647E+01  6.118782E+01
 4.055000E+02  6.120232E+01  6.120367E+01
 4.057500E+02  6.121814E+01  6.121949E+01
 4.060000E+02  6.123393E+01  6.123528E+01
 4.062500E+02  6.124969E+01  6.125105E+01
 4.065000E+02  6.126542E+01  6.126679E+01
 4.067500E+02  6.128113E+01  6.128250E+01
 4.070000E+02  6.129681E+01  6.129818E+01
 4.072500E+02  6.131246E+01  6.131383E+01
 4.075000E+02  6.132808E+01  6.132946E+01
 4.077500E+02  6.134368E+01  6.134506E+01
 4.080000E+02  6.135924E+01  6.136063E+01
 4.082500E+02  6.137478E+01  6.137617E+01
 4.085000E+02  6.139029E+01  6.139168E+01
 4.087500E+02  6.140577E+01  6.140717E+01
 4.090000E+02  6.142123E+01  6.142263E+01
 4.092500E+02  6.143665E+01  6.143806E+01
 4.095000E+02  6.145205E+01  6.145346E+01
 4.097500E+02  6.146742E+01  6.146883E+01
 4.100000E+02  6.148276E+01  6.148417E+01
 4.102500E+02  6.149807E+01  6.149949E+01
 4.105000E+02  6.151335E+01  6.151477E+01
 4.107500E+02  6.152860E+01  6.153003E+01
 4.110000E+02  6.154383E+01  6.154526E+01
 4.112500E+02  6.155902E+01  6.156046E+01
 4.115000E+02  6.157419E+01  6.157563E+01
 4.117500E+02  6.158933E+01  6.159077E+01
 4.120000E+02  6.160444E+01  6.160588E+01
 4.122500E+02  6.161952E+01  6.162097E+01
 4.125000E+02  6.163457E+01  6.163602E+01
 4.127500E+02  6.164959E+01  6.165105E+01
 4.130000E+02  6.166458E+01  6.166604E+01
 4.132500E+02  6.167954E+01  6.168101E+01
 4.135000E+02  6.169448E+01  6.169595E+01
 4.137500E+02  6.170938E+01  6.171085E+01
 4.140000E+02  6.172425E+01  6.172573E+01
 4.142500E+02  6.173910E+01  6.174058E+01
 4.145000E+02  6.175391E+01  6.175540E+01
 4.147500E+02  6.176870E+01  6.177019E+01
 4.150000E+02  6.178345E+01  6.178495E+01
 4.152500E+02  6.179818E+01  6.179967E+01
 4.155000E+02  6.181287E+01  6.181437E+01
 4.157500E+02  6.182754E+01  6.182904E+01
 4.160000E+02  6.184217E+01  6.184368E+01
 4.162500E+02  6.185678E+01  6.185829E+01
 4.165000E+02  6.187135E+01  6.187287E+01
 4.167500E+02  6.188590E+01  6.188742E+01
 4.170000E+02  6.190041E+01  6.190194E+01
 4.172500E+02  6.191490E+01  6.191643E+01
 4.175000E+02  6.192935E+01  6.193089E+01
 4.177500E+02  6.194377E+01  6.194531E+01
 4.180000E+02  6.195817E+01  6.195971E+01
 4.182500E+02  6.197253E+01  6.197408E+01
 4.185000E+02  6.198686E+01  6.198841E+01
 4.187500E+02  6.200116E+01  6.200272E+01
 4.190000E+02  6.201543E+01  6.201699E+01
 4.192500E+02  6.202967E+01  6.203124E+01
 4.195000E+02  6.204388E+01  6.204545E+01
 4.197500E+02  6.205806E+01  6.205963E+01
 4.200000E+02  6.207221E+01  6.207379E+01
 4.202500E+02  6.208632E+01  6.208791E+01
 4.205000E+02  6.210041E+01  6.210200E+01
 4.207500E+02  6.211446E+01  6.211606E+01
 4.210000E+02  6.212849E+01  6.213008E+01
 4.212500E+02  6.214248E+01  6.214408E+01
 4.215000E+02  6.215644E+01  6.215805E+01
 4.217500E+02  6.217037E+01  6.217198E+01
 4.220000E+02  6.218427E+01  6.218588E+01
 4.222500E+02  6.219814E+01  6.219976E+01
 4.225000E+02  6.221197E+01  6.221360E+01
 4.227500E+02  6.222578E+01  6.222740E+01
 4.230000E+02  6.223955E+01  6.224118E+01
 4.232500E+02  6.225329E+01  6.225493E+01
 4.235000E+02  6.226700E+01  6.226864E+01
 4.237500E+02  6.228068E+01  7.054516E+03
 4.240000E+02  5.368438E+01  7.050114E+03
 4.242500E+02  5.370049E+01  6.209062E+01
 4.245000E+02  5.371660E+01  6.210661E+01
 4.247500E+02  5.373270E+01  6.212259E+01
 4.250000E+02  5.374879E+01  6.213857E+01
 4.252500E+02  5.376488E+01  6.215454E+01
 4.255000E+02  5.378097E+01  6.217051E+01
 4.257500E+02  5.379704E+01  6.218647E+01
 4.260000E+02  5.381312E+01  6.220243E+01
 4.262500E+02  5.382918E+01  6.221838E+01
 4.265000E+02  5.384524E+01  6.223432E+01
 4.267500E+02  5.386130E+01  6.225026E+01
 4.270000E+02  5.387735E+01  6.226620E+01
 4.272500E+02  5.389339E+01  6.228213E+01
 4.275000E+02  5.390943E+01  6.229805E+01
 4.277500E+02  5.392547E+01  6.231397E+01
 4.280000E+02  5.394149E+01  6.232988E+01
 4.282500E+02  5.395751E+01  6.234579E+01
 4.285000E+02  5.397353E+01  6.236169E+01
 4.287500E+02  5.398954E+01  6.237759E+01
 4.290000E+02  5.400555E+01  6.239348E+01
 4.292500E+02  5.402154E+01  6.240937E+01
 4.295000E+02  5.403754E+01  6.242525E+01
 4.297500E+02  5.405353E+01  6.244113E+01
 4.300000E+02  5.406951E+01  6.245700E+01
 4.302500E+02  5.408548E+01  6.247287E+01
 4.305000E+02  5.410146E+01  6.248873E+01
 4.307500E+02  5.411742E+01  6.250458E+01
 4.310000E+02  5.413338E+01  6.252043E+01
 4.312500E+02  5.414933E+01  6.253628E+01
 4.315000E+02  5.416528E+01  6.255212E+01
 4.317500E+02  5.418123E+01  6.256795E+01
 4.320000E+02  5.419716E+01  6.258378E+01
 4.322500E+02  5.421309E+01  6.259960E+01
 4.325000E+02  5.422902E+01  6.261542E+01
 4.327500E+02  5.424494E+01  6.263123E+01
 4.330000E+02  5.426085E+01  6.264704E+01
 4.332500E+02  5.427676E+01  6.266284E+01
 4.335000E+02  5.429266E+01  6.267863E+01
 4.337500E+02  5.430856E+01  6.269443E+01
 4.340000E+02  5.432445E+01  6.271021E+01
 4.342500E+02  5.434034E+01  6.272599E+01
 4.345000E+02  5.435622E+01  6.274177E+01
 4.347500E+02  5.437209E+01  6.275753E+01
 4.350000E+02  5.438796E+01  6.277330E+01
 4.352500E+02  5.440383E+01  6.278906E+01
 4.355000E+02  5.441968E+01  6.280481E+01
 4.357500E+02  5.443554E+01  6.282056E+01
 4.360000E+02  5.445138E+01  6.283630E+01
 4.362500E+02  5.446722E+01  6.285204E+01
 4.365000E+02  5.448306E+01  6.286777E+01
 4.367500E+02  5.449888E+01  6.288349E+01
 4.370000E+02  5.451471E+01  6.289921E+01
 4.372500E+02  5.453053E+01  6.291493E+01
 4.375000E+02  5.454634E+01  6.293064E+01
 4.377500E+02  5.456214E+01  6.294634E+01
 4.380000E+02  5.457794E+01  6.296204E+01
 4.382500E+02  5.459374E+01  6.297773E+01
 4.385000E+02  5.460953E+01  6.299342E+01
 4.387500E+02  5.462531E+01  6.300910E+01
 4.390000E+02  5.464109E+01  6.302478E+01
 4.392500E+02  5.465686E+01  6.304045E+01
 4.395000E+02  5.467262E+01  6.305612E+01
 4.397500E+02  5.468839E+01  6.307178E+01
 4.400000E+02  5.470414E+01  6.308743E+01
 4.402500E+02  5.471989E+01  6.310308E+01
 4.405000E+02  5.473563E+01  6.311872E+01
 4.407500E+02  5.475137E+01  6.313436E+01
 4.410000E+02  5.476710E+01  6.315000E+01
 4.412500E+02  5.478283E+01  6.316562E+01
 4.415000E+02  5.479855E+01  6.318125E+01
 4.417500E+02  5.481426E+01  6.319686E+01
 4.420000E+02  5.482997E+01  6.321247E+01
 4.422500E+02  5.484567E+01  6.322808E+01
 4.425000E+02  5.486137E+01  6.324368E+01
 4.427500E+02  5.487706E+01  6.325927E+01
 4.430000E+02  5.489274E+01  6.327486E+01
 4.432500E+02  5.490842E+01  6.329045E+01
 4.435000E+02  5.492410E+01  6.330602E+01
 4.437500E+02  5.493977E+01  6.332160E+01
 4.440000E+02  5.495543E+01  6.333716E+01
 4.442500E+02  5.497109E+01  6.335272E+01
 4.445000E+02  5.498674E+01  6.336828E+01
 4.447500E+02  5.500238E+01  6.338383E+01
 4.450000E+02  5.501802E+01  6.339937E+01
 4.452500E+02  5.503365E+01  6.341491E+01
 4.455000E+02  5.504928E+01  6.343045E+01
 4.457500E+02  5.506490E+01  6.344598E+01
 4.460000E+02  5.508052E+01  6.346150E+01
 4.462500E+02  5.509613E+01  6.347702E+01
 4.465000E+02  5.511174E+01  6.349253E+01
 4.467500E+02  5.512734E+01  6.350803E+01
 4.470000E+02  5.514293E+01  6.352353E+01
 4.472500E+02  5.515852E+01  6.353903E+01
 4.475000E+02  5.517410E+01  6.355452E+01
 4.477500E+02  5.518967E+01  6.357000E+01
 4.480000E+02  5.520524E+01  6.358548E+01
 4.482500E+02  5.522081E+01  6.360095E+01
 4.485000E+02  5.523637E+01  6.361642E+01
 4.487500E+02  5.525192E+01  6.363188E+01
 4.490000E+02  5.526747E+01  6.364734E+01
 4.492500E+02  5.528301E+01  6.366279E+01
 4.495000E+02  5.529854E+01  6.367823E+01
 4.497500E+02  5.531407E+01  6.369367E+01
 4.500000E+02  5.532959E+01  6.370911E+01
 4.502500E+02  5.534511E+01  6.372453E+01
 4.505000E+02  5.536062E+01  6.373996E+01
 4.507500E+02  5.537613E+01  6.375537E+01
 4.510000E+02  5.539163E+01  6.377079E+01
 4.512500E+02  5.540713E+01  6.378619E+01
 4.515000E+02  5.542262E+01  6.380159E+01
 4.517500E+02  5.543810E+01  6.381699E+01
 4.520000E+02  5.545358E+01  6.383238E+01
 4.522500E+02  5.546905E+01  6.384776E+01
 4.525000E+02  5.548451E+01  6.386314E+01
 4.527500E+02  5.549997E+01  6.387851E+01
 4.530000E+02  5.551543E+01  6.389388E+01
 4.532500E+02  5.553088E+01  6.390924E+01
 4.535000E+02  5.554632E+01  6.392459E+01
 4.537500E+02  5.556175E+01  6.393994E+01
 4.540000E+02  5.557719E+01  6.395529E+01
 4.542500E+02  5.559261E+01  6.397063E+01
 4.545000E+02  5.560803E+01  6.398596E+01
 4.547500E+02  5.562344E+01  6.400129E+01
 4.550000E+02  5.563885E+01  6.401661E+01
 4.552500E+02  5.565425E+01  6.403193E+01
 4.555000E+02  5.566965E+01  6.404724E+01
 4.557500E+02  5.568504E+01  6.406254E+01
 4.560000E+02  5.570042E+01  6.407784E+01
 4.562500E+02  5.571580E+01  6.409314E+01
 4.565000E+02  5.573118E+01  6.410842E+01
 4.567500E+02  5.574654E+01  6.412371E+01
 4.570000E+02  5.576190E+01  6.413898E+01
 4.572500E+02  5.577726E+01  6.415426E+01
 4.575000E+02  5.579261E+01  6.416952E+01
 4.577500E+02  5.580795E+01  6.418478E+01
 4.580000E+02  5.582329E+01  6.420004E+01
 4.582500E+02  5.583862E+01  6.421529E+01
 4.585000E+02  5.585395E+01  6.423053E+01
 4.587500E+02  5.586927E+01  6.424577E+01
 4.590000E+02  5.588458E+01  6.426100E+01
 4.592500E+02  5.589989E+01  6.427623E+01
 4.595000E+02  5.591520E+01  6.429145E+01
 4.597500E+02  5.593049E+01  6.430666E+01
 4.600000E+02  5.594578E+01  6.432187E+01
 4.602500E+02  5.596107E+01  6.433708E+01
 4.605000E+02  5.597635E+01  6.435227E+01
 4.607500E+02  5.599162E+01  6.436747E+01
 4.610000E+02  5.600689E+01  6.438265E+01
 4.612500E+02  5.602215E+01  6.439784E+01
 4.615000E+02  5.603741E+01  6.441301E+01
 4.617500E+02  5.605266E+01  6.442818E+01
 4.620000E+02  5.606791E+01  6.444335E+01
 4.622500E+02  5.608314E+01  6.445851E+01
 4.625000E+02  5.609838E+01  6.447366E+01
 4.627500E+02  5.611361E+01  6.448881E+01
 4.630000E+02  5.612883E+01  6.450395E+01
 4.632500E+02  5.614404E+01  6.451909E+01
 4.635000E+02  5.615925E+01  6.453422E+01
 4.637500E+02  5.617446E+01  6.454934E+01
 4.640000E+02  5.618965E+01  6.456446E+01
 4.642500E+02  5.620485E+01  6.457958E+01
 4.645000E+02  5.622003E+01  6.459468E+01
 4.647500E+02  5.623521E+01  6.460979E+01
 4.650000E+02  5.625039E+01  6.462488E+01
 4.652500E+02  5.626556E+01  6.463997E+01
 4.655000E+02  5.628072E+01  6.465506E+01
 4.657500E+02  5.629588E+01  6.467014E+01
 4.660000E+02  5.631103E+01  6.468521E+01
 4.662500E+02  5.632618E+01  6.470028E+01
 4.665000E+02  5.634132E+01  6.471535E+01
 4.667500E+02  5.635645E+01  6.473040E+01
 4.670000E+02  5.637158E+01  6.474546E+01
 4.672500E+02  5.638670E+01  6.476050E+01
 4.675000E+02  5.640182E+01  6.477554E+01
 4.677500E+02  5.641693E+01  6.479058E+01
 4.680000E+02  5.643204E+01  6.480561E+01
 4.682500E+02  5.644714E+01  6.482063E+01
 4.685000E+02  5.646223E+01  6.483565E+01
 4.687500E+02  5.647732E+01  6.485066E+01
 4.690000E+02  5.649240E+01  6.486567E+01
 4.692500E+02  5.650748E+01  6.488067E+01
 4.695000E+02  5.652255E+01  6.489566E+01
 4.697500E+02  5.653761E+01  6.491065E+01
 4.700000E+02  5.655267E+01  6.492564E+01
 4.702500E+02  5.656772E+01  6.494062E+01
 4.705000E+02  5.658277E+01  6.495559E+01
 4.707500E+02  5.659781E+01  6.497056E+01
 4.710000E+02  5.661285E+01  6.498552E+01
 4.712500E+02  5.662788E+01  6.500047E+01
 4.715000E+02  5.664290E+01  6.501542E+01
 4.717500E+02  5.665792E+01  6.503037E+01
 4.720000E+02  5.667293E+01  6.504531E+01
 4.722500E+02  5.668794E+01  6.506024E+01
 4.725000E+02  5.670294E+01  6.507517E+01
 4.727500E+02  5.671793E+01  6.509009E+01
 4.730000E+02  5.673292E+01  6.510501E+01
 4.732500E+02  5.674790E+01  6.511992E+01
 4.735000E+02  5.676288E+01  6.513482E+01
 4.737500E+02  5.677785E+01  6.514972E+01
 4.740000E+02  5.679282E+01  6.516462E+01
 4.742500E+02  5.680778E+01  6.517950E+01
 4.745000E+02  5.682273E+01  6.519439E+01
 4.747500E+02  5.683768E+01  6.520926E+01
 4.750000E+02  5.685262E+01  6.522414E+01
 4.752500E+02  5.686756E+01  6.523900E+01
 4.755000E+02  5.688249E+01  6.525386E+01
 4.757500E+02  5.689742E+01  6.526872E+01
 4.760000E+02  5.691234E+01  6.528356E+01
 4.762500E+02  5.692725E+01  6.529841E+01
 4.765000E+02  5.694216E+01  6.531324E+01
 4.767500E+02  5.695706E+01  6.532808E+01
 4.770000E+02  5.697196E+01  6.534290E+01
 4.772500E+02  5.698685E+01  6.535772E+01
 4.775000E+02  5.700173E+01  6.537254E+01
 4.777500E+02  5.701661E+01  6.538735E+01
 4.780000E+02  5.703148E+01  6.540215E+01
 4.782500E+02  5.704635E+01  6.541695E+01
 4.785000E+02  5.706121E+01  6.543174E+01
 4.787500E+02  5.707607E+01  6.544653E+01
 4.790000E+02  5.709092E+01  6.546131E+01
 4.792500E+02  5.710576E+01  6.547608E+01
 4.795000E+02  5.712060E+01  6.549085E+01
 4.797500E+02  5.713543E+01  6.550562E+01
 4.800000E+02  5.715026E+01  6.552037E+01
 4.802500E+02  5.716508E+01  6.553513E+01
 4.805000E+02  5.717990E+01  6.554987E+01
 4.807500E+02  5.719471E+01  6.556462E+01
 4.810000E+02  5.720951E+01  6.557935E+01
 4.812500E+02  5.722431E+01  6.559408E+01
 4.815000E+02  5.723910E+01  6.560881E+01
 4.817500E+02  5.725389E+01  6.562353E+01
 4.820000E+02  5.726867E+01  6.563824E+01
 4.822500E+02  5.728344E+01  6.565295E+01
 4.825000E+02  5.729821E+01  6.566765E+01
 4.827500E+02  5.731297E+01  6.568235E+01
 4.830000E+02  5.732773E+01  6.569704E+01
 4.832500E+02  5.734248E+01  6.571172E+01
 4.835000E+02  5.735723E+01  6.572640E+01
 4.837500E+02  5.737197E+01  6.574107E+01
 4.840000E+02  5.738670E+01  6.575574E+01
 4.842500E+02  5.740143E+01  6.577041E+01
 4.845000E+02  5.741615E+01  6.578506E+01
 4.847500E+02  5.743087E+01  6.579971E+01
 4.850000E+02  5.744558E+01  6.581436E+01
 4.852500E+02  5.746029E+01  6.582900E+01
 4.855000E+02  5.747499E+01  6.584363E+01
 4.857500E+02  5.748968E+01  6.585826E+01
 4.860000E+02  5.750437E+01  6.587289E+01
 4.862500E+02  5.751905E+01  6.588750E+01
 4.865000E+02  5.753373E+01  6.590212E+01
 4.867500E+02  5.754840E+01  6.591672E+01
 4.870000E+02  5.756307E+01  6.593132E+01
 4.872500E+02  5.757773E+01  6.594592E+01
 4.875000E+02  5.759238E+01  6.596051E+01
 4.877500E+02  5.760703E+01  6.597509E+01
 4.880000E+02  5.762167E+01  6.598967E+01
 4.882500E+02  5.763631E+01  6.600424E+01
 4.885000E+02  5.765094E+01  6.601881E+01
 4.887500E+02  5.766556E+01  6.603337E+01
 4.890000E+02  5.768018E+01  6.604793E+01
 4.892500E+02  5.769480E+01  6.606248E+01
 4.895000E+02  5.770941E+01  6.607702E+01
 4.897500E+02  5.772401E+01  6.609156E+01
 4.900000E+02  5.773860E+01  6.610610E+01
 4.902500E+02  5.775320E+01  6.612062E+01
 4.905000E+02  5.776778E+01  6.613515E+01
 4.907500E+02  5.778236E+01  6.614966E+01
 4.910000E+02  5.779693E+01  6.616417E+01
 4.912500E+02  5.781150E+01  6.617868E+01
 4.915000E+02  5.782606E+01  6.619318E+01
 4.917500E+02  5.784062E+01  6.620767E+01
 4.920000E+02  5.785517E+01  6.622216E+01
 4.922500E+02  5.786972E+01  6.623665E+01
 4.925000E+02  5.788426E+01  6.625112E+01
 4.927500E+02  5.789879E+01  6.626560E+01
 4.930000E+02  5.791332E+01  6.628006E+01
 4.932500E+02  5.792784E+01  6.629452E+01
 4.935000E+02  5.794236E+01  6.630898E+01
 4.937500E+02  5.795687E+01  6.632343E+01
 4.940000E+02  5.797137E+01  6.633787E+01
 4.942500E+02  5.798587E+01  6.635231E+01
 4.945000E+02  5.800037E+01  6.636674E+01
 4.947500E+02  5.801485E+01  6.638117E+01
 4.950000E+02  5.802934E+01  6.639559E+01
 4.952500E+02  5.804381E+01  6.641001E+01
 4.955000E+02  5.805828E+01  6.642442E+01
 4.957500E+02  5.807275E+01  6.643882E+01
 4.960000E+02  5.808721E+01  6.645322E+01
 4.962500E+02  5.810166E+01  6.646762E+01
 4.965000E+02  5.811611E+01  6.648201E+01
 4.967500E+02  5.813055E+01  6.649639E+01
 4.970000E+02  5.814499E+01  6.651077E+01
 4.972500E+02  5.815942E+01  6.652514E+01
 4.975000E+02  5.817385E+01  6.653950E+01
 4.977500E+02  5.818827E+01  6.655386E+01
 4.980000E+02  5.820268E+01  6.656822E+01
 4.982500E+02  5.821709E+01  6.658257E+01
 4.985000E+02  5.823149E+01  6.659691E+01
 4.987500E+02  5.824589E+01  6.661125E+01
 4.990000E+02  5.826028E+01  6.662558E+01
 4.992500E+02  5.827467E+01  6.663991E+01
 4.995000E+02  5.828905E+01  6.665423E+01
 4.997500E+02  5.830342E+01  6.666855E+01
 5.000000E+02  5.831779E+01  6.668289E+01
