#         T/K          U/kJ          H/kJ      S/J*K^-1
 2.500000E+02  7.155478E+01  7.155837E+01  1.200804E+02
 2.502500E+02  7.157225E+01  7.157584E+01  1.201502E+02
 2.505000E+02  7.158974E+01  7.159333E+01  1.202201E+02
 2.507500E+02  7.160723E+01  7.161082E+01  1.202899E+02
 2.510000E+02  7.162473E+01  7.162831E+01  1.203596E+02
 2.512500E+02  7.164222E+01  7.164581E+01  1.204293E+02
 2.515000E+02  7.165972E+01  7.166331E+01  1.204989E+02
 2.517500E+02  7.167722E+01  7.168081E+01  1.205684E+02
 2.520000E+02  7.169472E+01  7.169831E+01  1.206379E+02
 2.522500E+02  7.171222E+01  7.171581E+01  1.207073E+02
 2.525000E+02  7.172973E+01  7.173331E+01  1.207767E+02
 2.527500E+02  7.174723E+01  7.175082E+01  1.208460E+02
 2.530000E+02  7.176474E+01  7.176832E+01  1.209152E+02
 2.532500E+02  7.178224E+01  7.178583E+01  1.209844E+02
 2.535000E+02  7.179975E+01  7.180334E+01  1.210535E+02
 2.537500E+02  7.181726E+01  7.182085E+01  1.211225E+02
 2.540000E+02  7.183478E+01  7.183836E+01  1.211915E+02
 2.542500E+02  7.185229E+01  7.185588E+01  1.212604E+02
 2.545000E+02  7.186980E+01  7.187339E+01  1.213293E+02
 2.547500E+02  7.188732E+01  7.189091E+01  1.213981E+02
 2.550000E+02  7.190484E+01  7.190842E+01  1.214668E+02
 2.552500E+02  7.192235E+01  7.192594E+01  1.215355E+02
 2.555000E+02  7.193987E+01  7.194346E+01  1.216041E+02
 2.557500E+02  7.195739E+01  7.196098E+01  1.216726E+02
 2.560000E+02  7.197491E+01  7.197850E+01  1.217411E+02
 2.562500E+02  7.199244E+01  7.199602E+01  1.218095E+02
 2.565000E+02  7.200996E+01  7.201355E+01  1.218778E+02
 2.567500E+02  7.202748E+01  7.203107E+01  1.219461E+02
 2.570000E+02  7.204501E+01  7.204860E+01  1.220143E+02
 2.572500E+02  7.206253E+01  7.206612E+01  1.220825E+02
 2.575000E+02  7.208006E+01  7.208365E+01  1.221506E+02
 2.577500E+02  7.209759E+01  7.210118E+01  1.222186E+02
 2.580000E+02  7.211512E+01  7.211871E+01  1.222866E+02
 2.582500E+02  7.213265E+01  7.213624E+01  1.223545E+02
 2.585000E+02  7.215018E+01  7.215377E+01  1.224224E+02
 2.587500E+02  7.216771E+01  7.217130E+01  1.224902E+02
 2.590000E+02  7.218524E+01  7.218883E+01  1.225579E+02
 2.592500E+02  7.220277E+01  7.220636E+01  1.226255E+02
 2.595000E+02  7.222030E+01  7.222390E+01  1.226931E+02
 2.597500E+02  7.223784E+01  7.224143E+01  1.227607E+02
 2.600000E+02  7.225537E+01  7.225896E+01  1.228281E+02
 2.602500E+02  7.227291E+01  7.227650E+01  1.228956E+02
 2.605000E+02  7.229044E+01  7.229403E+01  1.229629E+02
 2.607500E+02  7.230798E+01  7.231157E+01  1.230302E+02
 2.610000E+02  7.232552E+01  7.232911E+01  1.230974E+02
 2.612500E+02  7.234305E+01  7.234665E+01  1.231646E+02
 2.615000E+02  7.236059E+01  7.236418E+01  1.232317E+02
 2.617500E+02  7.237813E+01  7.238172E+01  1.232987E+02
 2.620000E+02  7.239567E+01  7.239926E+01  1.233657E+02
 2.622500E+02  7.241321E+01  7.241680E+01  1.234326E+02
 2.625000E+02  7.243075E+01  7.243434E+01  1.234995E+02
 2.627500E+02  7.244829E+01  7.245188E+01  1.235663E+02
 2.630000E+02  7.246583E+01  7.246942E+01  1.236330E+02
 2.632500E+02  7.248337E+01  7.248697E+01  1.236996E+02
 2.635000E+02  7.250091E+01  7.250451E+01  1.237663E+02
 2.637500E+02  7.251846E+01  7.252205E+01  1.238328E+02
 2.640000E+02  7.253600E+01  7.253959E+01  1.238993E+02
 2.642500E+02  7.255354E+01  7.255714E+01  1.239657E+02
 2.645000E+02  7.257109E+01  7.257468E+01  1.240321E+02
 2.647500E+02  7.258863E+01  7.259223E+01  1.240984E+02
 2.650000E+02  7.260617E+01  7.260977E+01  1.241646E+02
 2.652500E+02  7.262372E+01  7.262732E+01  1.242308E+02
 2.655000E+02  7.264126E+01  7.264486E+01  1.242969E+02
 2.657500E+02  7.265881E+01  7.266241E+01  1.243629E+02
 2.660000E+02  7.267636E+01  7.267995E+01  1.244289E+02
 2.662500E+02  7.269390E+01  7.269750E+01  1.244949E+02
 2.665000E+02  7.271145E+01  7.271505E+01  1.245607E+02
 2.667500E+02  7.272900E+01  7.273259E+01  1.246266E+02
 2.670000E+02  7.274654E+01  7.275014E+01  1.246923E+02
 2.672500E+02  7.276409E+01  7.276769E+01  1.247580E+02
 2.675000E+02  7.278164E+01  7.278524E+01  1.248236E+02
 2.677500E+02  7.279919E+01  7.280279E+01  1.248892E+02
 2.680000E+02  7.281674E+01  7.282034E+01  1.249547E+02
 2.682500E+02  7.283429E+01  7.283789E+01  1.250202E+02
 2.685000E+02  7.285184E+01  7.285544E+01  1.250856E+02
 2.687500E+02  7.286939E+01  7.287299E+01  1.251509E+02
 2.690000E+02  7.288694E+01  7.289054E+01  1.252162E+02
 2.692500E+02  7.290449E+01  7.290809E+01  1.252814E+02
 2.695000E+02  7.292204E+01  7.292564E+01  1.253466E+02
 2.697500E+02  7.293959E+01  7.294319E+01  1.254117E+02
 2.700000E+02  7.295715E+01  7.296075E+01  1.254767E+02
 2.702500E+02  7.297470E+01  7.297830E+01  1.255417E+02
 2.705000E+02  7.299225E+01  7.299585E+01  1.256066E+02
 2.707500E+02  7.300980E+01  7.301340E+01  1.256715E+02
 2.710000E+02  7.302736E+01  7.303096E+01  1.257363E+02
 2.712500E+02  7.304491E+01  7.304851E+01  1.258010E+02
 2.715000E+02  7.306247E+01  7.306607E+01  1.258657E+02
 2.717500E+02  7.308002E+01  7.308362E+01  1.259303E+02
 2.720000E+02  7.309758E+01  7.310118E+01  1.259949E+02
 2.722500E+02  7.311513E+01  7.311874E+01  1.260594E+02
 2.725000E+02  7.313269E+01  7.313629E+01  1.261239E+02
 2.727500E+02  7.315025E+01  7.315385E+01  1.261883E+02
 2.730000E+02  7.316781E+01  7.317141E+01  1.262526E+02
 2.732500E+02  7.318536E+01  7.318897E+01  1.263169E+02
 2.735000E+02  7.320292E+01  7.320652E+01  1.263811E+02
 2.737500E+02  7.322048E+01  7.322408E+01  1.264453E+02
 2.740000E+02  7.323804E+01  7.324164E+01  1.265094E+02
 2.742500E+02  7.325560E+01  7.325920E+01  1.265735E+02
 2.745000E+02  7.327316E+01  7.327676E+01  1.266375E+02
 2.747500E+02  7.329072E+01  7.329433E+01  1.267014E+02
 2.750000E+02  7.330828E+01  7.331189E+01  1.267653E+02
 2.752500E+02  7.332585E+01  7.332945E+01  1.268292E+02
 2.755000E+02  7.334341E+01  7.334701E+01  1.268929E+02
 2.757500E+02  7.336097E+01  7.336458E+01  1.269567E+02
 2.760000E+02  7.337854E+01  7.338214E+01  1.270203E+02
 2.762500E+02  7.339610E+01  7.339971E+01  1.270839E+02
 2.765000E+02  7.341367E+01  7.341727E+01  1.271475E+02
 2.767500E+02  7.343124E+01  7.343484E+01  1.272110E+02
 2.770000E+02  7.344880E+01  7.345241E+01  1.272745E+02
 2.772500E+02  7.346637E+01  7.346998E+01  1.273379E+02
 2.775000E+02  7.348394E+01  7.348755E+01  1.274012E+02
 2.777500E+02  7.350151E+01  7.350512E+01  1.274645E+02
 2.780000E+02  7.351908E+01  7.352269E+01  1.275277E+02
 2.782500E+02  7.353665E+01  7.354026E+01  1.275909E+02
 2.785000E+02  7.355423E+01  7.355783E+01  1.276540E+02
 2.787500E+02  7.357180E+01  7.357541E+01  1.277171E+02
 2.790000E+02  7.358938E+01  7.359298E+01  1.277801E+02
 2.792500E+02  7.360695E+01  7.361056E+01  1.278431E+02
 2.795000E+02  7.362453E+01  7.362813E+01  1.279060E+02
 2.797500E+02  7.364211E+01  7.364571E+01  1.279689E+02
 2.800000E+02  7.365968E+01  7.366329E+01  1.280317E+02
 2.802500E+02  7.367726E+01  7.368087E+01  1.280944E+02
 2.805000E+02  7.369484E+01  7.369845E+01  1.281571E+02
 2.807500E+02  7.371243E+01  7.371603E+01  1.282198E+02
 2.810000E+02  7.373001E+01  7.373362E+01  1.282824E+02
 2.812500E+02  7.374759E+01  7.375120E+01  1.283449E+02
 2.815000E+02  7.376518E+01  7.376879E+01  1.284074E+02
 2.817500E+02  7.378277E+01  7.378637E+01  1.284699E+02
 2.820000E+02  7.380035E+01  7.380396E+01  1.285323E+02
 2.822500E+02  7.381794E+01  7.382155E+01  1.285946E+02
 2.825000E+02  7.383553E+01  7.383914E+01  1.286569E+02
 2.827500E+02  7.385313E+01  7.385673E+01  1.287192E+02
 2.830000E+02  7.387072E+01  7.387433E+01  1.287814E+02
 2.832500E+02  7.388831E+01  7.389192E+01  1.288435E+02
 2.835000E+02  7.390591E+01  7.390952E+01  1.289056E+02
 2.837500E+02  7.392351E+01  7.392712E+01  1.289677E+02
 2.840000E+02  7.394111E+01  7.394472E+01  1.290297E+02
 2.842500E+02  7.395871E+01  7.396232E+01  1.290916E+02
 2.845000E+02  7.397631E+01  7.397992E+01  1.291535E+02
 2.847500E+02  7.399392E+01  7.399753E+01  1.292154E+02
 2.850000E+02  7.401152E+01  7.401513E+01  1.292772E+02
 2.852500E+02  7.402913E+01  7.403274E+01  1.293389E+02
 2.855000E+02  7.404674E+01  7.405035E+01  1.294006E+02
 2.857500E+02  7.406435E+01  7.406796E+01  1.294623E+02
 2.860000E+02  7.408196E+01  7.408558E+01  1.295239E+02
 2.862500E+02  7.409958E+01  7.410319E+01  1.295855E+02
 2.865000E+02  7.411720E+01  7.412081E+01  1.296470E+02
 2.867500E+02  7.413482E+01  7.413843E+01  1.297084E+02
 2.870000E+02  7.415244E+01  7.415605E+01  1.297699E+02
 2.872500E+02  7.417006E+01  7.417367E+01  1.298313E+02
 2.875000E+02  7.418768E+01  7.419130E+01  1.298926E+02
 2.877500E+02  7.420531E+01  7.420892E+01  1.299539E+02
 2.880000E+02  7.422294E+01  7.422655E+01  1.300151E+02
 2.882500E+02  7.424057E+01  7.424419E+01  1.300763E+02
 2.885000E+02  7.425821E+01  7.426182E+01  1.301375E+02
 2.887500E+02  7.427584E+01  7.427946E+01  1.301986E+02
 2.890000E+02  7.429348E+01  7.429710E+01  1.302596E+02
 2.892500E+02  7.431112E+01  7.431474E+01  1.303206E+02
 2.895000E+02  7.432877E+01  7.433238E+01  1.303816E+02
 2.897500E+02  7.434641E+01  7.435003E+01  1.304425E+02
 2.900000E+02  7.436406E+01  7.436767E+01  1.305034E+02
 2.902500E+02  7.438171E+01  7.438533E+01  1.305643E+02
 2.905000E+02  7.439936E+01  7.440298E+01  1.306251E+02
 2.907500E+02  7.441702E+01  7.442064E+01  1.306858E+02
 2.910000E+02  7.443468E+01  7.443829E+01  1.307465E+02
 2.912500E+02  7.445234E+01  7.445596E+01  1.308072E+02
 2.915000E+02  7.447001E+01  7.447362E+01  1.308678E+02
 2.917500E+02  7.448767E+01  7.449129E+01  1.309284E+02
 2.920000E+02  7.450534E+01  7.450896E+01  1.309889E+02
 2.922500E+02  7.452302E+01  7.452663E+01  1.310494E+02
 2.925000E+02  7.454069E+01  7.454431E+01  1.311099E+02
 2.927500E+02  7.455837E+01  7.456199E+01  1.311703E+02
 2.930000E+02  7.457605E+01  7.457967E+01  1.312307E+02
 2.932500E+02  7.459374E+01  7.459736E+01  1.312910E+02
 2.935000E+02  7.461143E+01  7.461504E+01  1.313513E+02
 2.937500E+02  7.462912E+01  7.463274E+01  1.314116E+02
 2.940000E+02  7.464681E+01  7.465043E+01  1.314718E+02
 2.942500E+02  7.466451E+01  7.466813E+01  1.315320E+02
 2.945000E+02  7.468221E+01  7.468583E+01  1.315921E+02
 2.947500E+02  7.469992E+01  7.470354E+01  1.316522E+02
 2.950000E+02  7.471763E+01  7.472125E+01  1.317122E+02
 2.952500E+02  7.473534E+01  7.473896E+01  1.317723E+02
 2.955000E+02  7.475306E+01  7.475668E+01  1.318322E+02
 2.957500E+02  7.477078E+01  7.477439E+01  1.318922E+02
 2.960000E+02  7.478850E+01  7.479212E+01  1.319521E+02
 2.962500E+02  7.480623E+01  7.480985E+01  1.320119E+02
 2.965000E+02  7.482396E+01  7.482758E+01  1.320718E+02
 2.967500E+02  7.484169E+01  7.484531E+01  1.321316E+02
 2.970000E+02  7.485943E+01  7.486305E+01  1.321913E+02
 2.972500E+02  7.487717E+01  7.488079E+01  1.322510E+02
 2.975000E+02  7.489492E+01  7.489854E+01  1.323107E+02
 2.977500E+02  7.491267E+01  7.491629E+01  1.323703E+02
 2.980000E+02  7.493043E+01  7.493405E+01  1.324299E+02
 2.982500E+02  7.494819E+01  7.495181E+01  1.324895E+02
 2.985000E+02  7.496595E+01  7.496957E+01  1.325491E+02
 2.987500E+02  7.498372E+01  7.498734E+01  1.326085E+02
 2.990000E+02  7.500149E+01  7.500511E+01  1.326680E+02
 2.992500E+02  7.501926E+01  7.502289E+01  1.327274E+02
 2.995000E+02  7.503705E+01  7.504067E+01  1.327868E+02
 2.997500E+02  7.505483E+01  7.505845E+01  1.328462E+02
 3.000000E+02  7.507262E+01  7.507624E+01  1.329055E+02
 3.002500E+02  7.509042E+01  7.509404E+01  1.329648E+02
 3.005000E+02  7.510822E+01  7.511184E+01  1.330241E+02
 3.007500E+02  7.512602E+01  7.512964E+01  1.330833E+02
 3.010000E+02  7.514383E+01  7.514745E+01  1.331425E+02
 3.012500E+02  7.516164E+01  7.516527E+01  1.332017E+02
 3.015000E+02  7.517946E+01  7.518309E+01  1.332608E+02
 3.017500E+02  7.519729E+01  7.520091E+01  1.333199E+02
 3.020000E+02  7.521512E+01  7.521874E+01  1.333789E+02
 3.022500E+02  7.523295E+01  7.523657E+01  1.334380E+02
 3.025000E+02  7.525079E+01  7.525441E+01  1.334970E+02
 3.027500E+02  7.526864E+01  7.527226E+01  1.335559E+02
 3.030000E+02  7.528649E+01  7.529011E+01  1.336149E+02
 3.032500E+02  7.530434E+01  7.530797E+01  1.336738E+02
 3.035000E+02  7.532220E+01  7.532583E+01  1.337327E+02
 3.037500E+02  7.534007E+01  7.534369E+01  1.337915E+02
 3.040000E+02  7.535794E+01  7.536157E+01  1.338503E+02
 3.042500E+02  7.537582E+01  7.537945E+01  1.339091E+02
 3.045000E+02  7.539370E+01  7.539733E+01  1.339679E+02
 3.047500E+02  7.541159E+01  7.541522E+01  1.340266E+02
 3.050000E+02  7.542949E+01  7.543311E+01  1.340853E+02
 3.052500E+02  7.544739E+01  7.545102E+01  1.341439E+02
 3.055000E+02  7.546530E+01  7.546892E+01  1.342026E+02
 3.057500E+02  7.548321E+01  7.548684E+01  1.342612E+02
 3.060000E+02  7.550113E+01  7.550476E+01  1.343198E+02
 3.062500E+02  7.551906E+01  7.552268E+01  1.343783E+02
 3.065000E+02  7.553699E+01  7.554061E+01  1.344369E+02
 3.067500E+02  7.555493E+01  7.555855E+01  1.344954E+02
 3.070000E+02  7.557287E+01  7.557650E+01  1.345539E+02
 3.072500E+02  7.559082E+01  7.559445E+01  1.346123E+02
 3.075000E+02  7.560878E+01  7.561241E+01  1.346707E+02
 3.077500E+02  7.562674E+01  7.563037E+01  1.347291E+02
 3.080000E+02  7.564471E+01  7.564834E+01  1.347875E+02
 3.082500E+02  7.566269E+01  7.566632E+01  1.348458E+02
 3.085000E+02  7.568068E+01  7.568430E+01  1.349042E+02
 3.087500E+02  7.569867E+01  7.570230E+01  1.349625E+02
 3.090000E+02  7.571667E+01  7.572029E+01  1.350207E+02
 3.092500E+02  7.573467E+01  7.573830E+01  1.350790E+02
 3.095000E+02  7.575268E+01  7.575631E+01  1.351372E+02
 3.097500E+02  7.577070E+01  7.577433E+01  1.351954E+02
 3.100000E+02  7.578873E+01  7.579236E+01  1.352536E+02
 3.102500E+02  7.580676E+01  7.581039E+01  1.353117E+02
 3.105000E+02  7.582480E+01  7.582843E+01  1.353698E+02
 3.107500E+02  7.584285E+01  7.584648E+01  1.354280E+02
 3.110000E+02  7.586091E+01  7.586454E+01  1.354860E+02
 3.112500E+02  7.587897E+01  7.588260E+01  1.355441E+02
 3.115000E+02  7.589704E+01  7.590067E+01  1.356021E+02
 3.117500E+02  7.591512E+01  7.591875E+01  1.356601E+02
 3.120000E+02  7.593321E+01  7.593684E+01  1.357181E+02
 3.122500E+02  7.595130E+01  7.595493E+01  1.357761E+02
 3.125000E+02  7.596941E+01  7.597304E+01  1.358341E+02
 3.127500E+02  7.598752E+01  7.599115E+01  1.358920E+02
 3.130000E+02  7.600564E+01  7.600927E+01  1.359499E+02
 3.132500E+02  7.602376E+01  7.602739E+01  1.360078E+02
 3.135000E+02  7.604190E+01  7.604553E+01  1.360657E+02
 3.137500E+02  7.606004E+01  7.606367E+01  1.361235E+02
 3.140000E+02  7.607819E+01  7.608182E+01  1.361813E+02
 3.142500E+02  7.609635E+01  7.609998E+01  1.362392E+02
 3.145000E+02  7.611452E+01  7.611815E+01  1.362970E+02
 3.147500E+02  7.613270E+01  7.613633E+01  1.363547E+02
 3.150000E+02  7.615088E+01  7.615452E+01  1.364125E+02
 3.152500E+02  7.616908E+01  7.617271E+01  1.364702E+02
 3.155000E+02  7.618728E+01  7.619091E+01  1.365279E+02
 3.157500E+02  7.620549E+01  7.620913E+01  1.365856E+02
 3.160000E+02  7.622371E+01  7.622735E+01  1.366433E+02
 3.162500E+02  7.624194E+01  7.624558E+01  1.367010E+02
 3.165000E+02  7.626018E+01  7.626382E+01  1.367586E+02
 3.167500E+02  7.627843E+01  7.628206E+01  1.368163E+02
 3.170000E+02  7.629669E+01  7.630032E+01  1.368739E+02
 3.172500E+02  7.631495E+01  7.631859E+01  1.369315E+02
 3.175000E+02  7.633323E+01  7.633687E+01  1.369891E+02
 3.177500E+02  7.635152E+01  7.635515E+01  1.370467E+02
 3.180000E+02  7.636981E+01  7.637345E+01  1.371042E+02
 3.182500E+02  7.638812E+01  7.639175E+01  1.371618E+02
 3.185000E+02  7.640643E+01  7.641007E+01  1.372193E+02
 3.187500E+02  7.642476E+01  7.642839E+01  1.372768E+02
 3.190000E+02  7.644309E+01  7.644673E+01  1.373343E+02
 3.192500E+02  7.646143E+01  7.646507E+01  1.373918E+02
 3.195000E+02  7.647979E+01  7.648342E+01  1.374492E+02
 3.197500E+02  7.649815E+01  7.650179E+01  1.375067E+02
 3.200000E+02  7.651653E+01  7.652016E+01  1.375641E+02
 3.202500E+02  7.653491E+01  7.653855E+01  1.376216E+02
 3.205000E+02  7.655331E+01  7.655694E+01  1.376790E+02
 3.207500E+02  7.657171E+01  7.657535E+01  1.377364E+02
 3.210000E+02  7.659013E+01  7.659377E+01  1.377938E+02
 3.212500E+02  7.660855E+01  7.661219E+01  1.378512E+02
 3.215000E+02  7.662699E+01  7.663063E+01  1.379085E+02
 3.217500E+02  7.664544E+01  7.664908E+01  1.379659E+02
 3.220000E+02  7.666390E+01  7.666754E+01  1.380232E+02
 3.222500E+02  7.668237E+01  7.668601E+01  1.380806E+02
 3.225000E+02  7.670085E+01  7.670449E+01  1.381379E+02
 3.227500E+02  7.671934E+01  7.672298E+01  1.381952E+02
 3.230000E+02  7.673784E+01  7.674148E+01  1.382525E+02
 3.232500E+02  7.675636E+01  7.675999E+01  1.383098E+02
 3.235000E+02  7.677488E+01  7.677852E+01  1.383671E+02
 3.237500E+02  7.679342E+01  7.679706E+01  1.384244E+02
 3.240000E+02  7.681197E+01  7.681561E+01  1.384817E+02
 3.242500E+02  7.683052E+01  7.683416E+01  1.385389E+02
 3.245000E+02  7.684910E+01  7.685274E+01  1.385962E+02
 3.247500E+02  7.686768E+01  7.687132E+01  1.386534E+02
 3.250000E+02  7.688627E+01  7.688991E+01  1.387107E+02
 3.252500E+02  7.690488E+01  7.690852E+01  1.387679E+02
 3.255000E+02  7.692350E+01  7.692714E+01  1.388251E+02
 3.257500E+02  7.694213E+01  7.694577E+01  1.388823E+02
 3.260000E+02  7.696077E+01  7.696441E+01  1.389395E+02
 3.262500E+02  7.697943E+01  7.698307E+01  1.389967E+02
 3.265000E+02  7.699809E+01  7.700173E+01  1.390539E+02
 3.267500E+02  7.701677E+01  7.702041E+01  1.391111E+02
 3.270000E+02  7.703546E+01  7.703911E+01  1.391683E+02
 3.272500E+02  7.705417E+01  7.705781E+01  1.392255E+02
 3.275000E+02  7.707288E+01  7.707653E+01  1.392826E+02
 3.277500E+02  7.709161E+01  7.709526E+01  1.393398E+02
 3.280000E+02  7.711036E+01  7.711400E+01  1.393970E+02
 3.282500E+02  7.712911E+01  7.713275E+01  1.394541E+02
 3.285000E+02  7.714788E+01  7.715152E+01  1.395113E+02
 3.287500E+02  7.716666E+01  7.717030E+01  1.395684E+02
 3.290000E+02  7.718545E+01  7.718910E+01  1.396256E+02
 3.292500E+02  7.720426E+01  7.720791E+01  1.396827E+02
 3.295000E+02  7.722308E+01  7.722673E+01  1.397399E+02
 3.297500E+02  7.724192E+01  7.724556E+01  1.397970E+02
 3.300000E+02  7.726076E+01  7.726441E+01  1.398542E+02
 3.302500E+02  7.727963E+01  7.728327E+01  1.399113E+02
 3.305000E+02  7.729850E+01  7.730214E+01  1.399684E+02
 3.307500E+02  7.731739E+01  7.732103E+01  1.400255E+02
 3.310000E+02  7.733629E+01  7.733994E+01  1.400827E+02
 3.312500E+02  7.735521E+01  7.735885E+01  1.401398E+02
 3.315000E+02  7.737414E+01  7.737778E+01  1.401969E+02
 3.317500E+02  7.739308E+01  7.739673E+01  1.402541E+02
 3.320000E+02  7.741204E+01  7.741568E+01  1.403112E+02
 3.322500E+02  7.743101E+01  7.743466E+01  1.403683E+02
 3.325000E+02  7.745000E+01  7.745364E+01  1.404254E+02
 3.327500E+02  7.746900E+01  7.747264E+01  1.404826E+02
 3.330000E+02  7.748801E+01  7.749166E+01  1.405397E+02
 3.332500E+02  7.750704E+01  7.751069E+01  1.405968E+02
 3.335000E+02  7.752609E+01  7.752974E+01  1.406539E+02
 3.337500E+02  7.754515E+01  7.754880E+01  1.407111E+02
 3.340000E+02  7.756422E+01  7.756787E+01  1.407682E+02
 3.342500E+02  7.758331E+01  7.758696E+01  1.408253E+02
 3.345000E+02  7.760242E+01  7.760606E+01  1.408825E+02
 3.347500E+02  7.762154E+01  7.762518E+01  1.409396E+02
 3.350000E+02  7.764067E+01  7.764432E+01  1.409967E+02
 3.352500E+02  7.765982E+01  7.766347E+01  1.410539E+02
 3.355000E+02  7.767898E+01  7.768263E+01  1.411110E+02
 3.357500E+02  7.769817E+01  7.770181E+01  1.411682E+02
 3.360000E+02  7.771736E+01  7.772101E+01  1.412253E+02
 3.362500E+02  7.773657E+01  7.774022E+01  1.412825E+02
 3.365000E+02  7.775580E+01  7.775945E+01  1.413396E+02
 3.367500E+02  7.777504E+01  7.777869E+01  1.413968E+02
 3.370000E+02  7.779430E+01  7.779795E+01  1.414540E+02
 3.372500E+02  7.781358E+01  7.781723E+01  1.415112E+02
 3.375000E+02  7.783287E+01  7.783652E+01  1.415683E+02
 3.377500E+02  7.785218E+01  7.785583E+01  1.416255E+02
 3.380000E+02  7.787150E+01  7.787515E+01  1.416827E+02
 3.382500E+02  7.789084E+01  7.789449E+01  1.417399E+02
 3.385000E+02  7.791020E+01  7.791385E+01  1.417971E+02
 3.387500E+02  7.792957E+01  7.793322E+01  1.418543E+02
 3.390000E+02  7.794896E+01  7.795261E+01  1.419116E+02
 3.392500E+02  7.796837E+01  7.797202E+01  1.419688E+02
 3.395000E+02  7.798779E+01  7.799144E+01  1.420260E+02
 3.397500E+02  7.800723E+01  7.801088E+01  1.420833E+02
 3.400000E+02  7.802669E+01  7.803034E+01  1.421405E+02
 3.402500E+02  7.804616E+01  7.804981E+01  1.421978E+02
 3.405000E+02  7.806565E+01  7.806931E+01  1.422550E+02
 3.407500E+02  7.808516E+01  7.808882E+01  1.423123E+02
 3.410000E+02  7.810469E+01  7.810834E+01  1.423696E+02
 3.412500E+02  7.812423E+01  7.812789E+01  1.424269E+02
 3.415000E+02  7.814379E+01  7.814745E+01  1.424842E+02
 3.417500E+02  7.816337E+01  7.816703E+01  1.425415E+02
 3.420000E+02  7.818297E+01  7.818662E+01  1.425988E+02
 3.422500E+02  7.820258E+01  7.820624E+01  1.426561E+02
 3.425000E+02  7.822221E+01  7.822587E+01  1.427135E+02
 3.427500E+02  7.824186E+01  7.824552E+01  1.427708E+02
 3.430000E+02  7.826153E+01  7.826519E+01  1.428282E+02
 3.432500E+02  7.828122E+01  7.828487E+01  1.428856E+02
 3.435000E+02  7.830092E+01  7.830458E+01  1.429430E+02
 3.437500E+02  7.832065E+01  7.832430E+01  1.430004E+02
 3.440000E+02  7.834039E+01  7.834404E+01  1.430578E+02
 3.442500E+02  7.836015E+01  7.836381E+01  1.431152E+02
 3.445000E+02  7.837993E+01  7.838358E+01  1.431726E+02
 3.447500E+02  7.839973E+01  7.840338E+01  1.432301E+02
 3.450000E+02  7.841954E+01  7.842320E+01  1.432875E+02
 3.452500E+02  7.843938E+01  7.844303E+01  1.433450E+02
 3.455000E+02  7.845923E+01  7.846289E+01  1.434025E+02
 3.457500E+02  7.847911E+01  7.848276E+01  1.434600E+02
 3.460000E+02  7.849900E+01  7.850266E+01  1.435175E+02
 3.462500E+02  7.851891E+01  7.852257E+01  1.435750E+02
 3.465000E+02  7.853884E+01  7.854250E+01  1.436326E+02
 3.467500E+02  7.855879E+01  7.856245E+01  1.436901E+02
 3.470000E+02  7.857877E+01  7.858242E+01  1.437477E+02
 3.472500E+02  7.859876E+01  7.860242E+01  1.438053E+02
 3.475000E+02  7.861877E+01  7.862243E+01  1.438629E+02
 3.477500E+02  7.863880E+01  7.864246E+01  1.439205E+02
 3.480000E+02  7.865885E+01  7.866251E+01  1.439782E+02
 3.482500E+02  7.867892E+01  7.868258E+01  1.440358E+02
 3.485000E+02  7.869901E+01  7.870267E+01  1.440935E+02
 3.487500E+02  7.871912E+01  7.872278E+01  1.441512E+02
 3.490000E+02  7.873925E+01  7.874291E+01  1.442089E+02
 3.492500E+02  7.875940E+01  7.876306E+01  1.442666E+02
 3.495000E+02  7.877958E+01  7.878324E+01  1.443244E+02
 3.497500E+02  7.879977E+01  7.880343E+01  1.443821E+02
 3.500000E+02  7.881998E+01  7.882364E+01  1.444399E+02
 3.502500E+02  7.884022E+01  7.884388E+01  1.444977E+02
 3.505000E+02  7.886048E+01  7.886414E+01  1.445555E+02
 3.507500E+02  7.888075E+01  7.888441E+01  1.446133E+02
 3.510000E+02  7.890105E+01  7.890471E+01  1.446712E+02
 3.512500E+02  7.892137E+01  7.892503E+01  1.447290E+02
 3.515000E+02  7.894171E+01  7.894537E+01  1.447869E+02
 3.517500E+02  7.896207E+01  7.896574E+01  1.448449E+02
 3.520000E+02  7.898246E+01  7.898612E+01  1.449028E+02
 3.522500E+02  7.900286E+01  7.900653E+01  1.449607E+02
 3.525000E+02  7.902329E+01  7.902695E+01  1.450187E+02
 3.527500E+02  7.904374E+01  7.904740E+01  1.450767E+02
 3.530000E+02  7.906421E+01  7.906788E+01  1.451347E+02
 3.532500E+02  7.908471E+01  7.908837E+01  1.451927E+02
 3.535000E+02  7.910522E+01  7.910889E+01  1.452508E+02
 3.537500E+02  7.912576E+01  7.912942E+01  1.453089E+02
 3.540000E+02  7.914632E+01  7.914998E+01  1.453670E+02
 3.542500E+02  7.916690E+01  7.917057E+01  1.454251E+02
 3.545000E+02  7.918751E+01  7.919117E+01  1.454833E+02
 3.547500E+02  7.920814E+01  7.921180E+01  1.455414E+02
 3.550000E+02  7.922879E+01  7.923245E+01  1.455996E+02
 3.552500E+02  7.924946E+01  7.925313E+01  1.456578E+02
 3.555000E+02  7.927016E+01  7.927382E+01  1.457161E+02
 3.557500E+02  7.929088E+01  7.929454E+01  1.457743E+02
 3.560000E+02  7.931162E+01  7.931529E+01  1.458326E+02
 3.562500E+02  7.933239E+01  7.933606E+01  1.458909E+02
 3.565000E+02  7.935318E+01  7.935685E+01  1.459493E+02
 3.567500E+02  7.937399E+01  7.937766E+01  1.460076E+02
 3.570000E+02  7.939483E+01  7.939850E+01  1.460660E+02
 3.572500E+02  7.941569E+01  7.941936E+01  1.461244E+02
 3.575000E+02  7.943658E+01  7.944024E+01  1.461829E+02
 3.577500E+02  7.945748E+01  7.946115E+01  1.462414E+02
 3.580000E+02  7.947842E+01  7.948208E+01  1.462998E+02
 3.582500E+02  7.949937E+01  7.950304E+01  1.463584E+02
 3.585000E+02  7.952035E+01  7.952402E+01  1.464169E+02
 3.587500E+02  7.954136E+01  7.954503E+01  1.464755E+02
 3.590000E+02  7.956239E+01  7.956606E+01  1.465341E+02
 3.592500E+02  7.958344E+01  7.958711E+01  1.465927E+02
 3.595000E+02  7.960452E+01  7.960819E+01  1.466514E+02
 3.597500E+02  7.962563E+01  7.962930E+01  1.467100E+02
 3.600000E+02  7.964676E+01  7.965043E+01  1.467688E+02
 3.602500E+02  7.966791E+01  7.967158E+01  1.468275E+02
 3.605000E+02  7.968909E+01  7.969276E+01  1.468863E+02
 3.607500E+02  7.971029E+01  7.971396E+01  1.469451E+02
 3.610000E+02  7.973152E+01  7.973519E+01  1.470039E+02
 3.612500E+02  7.975278E+01  7.975645E+01  1.470628E+02
 3.615000E+02  7.977406E+01  7.977773E+01  1.471216E+02
 3.617500E+02  7.979536E+01  7.979903E+01  1.471806E+02
 3.620000E+02  7.981669E+01  7.982036E+01  1.472395E+02
 3.622500E+02  7.983805E+01  7.984172E+01  1.472985E+02
 3.625000E+02  7.985943E+01  7.986310E+01  1.473575E+02
 3.627500E+02  7.988084E+01  7.988451E+01  1.474165E+02
 3.630000E+02  7.990228E+01  7.990595E+01  1.474756E+02
 3.632500E+02  7.992374E+01  7.992741E+01  1.475347E+02
 3.635000E+02  7.994523E+01  7.994890E+01  1.475938E+02
 3.637500E+02  7.996674E+01  7.997041E+01  1.476530E+02
 3.640000E+02  7.998828E+01  7.999195E+01  1.477122E+02
 3.642500E+02  8.000985E+01  8.001352E+01  1.477714E+02
 3.645000E+02  8.003144E+01  8.003512E+01  1.478307E+02
 3.647500E+02  8.005307E+01  8.005675E+01  1.478900E+02
 3.650000E+02  8.007472E+01  8.007839E+01  1.479493E+02
 3.652500E+02  8.009640E+01  8.010007E+01  1.480087E+02
 3.655000E+02  8.011810E+01  8.012177E+01  1.480681E+02
 3.657500E+02  8.013983E+01  8.014350E+01  1.481275E+02
 3.660000E+02  8.016158E+01  8.016526E+01  1.481870E+02
 3.662500E+02  8.018337E+01  8.018704E+01  1.482465E+02
 3.665000E+02  8.020518E+01  8.020886E+01  1.483060E+02
 3.667500E+02  8.022702E+01  8.023070E+01  1.483656E+02
 3.670000E+02  8.024889E+01  8.025257E+01  1.484252E+02
 3.672500E+02  8.027078E+01  8.027446E+01  1.484849E+02
 3.675000E+02  8.029271E+01  8.029639E+01  1.485445E+02
 3.677500E+02  8.031466E+01  8.031834E+01  1.486043E+02
 3.680000E+02  8.033664E+01  8.034032E+01  1.486640E+02
 3.682500E+02  8.035865E+01  8.036233E+01  1.487238E+02
 3.685000E+02  8.038069E+01  8.038436E+01  1.487836E+02
 3.687500E+02  8.040275E+01  8.040643E+01  1.488435E+02
 3.690000E+02  8.042485E+01  8.042853E+01  1.489034E+02
 3.692500E+02  8.044697E+01  8.045065E+01  1.489633E+02
 3.695000E+02  8.046912E+01  8.047280E+01  1.490233E+02
 3.697500E+02  8.049130E+01  8.049498E+01  1.490833E+02
 3.700000E+02  8.051351E+01  8.051719E+01  1.491433E+02
 3.702500E+02  8.053575E+01  8.053943E+01  1.492034E+02
 3.705000E+02  8.055802E+01  8.056170E+01  1.492636E+02
 3.707500E+02  8.058032E+01  8.058400E+01  1.493237E+02
 3.710000E+02  8.060265E+01  8.060633E+01  1.493839E+02
 3.712500E+02  8.062501E+01  8.062869E+01  1.494442E+02
 3.715000E+02  8.064740E+01  8.065108E+01  1.495045E+02
 3.717500E+02  8.066981E+01  8.067349E+01  1.495648E+02
 3.720000E+02  8.069226E+01  8.069594E+01  1.496251E+02
 3.722500E+02  8.071474E+01  8.071842E+01  1.496855E+02
 3.725000E+02  8.073725E+01  8.074093E+01  1.497460E+02
 3.727500E+02  8.075978E+01  8.076347E+01  1.498065E+02
 3.730000E+02  8.078235E+01  8.078604E+01  1.498670E+02
 3.732500E+02  8.080495E+01  8.080864E+01  1.499276E+02
 3.735000E+02  8.082758E+01  8.083127E+01  1.499882E+02
 3.737500E+02  8.085024E+01  8.085393E+01  1.500488E+02
 3.740000E+02  8.087294E+01  8.087662E+01  1.501095E+02
 3.742500E+02  8.089566E+01  8.089934E+01  1.501703E+02
 3.745000E+02  8.091841E+01  8.092210E+01  1.502311E+02
 3.747500E+02  8.094120E+01  8.094488E+01  1.502919E+02
 3.750000E+02  8.096402E+01  8.096770E+01  1.503527E+02
 3.752500E+02  8.098686E+01  8.099055E+01  1.504136E+02
 3.755000E+02  8.100974E+01  8.101343E+01  1.504746E+02
 3.757500E+02  8.103266E+01  8.103634E+01  1.505356E+02
 3.760000E+02  8.105560E+01  8.105928E+01  1.505966E+02
 3.762500E+02  8.107857E+01  8.108226E+01  1.506577E+02
 3.765000E+02  8.110158E+01  8.110527E+01  1.507189E+02
 3.767500E+02  8.112462E+01  8.112831E+01  1.507800E+02
 3.770000E+02  8.114769E+01  8.115138E+01  1.508412E+02
 3.772500E+02  8.117080E+01  8.117448E+01  1.509025E+02
 3.775000E+02  8.119393E+01  8.119762E+01  1.509638E+02
 3.777500E+02  8.121710E+01  8.122079E+01  1.510252E+02
 3.780000E+02  8.124030E+01  8.124399E+01  1.510866E+02
 3.782500E+02  8.126354E+01  8.126723E+01  1.511480E+02
 3.785000E+02  8.128681E+01  8.129049E+01  1.512095E+02
 3.787500E+02  8.131011E+01  8.131380E+01  1.512711E+02
 3.790000E+02  8.133344E+01  8.133713E+01  1.513326E+02
 3.792500E+02  8.135681E+01  8.136050E+01  1.513943E+02
 3.795000E+02  8.138021E+01  8.138390E+01  1.514560E+02
 3.797500E+02  8.140364E+01  8.140733E+01  1.515177E+02
 3.800000E+02  8.142711E+01  8.143080E+01  1.515795E+02
 3.802500E+02  8.145061E+01  8.145430E+01  1.516413E+02
 3.805000E+02  8.147415E+01  8.147784E+01  1.517032E+02
 3.807500E+02  8.149772E+01  8.150141E+01  1.517651E+02
 3.810000E+02  8.152132E+01  8.152501E+01  1.518271E+02
 3.812500E+02  8.154496E+01  8.154865E+01  1.518891E+02
 3.815000E+02  8.156863E+01  8.157232E+01  1.519512E+02
 3.817500E+02  8.159234E+01  8.159603E+01  1.520133E+02
 3.820000E+02  8.161608E+01  8.161977E+01  1.520755E+02
 3.822500E+02  8.163985E+01  8.164354E+01  1.521377E+02
 3.825000E+02  8.166366E+01  8.166735E+01  1.521999E+02
 3.827500E+02  8.168751E+01  8.169120E+01  1.522623E+02
 3.830000E+02  8.171139E+01  8.171508E+01  1.523246E+02
 3.832500E+02  8.173530E+01  8.173899E+01  1.523871E+02
 3.835000E+02  8.175925E+01  8.176294E+01  1.524495E+02
 3.837500E+02  8.178324E+01  8.178693E+01  1.525120E+02
 3.840000E+02  8.180726E+01  8.181095E+01  1.525746E+02
 3.842500E+02  8.183131E+01  8.183501E+01  1.526373E+02
 3.845000E+02  8.185541E+01  8.185910E+01  1.526999E+02
 3.847500E+02  8.187953E+01  8.188323E+01  1.527627E+02
 3.850000E+02  8.190370E+01  8.190739E+01  1.528254E+02
 3.852500E+02  8.192790E+01  8.193159E+01  1.528883E+02
 3.855000E+02  8.195213E+01  8.195583E+01  1.529512E+02
 3.857500E+02  8.197641E+01  8.198010E+01  1.530141E+02
 3.860000E+02  8.200072E+01  8.200441E+01  1.530771E+02
 3.862500E+02  8.202506E+01  8.202876E+01  1.531402E+02
 3.865000E+02  8.204944E+01  8.205314E+01  1.532033E+02
 3.867500E+02  8.207386E+01  8.207756E+01  1.532664E+02
 3.870000E+02  8.209831E+01  8.210201E+01  1.533296E+02
 3.872500E+02  8.212281E+01  8.212650E+01  1.533929E+02
 3.875000E+02  8.214734E+01  8.215103E+01  1.534562E+02
 3.877500E+02  8.217190E+01  8.217560E+01  1.535196E+02
 3.880000E+02  8.219650E+01  8.220020E+01  1.535830E+02
 3.882500E+02  8.222115E+01  8.222484E+01  1.536465E+02
 3.885000E+02  8.224582E+01  8.224952E+01  1.537101E+02
 3.887500E+02  8.227054E+01  8.227424E+01  1.537737E+02
 3.890000E+02  8.229529E+01  8.229899E+01  1.538373E+02
 3.892500E+02  8.232008E+01  8.232378E+01  1.539010E+02
 3.895000E+02  8.234491E+01  8.234861E+01  1.539648E+02
 3.897500E+02  8.236978E+01  8.237348E+01  1.540286E+02
 3.900000E+02  8.239468E+01  8.239839E+01  1.540925E+02
 3.902500E+02  8.241963E+01  8.242333E+01  1.541564E+02
 3.905000E+02  8.244461E+01  8.244831E+01  1.542204E+02
 3.907500E+02  8.246963E+01  8.247333E+01  1.542845E+02
 3.910000E+02  8.249469E+01  8.249839E+01  1.543486E+02
 3.912500E+02  8.251979E+01  8.252349E+01  1.544128E+02
 3.915000E+02  8.254492E+01  8.254863E+01  1.544770E+02
 3.917500E+02  8.257010E+01  8.257380E+01  1.545413E+02
 3.920000E+02  8.259531E+01  8.259902E+01  1.546056E+02
 3.922500E+02  8.262057E+01  8.262427E+01  1.546700E+02
 3.925000E+02  8.264586E+01  8.264956E+01  1.547345E+02
 3.927500E+02  8.267119E+01  8.267489E+01  1.547990E+02
 3.930000E+02  8.269656E+01  8.270027E+01  1.548636E+02
 3.932500E+02  8.272197E+01  8.272568E+01  1.549282E+02
 3.935000E+02  8.274742E+01  8.275113E+01  1.549929E+02
 3.937500E+02  8.277291E+01  8.277662E+01  1.550577E+02
 3.940000E+02  8.279845E+01  8.280215E+01  1.551225E+02
 3.942500E+02  8.282402E+01  8.282772E+01  1.551874E+02
 3.945000E+02  8.284963E+01  8.285333E+01  1.552523E+02
 3.947500E+02  8.287528E+01  8.287898E+01  1.553173E+02
 3.950000E+02  8.290097E+01  8.290467E+01  1.553824E+02
 3.952500E+02  8.292670E+01  8.293041E+01  1.554475E+02
 3.955000E+02  8.295247E+01  8.295618E+01  1.555127E+02
 3.957500E+02  8.297829E+01  8.298199E+01  1.555779E+02
 3.960000E+02  8.300414E+01  8.300785E+01  1.556432E+02
 3.962500E+02  8.303003E+01  8.303374E+01  1.557086E+02
 3.965000E+02  8.305597E+01  8.305968E+01  1.557741E+02
 3.967500E+02  8.308195E+01  8.308565E+01  1.558395E+02
 3.970000E+02  8.310796E+01  8.311167E+01  1.559051E+02
 3.972500E+02  8.313402E+01  8.313773E+01  1.559707E+02
 3.975000E+02  8.316012E+01  8.316383E+01  1.560364E+02
 3.977500E+02  8.318627E+01  8.318998E+01  1.561022E+02
 3.980000E+02  8.321245E+01  8.321616E+01  1.561680E+02
 3.982500E+02  8.323868E+01  8.324239E+01  1.562338E+02
 3.985000E+02  8.326494E+01  8.326865E+01  1.562998E+02
 3.987500E+02  8.329125E+01  8.329496E+01  1.563658E+02
 3.990000E+02  8.331760E+01  8.332131E+01  1.564318E+02
 3.992500E+02  8.334400E+01  8.334771E+01  1.564980E+02
 3.995000E+02  8.337043E+01  8.337415E+01  1.565642E+02
 3.997500E+02  8.339691E+01  8.340062E+01  1.566304E+02
 4.000000E+02  8.342343E+01  8.342714E+01  1.566967E+02
 4.002500E+02  8.345000E+01  8.345371E+01  1.567631E+02
 4.005000E+02  8.347660E+01  8.348031E+01  1.568296E+02
 4.007500E+02  8.350325E+01  8.350696E+01  1.568961E+02
 4.010000E+02  8.352994E+01  8.353366E+01  1.569627E+02
 4.012500E+02  8.355668E+01  8.356039E+01  1.570293E+02
 4.015000E+02  8.358345E+01  8.358717E+01  1.570961E+02
 4.017500E+02  8.361028E+01  8.361399E+01  1.571628E+02
 4.020000E+02  8.363714E+01  8.364085E+01  1.572297E+02
 4.022500E+02  8.366405E+01  8.366776E+01  1.572966E+02
 4.025000E+02  8.369100E+01  8.369471E+01  1.573636E+02
 4.027500E+02  8.371799E+01  8.372171E+01  1.574306E+02
 4.030000E+02  8.374503E+01  8.374875E+01  1.574977E+02
 4.032500E+02  8.377211E+01  8.377583E+01  1.575649E+02
 4.035000E+02  8.379924E+01  8.380296E+01  1.576322E+02
 4.037500E+02  8.382641E+01  8.383013E+01  1.576995E+02
 4.040000E+02  8.385362E+01  8.385734E+01  1.577669E+02
 4.042500E+02  8.388088E+01  8.388460E+01  1.578343E+02
 4.045000E+02  8.390818E+01  8.391190E+01  1.579018E+02
 4.047500E+02  8.393553E+01  8.393925E+01  1.579694E+02
 4.050000E+02  8.396292E+01  8.396664E+01  1.580371E+02
 4.052500E+02  8.399036E+01  8.399408E+01  1.581048E+02
 4.055000E+02  8.401784E+01  8.402156E+01  1.581726E+02
 4.057500E+02  8.404536E+01  8.404908E+01  1.582405E+02
 4.060000E+02  8.407293E+01  8.407665E+01  1.583084E+02
 4.062500E+02  8.410055E+01  8.410427E+01  1.583764E+02
 4.065000E+02  8.412821E+01  8.413193E+01  1.584445E+02
 4.067500E+02  8.415591E+01  8.415964E+01  1.585126E+02
 4.070000E+02  8.418366E+01  8.418739E+01  1.585808E+02
 4.072500E+02  8.421146E+01  8.421518E+01  1.586491E+02
 4.075000E+02  8.423930E+01  8.424302E+01  1.587174E+02
 4.077500E+02  8.426719E+01  8.427091E+01  1.587858E+02
 4.080000E+02  8.429512E+01  8.429884E+01  1.588543E+02
 4.082500E+02  8.432310E+01  8.432682E+01  1.589229E+02
 4.085000E+02  8.435112E+01  8.435484E+01  1.589915E+02
 4.087500E+02  8.437919E+01  8.438291E+01  1.590602E+02
 4.090000E+02  8.440731E+01  8.441103E+01  1.591289E+02
 4.092500E+02  8.443547E+01  8.443919E+01  1.591978E+02
 4.095000E+02  8.446367E+01  8.446740E+01  1.592667E+02
 4.097500E+02  8.449193E+01  8.449565E+01  1.593356E+02
 4.100000E+02  8.452023E+01  8.452395E+01  1.594047E+02
 4.102500E+02  8.454857E+01  8.455230E+01  1.594738E+02
 4.105000E+02  8.457696E+01  8.458069E+01  1.595430E+02
 4.107500E+02  8.460540E+01  8.460913E+01  1.596123E+02
 4.110000E+02  8.463389E+01  8.463762E+01  1.596816E+02
 4.112500E+02  8.466242E+01  8.466615E+01  1.597510E+02
 4.115000E+02  8.469100E+01  8.469473E+01  1.598205E+02
 4.117500E+02  8.471963E+01  8.472335E+01  1.598900E+02
 4.120000E+02  8.474830E+01  8.475203E+01  1.599596E+02
 4.122500E+02  8.477702E+01  8.478075E+01  1.600293E+02
 4.125000E+02  8.480578E+01  8.480951E+01  1.600991E+02
 4.127500E+02  8.483460E+01  8.483833E+01  1.601689E+02
 4.130000E+02  8.486346E+01  8.486719E+01  1.602388E+02
 4.132500E+02  8.489236E+01  8.489610E+01  1.603088E+02
 4.135000E+02  8.492132E+01  8.492505E+01  1.603788E+02
 4.137500E+02  8.495032E+01  8.495405E+01  1.604489E+02
 4.140000E+02  8.497937E+01  8.498310E+01  1.605191E+02
 4.142500E+02  8.500847E+01  8.501220E+01  1.605894E+02
 4.145000E+02  8.503761E+01  8.504135E+01  1.606597E+02
 4.147500E+02  8.506681E+01  8.507054E+01  1.607301E+02
 4.150000E+02  8.509605E+01  8.509978E+01  1.608006E+02
 4.152500E+02  8.512534E+01  8.512907E+01  1.608712E+02
 4.155000E+02  8.515467E+01  8.515841E+01  1.609418E+02
 4.157500E+02  8.518406E+01  8.518779E+01  1.610125E+02
 4.160000E+02  8.521349E+01  8.521722E+01  1.610833E+02
 4.162500E+02  8.524297E+01  8.524670E+01  1.611541E+02
 4.165000E+02  8.527249E+01  8.527623E+01  1.612250E+02
 4.167500E+02  8.530207E+01  8.530581E+01  1.612960E+02
 4.170000E+02  8.533169E+01  8.533543E+01  1.613671E+02
 4.172500E+02  8.536137E+01  8.536510E+01  1.614382E+02
 4.175000E+02  8.539109E+01  8.539482E+01  1.615094E+02
 4.177500E+02  8.542086E+01  8.542459E+01  1.615807E+02
 4.180000E+02  8.545067E+01  8.545441E+01  1.616521E+02
 4.182500E+02  8.548054E+01  8.548428E+01  1.617235E+02
 4.185000E+02  8.551046E+01  8.551419E+01  1.617950E+02
 4.187500E+02  8.554042E+01  8.554416E+01  1.618666E+02
 4.190000E+02  8.557043E+01  8.557417E+01  1.619382E+02
 4.192500E+02  8.560049E+01  8.560423E+01  1.620099E+02
 4.195000E+02  8.563060E+01  8.563434E+01  1.620817E+02
 4.197500E+02  8.566076E+01  8.566450E+01  1.621536E+02
 4.200000E+02  8.569096E+01  8.569470E+01  1.622255E+02
 4.202500E+02  8.572122E+01  8.572496E+01  1.622976E+02
 4.205000E+02  8.575152E+01  8.575526E+01  1.623697E+02
 4.207500E+02  8.578188E+01  8.578562E+01  1.624418E+02
 4.210000E+02  8.581228E+01  8.581602E+01  1.625141E+02
 4.212500E+02  8.584273E+01  8.584647E+01  1.625864E+02
 4.215000E+02  8.587323E+01  8.587697E+01  1.626587E+02
 4.217500E+02  8.590378E+01  8.590752E+01  1.627312E+02
 4.220000E+02  8.593438E+01  8.593812E+01  1.628037E+02
 4.222500E+02  8.596502E+01  8.596877E+01  1.628763E+02
 4.225000E+02  8.599572E+01  8.599946E+01  1.629490E+02
 4.227500E+02  8.602646E+01  8.603021E+01  1.630218E+02
 4.230000E+02  8.605726E+01  8.606100E+01  1.630946E+02
 4.232500E+02  8.608810E+01  8.609185E+01  1.631675E+02
 4.235000E+02  8.611900E+01  8.612274E+01  1.632404E+02
 4.237500E+02  8.614994E+01  8.615368E+01  1.633135E+02
 4.240000E+02  1.221329E+02  1.256328E+02  2.564643E+02
 4.242500E+02  1.221464E+02  1.256484E+02  2.565010E+02
 4.245000E+02  1.221598E+02  1.256639E+02  2.565376E+02
 4.247500E+02  1.221733E+02  1.256795E+02  2.565743E+02
 4.250000E+02  1.221868E+02  1.256950E+02  2.566109E+02
 4.252500E+02  1.222002E+02  1.257106E+02  2.566475E+02
 4.255000E+02  1.222137E+02  1.257262E+02  2.566841E+02
 4.257500E+02  1.222272E+02  1.257417E+02  2.567207E+02
 4.260000E+02  1.222407E+02  1.257573E+02  2.567573E+02
 4.262500E+02  1.222541E+02  1.257729E+02  2.567938E+02
 4.265000E+02  1.222676E+02  1.257885E+02  2.568304E+02
 4.267500E+02  1.222811E+02  1.258041E+02  2.568669E+02
 4.270000E+02  1.222946E+02  1.258197E+02  2.569034E+02
 4.272500E+02  1.223081E+02  1.258353E+02  2.569400E+02
 4.275000E+02  1.223216E+02  1.258509E+02  2.569765E+02
 4.277500E+02  1.223351E+02  1.258665E+02  2.570129E+02
 4.280000E+02  1.223486E+02  1.258821E+02  2.570494E+02
 4.282500E+02  1.223622E+02  1.258977E+02  2.570859E+02
 4.285000E+02  1.223757E+02  1.259133E+02  2.571223E+02
 4.287500E+02  1.223892E+02  1.259289E+02  2.571588E+02
 4.290000E+02  1.224027E+02  1.259445E+02  2.571952E+02
 4.292500E+02  1.224163E+02  1.259602E+02  2.572316E+02
 4.295000E+02  1.224298E+02  1.259758E+02  2.572680E+02
 4.297500E+02  1.224433E+02  1.259914E+02  2.573044E+02
 4.300000E+02  1.224569E+02  1.260071E+02  2.573408E+02
 4.302500E+02  1.224704E+02  1.260227E+02  2.573772E+02
 4.305000E+02  1.224840E+02  1.260384E+02  2.574135E+02
 4.307500E+02  1.224975E+02  1.260540E+02  2.574499E+02
 4.310000E+02  1.225111E+02  1.260697E+02  2.574862E+02
 4.312500E+02  1.225246E+02  1.260853E+02  2.575225E+02
 4.315000E+02  1.225382E+02  1.261010E+02  2.575588E+02
 4.317500E+02  1.225518E+02  1.261167E+02  2.575951E+02
 4.320000E+02  1.225654E+02  1.261323E+02  2.576314E+02
 4.322500E+02  1.225789E+02  1.261480E+02  2.576677E+02
 4.325000E+02  1.225925E+02  1.261637E+02  2.577040E+02
 4.327500E+02  1.226061E+02  1.261794E+02  2.577402E+02
 4.330000E+02  1.226197E+02  1.261950E+02  2.577764E+02
 4.332500E+02  1.226333E+02  1.262107E+02  2.578127E+02
 4.335000E+02  1.226469E+02  1.262264E+02  2.578489E+02
 4.337500E+02  1.226605E+02  1.262421E+02  2.578851E+02
 4.340000E+02  1.226741E+02  1.262578E+02  2.579213E+02
 4.342500E+02  1.226877E+02  1.262735E+02  2.579574E+02
 4.345000E+02  1.227013E+02  1.262892E+02  2.579936E+02
 4.347500E+02  1.227149E+02  1.263050E+02  2.580298E+02
 4.350000E+02  1.227285E+02  1.263207E+02  2.580659E+02
 4.352500E+02  1.227422E+02  1.263364E+02  2.581020E+02
 4.355000E+02  1.227558E+02  1.263521E+02  2.581382E+02
 4.357500E+02  1.227694E+02  1.263678E+02  2.581743E+02
 4.360000E+02  1.227831E+02  1.263836E+02  2.582104E+02
 4.362500E+02  1.227967E+02  1.263993E+02  2.582464E+02
 4.365000E+02  1.228103E+02  1.264151E+02  2.582825E+02
 4.367500E+02  1.228240E+02  1.264308E+02  2.583186E+02
 4.370000E+02  1.228376E+02  1.264465E+02  2.583546E+02
 4.372500E+02  1.228513E+02  1.264623E+02  2.583906E+02
 4.375000E+02  1.228650E+02  1.264781E+02  2.584267E+02
 4.377500E+02  1.228786E+02  1.264938E+02  2.584627E+02
 4.380000E+02  1.228923E+02  1.265096E+02  2.584987E+02
 4.382500E+02  1.229060E+02  1.265253E+02  2.585347E+02
 4.385000E+02  1.229196E+02  1.265411E+02  2.585706E+02
 4.387500E+02  1.229333E+02  1.265569E+02  2.586066E+02
 4.390000E+02  1.229470E+02  1.265727E+02  2.586426E+02
 4.392500E+02  1.229607E+02  1.265884E+02  2.586785E+02
 4.395000E+02  1.229744E+02  1.266042E+02  2.587144E+02
 4.397500E+02  1.229881E+02  1.266200E+02  2.587504E+02
 4.400000E+02  1.230018E+02  1.266358E+02  2.587863E+02
 4.402500E+02  1.230155E+02  1.266516E+02  2.588222E+02
 4.405000E+02  1.230292E+02  1.266674E+02  2.588580E+02
 4.407500E+02  1.230429E+02  1.266832E+02  2.588939E+02
 4.410000E+02  1.230566E+02  1.266990E+02  2.589298E+02
 4.412500E+02  1.230703E+02  1.267148E+02  2.589656E+02
 4.415000E+02  1.230840E+02  1.267307E+02  2.590014E+02
 4.417500E+02  1.230978E+02  1.267465E+02  2.590373E+02
 4.420000E+02  1.231115E+02  1.267623E+02  2.590731E+02
 4.422500E+02  1.231252E+02  1.267781E+02  2.591089E+02
 4.425000E+02  1.231390E+02  1.267940E+02  2.591447E+02
 4.427500E+02  1.231527E+02  1.268098E+02  2.591805E+02
 4.430000E+02  1.231665E+02  1.268257E+02  2.592162E+02
 4.432500E+02  1.231802E+02  1.268415E+02  2.592520E+02
 4.435000E+02  1.231940E+02  1.268573E+02  2.592877E+02
 4.437500E+02  1.232077E+02  1.268732E+02  2.593235E+02
 4.440000E+02  1.232215E+02  1.268891E+02  2.593592E+02
 4.442500E+02  1.232352E+02  1.269049E+02  2.593949E+02
 4.445000E+02  1.232490E+02  1.269208E+02  2.594306E+02
 4.447500E+02  1.232628E+02  1.269366E+02  2.594663E+02
 4.450000E+02  1.232766E+02  1.269525E+02  2.595019E+02
 4.452500E+02  1.232903E+02  1.269684E+02  2.595376E+02
 4.455000E+02  1.233041E+02  1.269843E+02  2.595733E+02
 4.457500E+02  1.233179E+02  1.270001E+02  2.596089E+02
 4.460000E+02  1.233317E+02  1.270160E+02  2.596445E+02
 4.462500E+02  1.233455E+02  1.270319E+02  2.596802E+02
 4.465000E+02  1.233593E+02  1.270478E+02  2.597158E+02
 4.467500E+02  1.233731E+02  1.270637E+02  2.597514E+02
 4.470000E+02  1.233869E+02  1.270796E+02  2.597869E+02
 4.472500E+02  1.234007E+02  1.270955E+02  2.598225E+02
 4.475000E+02  1.234145E+02  1.271114E+02  2.598581E+02
 4.477500E+02  1.234283E+02  1.271273E+02  2.598936E+02
 4.480000E+02  1.234422E+02  1.271433E+02  2.599292E+02
 4.482500E+02  1.234560E+02  1.271592E+02  2.599647E+02
 4.485000E+02  1.234698E+02  1.271751E+02  2.600002E+02
 4.487500E+02  1.234836E+02  1.271910E+02  2.600357E+02
 4.490000E+02  1.234975E+02  1.272070E+02  2.600712E+02
 4.492500E+02  1.235113E+02  1.272229E+02  2.601067E+02
 4.495000E+02  1.235252E+02  1.272388E+02  2.601422E+02
 4.497500E+02  1.235390E+02  1.272548E+02  2.601776E+02
 4.500000E+02  1.235529E+02  1.272707E+02  2.602131E+02
 4.502500E+02  1.235667E+02  1.272867E+02  2.602485E+02
 4.505000E+02  1.235806E+02  1.273026E+02  2.602839E+02
 4.507500E+02  1.235945E+02  1.273186E+02  2.603193E+02
 4.510000E+02  1.236083E+02  1.273346E+02  2.603547E+02
 4.512500E+02  1.236222E+02  1.273505E+02  2.603901E+02
 4.515000E+02  1.236361E+02  1.273665E+02  2.604255E+02
 4.517500E+02  1.236499E+02  1.273825E+02  2.604609E+02
 4.520000E+02  1.236638E+02  1.273985E+02  2.604963E+02
 4.522500E+02  1.236777E+02  1.274144E+02  2.605316E+02
 4.525000E+02  1.236916E+02  1.274304E+02  2.605669E+02
 4.527500E+02  1.237055E+02  1.274464E+02  2.606023E+02
 4.530000E+02  1.237194E+02  1.274624E+02  2.606376E+02
 4.532500E+02  1.237333E+02  1.274784E+02  2.606729E+02
 4.535000E+02  1.237472E+02  1.274944E+02  2.607082E+02
 4.537500E+02  1.237611E+02  1.275104E+02  2.607435E+02
 4.540000E+02  1.237750E+02  1.275264E+02  2.607787E+02
 4.542500E+02  1.237889E+02  1.275424E+02  2.608140E+02
 4.545000E+02  1.238029E+02  1.275584E+02  2.608492E+02
 4.547500E+02  1.238168E+02  1.275745E+02  2.608845E+02
 4.550000E+02  1.238307E+02  1.275905E+02  2.609197E+02
 4.552500E+02  1.238447E+02  1.276065E+02  2.609549E+02
 4.555000E+02  1.238586E+02  1.276225E+02  2.609901E+02
 4.557500E+02  1.238725E+02  1.276386E+02  2.610253E+02
 4.560000E+02  1.238865E+02  1.276546E+02  2.610605E+02
 4.562500E+02  1.239004E+02  1.276707E+02  2.610957E+02
 4.565000E+02  1.239144E+02  1.276867E+02  2.611308E+02
 4.567500E+02  1.239283E+02  1.277028E+02  2.611660E+02
 4.570000E+02  1.239423E+02  1.277188E+02  2.612011E+02
 4.572500E+02  1.239563E+02  1.277349E+02  2.612362E+02
 4.575000E+02  1.239702E+02  1.277509E+02  2.612713E+02
 4.577500E+02  1.239842E+02  1.277670E+02  2.613065E+02
 4.580000E+02  1.239982E+02  1.277831E+02  2.613415E+02
 4.582500E+02  1.240121E+02  1.277991E+02  2.613766E+02
 4.585000E+02  1.240261E+02  1.278152E+02  2.614117E+02
 4.587500E+02  1.240401E+02  1.278313E+02  2.614468E+02
 4.590000E+02  1.240541E+02  1.278474E+02  2.614818E+02
 4.592500E+02  1.240681E+02  1.278635E+02  2.615169E+02
 4.595000E+02  1.240821E+02  1.278795E+02  2.615519E+02
 4.597500E+02  1.240961E+02  1.278956E+02  2.615869E+02
 4.600000E+02  1.241101E+02  1.279117E+02  2.616219E+02
 4.602500E+02  1.241241E+02  1.279278E+02  2.616569E+02
 4.605000E+02  1.241381E+02  1.279440E+02  2.616919E+02
 4.607500E+02  1.241521E+02  1.279601E+02  2.617269E+02
 4.610000E+02  1.241662E+02  1.279762E+02  2.617618E+02
 4.612500E+02  1.241802E+02  1.279923E+02  2.617968E+02
 4.615000E+02  1.241942E+02  1.280084E+02  2.618317E+02
 4.617500E+02  1.242082E+02  1.280245E+02  2.618666E+02
 4.620000E+02  1.242223E+02  1.280407E+02  2.619016E+02
 4.622500E+02  1.242363E+02  1.280568E+02  2.619365E+02
 4.625000E+02  1.242504E+02  1.280729E+02  2.619714E+02
 4.627500E+02  1.242644E+02  1.280891E+02  2.620063E+02
 4.630000E+02  1.242785E+02  1.281052E+02  2.620411E+02
 4.632500E+02  1.242925E+02  1.281214E+02  2.620760E+02
 4.635000E+02  1.243066E+02  1.281375E+02  2.621109E+02
 4.637500E+02  1.243206E+02  1.281537E+02  2.621457E+02
 4.640000E+02  1.243347E+02  1.281698E+02  2.621805E+02
 4.642500E+02  1.243488E+02  1.281860E+02  2.622154E+02
 4.645000E+02  1.243628E+02  1.282022E+02  2.622502E+02
 4.647500E+02  1.243769E+02  1.282183E+02  2.622850E+02
 4.650000E+02  1.243910E+02  1.282345E+02  2.623198E+02
 4.652500E+02  1.244051E+02  1.282507E+02  2.623546E+02
 4.655000E+02  1.244192E+02  1.282669E+02  2.623893E+02
 4.657500E+02  1.244333E+02  1.282831E+02  2.624241E+02
 4.660000E+02  1.244473E+02  1.282992E+02  2.624588E+02
 4.662500E+02  1.244614E+02  1.283154E+02  2.624936E+02
 4.665000E+02  1.244755E+02  1.283316E+02  2.625283E+02
 4.667500E+02  1.244897E+02  1.283478E+02  2.625630E+02
 4.670000E+02  1.245038E+02  1.283640E+02  2.625977E+02
 4.672500E+02  1.245179E+02  1.283802E+02  2.626324E+02
 4.675000E+02  1.245320E+02  1.283964E+02  2.626671E+02
 4.677500E+02  1.245461E+02  1.284127E+02  2.627018E+02
 4.680000E+02  1.245602E+02  1.284289E+02  2.627364E+02
 4.682500E+02  1.245744E+02  1.284451E+02  2.627711E+02
 4.685000E+02  1.245885E+02  1.284613E+02  2.628057E+02
 4.687500E+02  1.246026E+02  1.284776E+02  2.628404E+02
 4.690000E+02  1.246168E+02  1.284938E+02  2.628750E+02
 4.692500E+02  1.246309E+02  1.285100E+02  2.629096E+02
 4.695000E+02  1.246451E+02  1.285263E+02  2.629442E+02
 4.697500E+02  1.246592E+02  1.285425E+02  2.629788E+02
 4.700000E+02  1.246734E+02  1.285588E+02  2.630134E+02
 4.702500E+02  1.246875E+02  1.285750E+02  2.630479E+02
 4.705000E+02  1.247017E+02  1.285913E+02  2.630825E+02
 4.707500E+02  1.247159E+02  1.286075E+02  2.631171E+02
 4.710000E+02  1.247300E+02  1.286238E+02  2.631516E+02
 4.712500E+02  1.247442E+02  1.286401E+02  2.631861E+02
 4.715000E+02  1.247584E+02  1.286563E+02  2.632206E+02
 4.717500E+02  1.247726E+02  1.286726E+02  2.632551E+02
 4.720000E+02  1.247867E+02  1.286889E+02  2.632896E+02
 4.722500E+02  1.248009E+02  1.287052E+02  2.633241E+02
 4.725000E+02  1.248151E+02  1.287214E+02  2.633586E+02
 4.727500E+02  1.248293E+02  1.287377E+02  2.633931E+02
 4.730000E+02  1.248435E+02  1.287540E+02  2.634275E+02
 4.732500E+02  1.248577E+02  1.287703E+02  2.634620E+02
 4.735000E+02  1.248719E+02  1.287866E+02  2.634964E+02
 4.737500E+02  1.248861E+02  1.288029E+02  2.635308E+02
 4.740000E+02  1.249004E+02  1.288192E+02  2.635652E+02
 4.742500E+02  1.249146E+02  1.288355E+02  2.635996E+02
 4.745000E+02  1.249288E+02  1.288519E+02  2.636340E+02
 4.747500E+02  1.249430E+02  1.288682E+02  2.636684E+02
 4.750000E+02  1.249573E+02  1.288845E+02  2.637028E+02
 4.752500E+02  1.249715E+02  1.289008E+02  2.637371E+02
 4.755000E+02  1.249857E+02  1.289172E+02  2.637715E+02
 4.757500E+02  1.250000E+02  1.289335E+02  2.638058E+02
 4.760000E+02  1.250142E+02  1.289498E+02  2.638402E+02
 4.762500E+02  1.250285E+02  1.289662E+02  2.638745E+02
 4.765000E+02  1.250427E+02  1.289825E+02  2.639088E+02
 4.767500E+02  1.250570E+02  1.289989E+02  2.639431E+02
 4.770000E+02  1.250712E+02  1.290152E+02  2.639774E+02
 4.772500E+02  1.250855E+02  1.290316E+02  2.640117E+02
 4.775000E+02  1.250998E+02  1.290479E+02  2.640459E+02
 4.777500E+02  1.251140E+02  1.290643E+02  2.640802E+02
 4.780000E+02  1.251283E+02  1.290807E+02  2.641144E+02
 4.782500E+02  1.251426E+02  1.290970E+02  2.641487E+02
 4.785000E+02  1.251569E+02  1.291134E+02  2.641829E+02
 4.787500E+02  1.251711E+02  1.291298E+02  2.642171E+02
 4.790000E+02  1.251854E+02  1.291462E+02  2.642513E+02
 4.792500E+02  1.251997E+02  1.291625E+02  2.642855E+02
 4.795000E+02  1.252140E+02  1.291789E+02  2.643197E+02
 4.797500E+02  1.252283E+02  1.291953E+02  2.643539E+02
 4.800000E+02  1.252426E+02  1.292117E+02  2.643880E+02
 4.802500E+02  1.252569E+02  1.292281E+02  2.644222E+02
 4.805000E+02  1.252712E+02  1.292445E+02  2.644563E+02
 4.807500E+02  1.252855E+02  1.292609E+02  2.644905E+02
 4.810000E+02  1.252999E+02  1.292773E+02  2.645246E+02
 4.812500E+02  1.253142E+02  1.292937E+02  2.645587E+02
 4.815000E+02  1.253285E+02  1.293102E+02  2.645928E+02
 4.817500E+02  1.253428E+02  1.293266E+02  2.646269E+02
 4.820000E+02  1.253572E+02  1.293430E+02  2.646610E+02
 4.822500E+02  1.253715E+02  1.293594E+02  2.646951E+02
 4.825000E+02  1.253858E+02  1.293759E+02  2.647292E+02
 4.827500E+02  1.254002E+02  1.293923E+02  2.647632E+02
 4.830000E+02  1.254145E+02  1.294087E+02  2.647972E+02
 4.832500E+02  1.254289E+02  1.294252E+02  2.648313E+02
 4.835000E+02  1.254432E+02  1.294416E+02  2.648653E+02
 4.837500E+02  1.254576E+02  1.294581E+02  2.648993E+02
 4.840000E+02  1.254720E+02  1.294745E+02  2.649333E+02
 4.842500E+02  1.254863E+02  1.294910E+02  2.649673E+02
 4.845000E+02  1.255007E+02  1.295075E+02  2.650013E+02
 4.847500E+02  1.255151E+02  1.295239E+02  2.650353E+02
 4.850000E+02  1.255294E+02  1.295404E+02  2.650692E+02
 4.852500E+02  1.255438E+02  1.295569E+02  2.651032E+02
 4.855000E+02  1.255582E+02  1.295733E+02  2.651371E+02
 4.857500E+02  1.255726E+02  1.295898E+02  2.651711E+02
 4.860000E+02  1.255870E+02  1.296063E+02  2.652050E+02
 4.862500E+02  1.256014E+02  1.296228E+02  2.652389E+02
 4.865000E+02  1.256158E+02  1.296393E+02  2.652728E+02
 4.867500E+02  1.256302E+02  1.296558E+02  2.653067E+02
 4.870000E+02  1.256446E+02  1.296723E+02  2.653406E+02
 4.872500E+02  1.256590E+02  1.296888E+02  2.653745E+02
 4.875000E+02  1.256734E+02  1.297053E+02  2.654083E+02
 4.877500E+02  1.256878E+02  1.297218E+02  2.654422E+02
 4.880000E+02  1.257022E+02  1.297383E+02  2.654760E+02
 4.882500E+02  1.257167E+02  1.297548E+02  2.655099E+02
 4.885000E+02  1.257311E+02  1.297713E+02  2.655437E+02
 4.887500E+02  1.257455E+02  1.297879E+02  2.655775E+02
 4.890000E+02  1.257600E+02  1.298044E+02  2.656113E+02
 4.892500E+02  1.257744E+02  1.298209E+02  2.656451E+02
 4.895000E+02  1.257888E+02  1.298374E+02  2.656789E+02
 4.897500E+02  1.258033E+02  1.298540E+02  2.657127E+02
 4.900000E+02  1.258177E+02  1.298705E+02  2.657464E+02
 4.902500E+02  1.258322E+02  1.298871E+02  2.657802E+02
 4.905000E+02  1.258466E+02  1.299036E+02  2.658139E+02
 4.907500E+02  1.258611E+02  1.299202E+02  2.658477E+02
 4.910000E+02  1.258756E+02  1.299367E+02  2.658814E+02
 4.912500E+02  1.258900E+02  1.299533E+02  2.659151E+02
 4.915000E+02  1.259045E+02  1.299698E+02  2.659488E+02
 4.917500E+02  1.259190E+02  1.299864E+02  2.659825E+02
 4.920000E+02  1.259335E+02  1.300030E+02  2.660162E+02
 4.922500E+02  1.259479E+02  1.300196E+02  2.660499E+02
 4.925000E+02  1.259624E+02  1.300361E+02  2.660835E+02
 4.927500E+02  1.259769E+02  1.300527E+02  2.661172E+02
 4.930000E+02  1.259914E+02  1.300693E+02  2.661509E+02
 4.932500E+02  1.260059E+02  1.300859E+02  2.661845E+02
 4.935000E+02  1.260204E+02  1.301025E+02  2.662181E+02
 4.937500E+02  1.260349E+02  1.301191E+02  2.662517E+02
 4.940000E+02  1.260494E+02  1.301357E+02  2.662853E+02
 4.942500E+02  1.260639E+02  1.301523E+02  2.663189E+02
 4.945000E+02  1.260784E+02  1.301689E+02  2.663525E+02
 4.947500E+02  1.260929E+02  1.301855E+02  2.663861E+02
 4.950000E+02  1.261075E+02  1.302021E+02  2.664197E+02
 4.952500E+02  1.261220E+02  1.302187E+02  2.664532E+02
 4.955000E+02  1.261365E+02  1.302353E+02  2.664868E+02
 4.957500E+02  1.261511E+02  1.302520E+02  2.665203E+02
 4.960000E+02  1.261656E+02  1.302686E+02  2.665539E+02
 4.962500E+02  1.261801E+02  1.302852E+02  2.665874E+02
 4.965000E+02  1.261947E+02  1.303018E+02  2.666209E+02
 4.967500E+02  1.262092E+02  1.303185E+02  2.666544E+02
 4.970000E+02  1.262238E+02  1.303351E+02  2.666879E+02
 4.972500E+02  1.262383E+02  1.303518E+02  2.667214E+02
 4.975000E+02  1.262529E+02  1.303684E+02  2.667548E+02
 4.977500E+02  1.262674E+02  1.303851E+02  2.667883E+02
 4.980000E+02  1.262820E+02  1.304017E+02  2.668218E+02
 4.982500E+02  1.262966E+02  1.304184E+02  2.668552E+02
 4.985000E+02  1.263111E+02  1.304350E+02  2.668886E+02
 4.987500E+02  1.263257E+02  1.304517E+02  2.669221E+02
 4.990000E+02  1.263403E+02  1.304684E+02  2.669555E+02
 4.992500E+02  1.263549E+02  1.304851E+02  2.669889E+02
 4.995000E+02  1.263695E+02  1.305017E+02  2.670223E+02
 4.997500E+02  1.263840E+02  1.305184E+02  2.670557E+02
 5.000000E+02  1.263986E+02  1.305351E+02  2.670890E+02
