#         T/K          A/kJ          G/kJ
 2.500000E+02  4.153469E+01  4.153827E+01
 2.502500E+02  4.150466E+01  4.150824E+01
 2.505000E+02  4.147461E+01  4.147820E+01
 2.507500E+02  4.144455E+01  4.144813E+01
 2.510000E+02  4.141446E+01  4.141805E+01
 2.512500E+02  4.138437E+01  4.138795E+01
 2.515000E+02  4.135425E+01  4.135784E+01
 2.517500E+02  4.132412E+01  4.132770E+01
 2.520000E+02  4.129397E+01  4.129755E+01
 2.522500E+02  4.126380E+01  4.126738E+01
 2.525000E+02  4.123361E+01  4.123720E+01
 2.527500E+02  4.120341E+01  4.120700E+01
 2.530000E+02  4.117319E+01  4.117678E+01
 2.532500E+02  4.114295E+01  4.114654E+01
 2.535000E+02  4.111270E+01  4.111628E+01
 2.537500E+02  4.108242E+01  4.108601E+01
 2.540000E+02  4.105213E+01  4.105572E+01
 2.542500E+02  4.102183E+01  4.102542E+01
 2.545000E+02  4.099150E+01  4.099509E+01
 2.547500E+02  4.096116E+01  4.096475E+01
 2.550000E+02  4.093080E+01  4.093439E+01
 2.552500E+02  4.090043E+01  4.090402E+01
 2.555000E+02  4.087004E+01  4.087362E+01
 2.557500E+02  4.083963E+01  4.084322E+01
 2.560000E+02  4.080920E+01  4.081279E+01
 2.562500E+02  4.077876E+01  4.078234E+01
 2.565000E+02  4.074829E+01  4.075188E+01
 2.567500E+02  4.071782E+01  4.072141E+01
 2.570000E+02  4.068732E+01  4.069091E+01
 2.572500E+02  4.065681E+01  4.066040E+01
 2.575000E+02  4.062628E+01  4.062987E+01
 2.577500E+02  4.059573E+01  4.059932E+01
 2.580000E+02  4.056517E+01  4.056876E+01
 2.582500E+02  4.053459E+01  4.053818E+01
 2.585000E+02  4.050399E+01  4.050758E+01
 2.587500E+02  4.047338E+01  4.047697E+01
 2.590000E+02  4.044275E+01  4.044634E+01
 2.592500E+02  4.041210E+01  4.041569E+01
 2.595000E+02  4.038143E+01  4.038503E+01
 2.597500E+02  4.035075E+01  4.035434E+01
 2.600000E+02  4.032005E+01  4.032364E+01
 2.602500E+02  4.028934E+01  4.029293E+01
 2.605000E+02  4.025860E+01  4.026220E+01
 2.607500E+02  4.022785E+01  4.023145E+01
 2.610000E+02  4.019709E+01  4.020068E+01
 2.612500E+02  4.016631E+01  4.016990E+01
 2.615000E+02  4.013551E+01  4.013910E+01
 2.617500E+02  4.010469E+01  4.010828E+01
 2.620000E+02  4.007386E+01  4.007745E+01
 2.622500E+02  4.004301E+01  4.004660E+01
 2.625000E+02  4.001214E+01  4.001573E+01
 2.627500E+02  3.998126E+01  3.998485E+01
 2.630000E+02  3.995036E+01  3.995395E+01
 2.632500E+02  3.991944E+01  3.992303E+01
 2.635000E+02  3.988851E+01  3.989210E+01
 2.637500E+02  3.985756E+01  3.986115E+01
 2.640000E+02  3.982659E+01  3.983018E+01
 2.642500E+02  3.979561E+01  3.979920E+01
 2.645000E+02  3.976461E+01  3.976820E+01
 2.647500E+02  3.973359E+01  3.973719E+01
 2.650000E+02  3.970256E+01  3.970615E+01
 2.652500E+02  3.967151E+01  3.967510E+01
 2.655000E+02  3.964044E+01  3.964404E+01
 2.657500E+02  3.960936E+01  3.961295E+01
 2.660000E+02  3.957826E+01  3.958186E+01
 2.662500E+02  3.954714E+01  3.955074E+01
 2.665000E+02  3.951601E+01  3.951961E+01
 2.667500E+02  3.948486E+01  3.948846E+01
 2.670000E+02  3.945370E+01  3.945729E+01
 2.672500E+02  3.942252E+01  3.942611E+01
 2.675000E+02  3.939132E+01  3.939492E+01
 2.677500E+02  3.936010E+01  3.936370E+01
 2.680000E+02  3.932887E+01  3.933247E+01
 2.682500E+02  3.929763E+01  3.930122E+01
 2.685000E+02  3.926636E+01  3.926996E+01
 2.687500E+02  3.923508E+01  3.923868E+01
 2.690000E+02  3.920379E+01  3.920739E+01
 2.692500E+02  3.917247E+01  3.917607E+01
 2.695000E+02  3.914115E+01  3.914474E+01
 2.697500E+02  3.910980E+01  3.911340E+01
 2.700000E+02  3.907844E+01  3.908204E+01
 2.702500E+02  3.904706E+01  3.905066E+01
 2.705000E+02  3.901567E+01  3.901927E+01
 2.707500E+02  3.898426E+01  3.898786E+01
 2.710000E+02  3.895283E+01  3.895643E+01
 2.712500E+02  3.892139E+01  3.892499E+01
 2.715000E+02  3.888993E+01  3.889353E+01
 2.717500E+02  3.885846E+01  3.886206E+01
 2.720000E+02  3.882697E+01  3.883057E+01
 2.722500E+02  3.879546E+01  3.879906E+01
 2.725000E+02  3.876394E+01  3.876754E+01
 2.727500E+02  3.873240E+01  3.873600E+01
 2.730000E+02  3.870084E+01  3.870444E+01
 2.732500E+02  3.866927E+01  3.867287E+01
 2.735000E+02  3.863768E+01  3.864128E+01
 2.737500E+02  3.860608E+01  3.860968E+01
 2.740000E+02  3.857446E+01  3.857806E+01
 2.742500E+02  3.854282E+01  3.854643E+01
 2.745000E+02  3.851117E+01  3.851478E+01
 2.747500E+02  3.847950E+01  3.848311E+01
 2.750000E+02  3.844782E+01  3.845142E+01
 2.752500E+02  3.841612E+01  3.841973E+01
 2.755000E+02  3.838441E+01  3.838801E+01
 2.757500E+02  3.835267E+01  3.835628E+01
 2.760000E+02  3.832093E+01  3.832453E+01
 2.762500E+02  3.828916E+01  3.829277E+01
 2.765000E+02  3.825739E+01  3.826099E+01
 2.767500E+02  3.822559E+01  3.822919E+01
 2.770000E+02  3.819378E+01  3.819738E+01
 2.772500E+02  3.816195E+01  3.816556E+01
 2.775000E+02  3.813011E+01  3.813372E+01
 2.777500E+02  3.809825E+01  3.810186E+01
 2.780000E+02  3.806638E+01  3.806998E+01
 2.782500E+02  3.803449E+01  3.803809E+01
 2.785000E+02  3.800258E+01  3.800619E+01
 2.787500E+02  3.797066E+01  3.797427E+01
 2.790000E+02  3.793872E+01  3.794233E+01
 2.792500E+02  3.790677E+01  3.791038E+01
 2.795000E+02  3.787480E+01  3.787841E+01
 2.797500E+02  3.784282E+01  3.784642E+01
 2.800000E+02  3.781082E+01  3.781442E+01
 2.802500E+02  3.777880E+01  3.778241E+01
 2.805000E+02  3.774677E+01  3.775038E+01
 2.807500E+02  3.771472E+01  3.771833E+01
 2.810000E+02  3.768266E+01  3.768627E+01
 2.812500E+02  3.765058E+01  3.765419E+01
 2.815000E+02  3.761849E+01  3.762209E+01
 2.817500E+02  3.758638E+01  3.758998E+01
 2.820000E+02  3.755425E+01  3.755786E+01
 2.822500E+02  3.752211E+01  3.752572E+01
 2.825000E+02  3.748995E+01  3.749356E+01
 2.827500E+02  3.745778E+01  3.746139E+01
 2.830000E+02  3.742559E+01  3.742920E+01
 2.832500E+02  3.739339E+01  3.739700E+01
 2.835000E+02  3.736117E+01  3.736478E+01
 2.837500E+02  3.732894E+01  3.733255E+01
 2.840000E+02  3.729669E+01  3.730030E+01
 2.842500E+02  3.726442E+01  3.726803E+01
 2.845000E+02  3.723214E+01  3.723575E+01
 2.847500E+02  3.719984E+01  3.720345E+01
 2.850000E+02  3.716753E+01  3.717114E+01
 2.852500E+02  3.713520E+01  3.713882E+01
 2.855000E+02  3.710286E+01  3.710647E+01
 2.857500E+02  3.707050E+01  3.707411E+01
 2.860000E+02  3.703813E+01  3.704174E+01
 2.862500E+02  3.700574E+01  3.700935E+01
 2.865000E+02  3.697334E+01  3.697695E+01
 2.867500E+02  3.694092E+01  3.694453E+01
 2.870000E+02  3.690848E+01  3.691209E+01
 2.872500E+02  3.687603E+01  3.687964E+01
 2.875000E+02  3.684357E+01  3.684718E+01
 2.877500E+02  3.681109E+01  3.681470E+01
 2.880000E+02  3.677859E+01  3.678220E+01
 2.882500E+02  3.674608E+01  3.674969E+01
 2.885000E+02  3.671355E+01  3.671716E+01
 2.887500E+02  3.668101E+01  3.668462E+01
 2.890000E+02  3.664845E+01  3.665206E+01
 2.892500E+02  3.661588E+01  3.661949E+01
 2.895000E+02  3.658329E+01  3.658690E+01
 2.897500E+02  3.655069E+01  3.655430E+01
 2.900000E+02  3.651807E+01  3.652168E+01
 2.902500E+02  3.648544E+01  3.648905E+01
 2.905000E+02  3.645279E+01  3.645640E+01
 2.907500E+02  3.642012E+01  3.642374E+01
 2.910000E+02  3.638744E+01  3.639106E+01
 2.912500E+02  3.635475E+01  3.635836E+01
 2.915000E+02  3.632204E+01  3.632565E+01
 2.917500E+02  3.628931E+01  3.629293E+01
 2.920000E+02  3.625657E+01  3.626019E+01
 2.922500E+02  3.622382E+01  3.622744E+01
 2.925000E+02  3.619105E+01  3.619467E+01
 2.927500E+02  3.615826E+01  3.616188E+01
 2.930000E+02  3.612546E+01  3.612908E+01
 2.932500E+02  3.609265E+01  3.609627E+01
 2.935000E+02  3.605982E+01  3.606343E+01
 2.937500E+02  3.602697E+01  3.603059E+01
 2.940000E+02  3.599411E+01  3.599773E+01
 2.942500E+02  3.596124E+01  3.596485E+01
 2.945000E+02  3.592835E+01  3.593196E+01
 2.947500E+02  3.589544E+01  3.589906E+01
 2.950000E+02  3.586252E+01  3.586614E+01
 2.952500E+02  3.582958E+01  3.583320E+01
 2.955000E+02  3.579663E+01  3.580025E+01
 2.957500E+02  3.576367E+01  3.576729E+01
 2.960000E+02  3.573069E+01  3.573430E+01
 2.962500E+02  3.569769E+01  3.570131E+01
 2.965000E+02  3.566468E+01  3.566830E+01
 2.967500E+02  3.563165E+01  3.563527E+01
 2.970000E+02  3.559861E+01  3.560223E+01
 2.972500E+02  3.556556E+01  3.556918E+01
 2.975000E+02  3.553249E+01  3.553611E+01
 2.977500E+02  3.549940E+01  3.550302E+01
 2.980000E+02  3.546630E+01  3.546992E+01
 2.982500E+02  3.543319E+01  3.543681E+01
 2.985000E+02  3.540006E+01  3.540368E+01
 2.987500E+02  3.536691E+01  3.537053E+01
 2.990000E+02  3.533375E+01  3.533737E+01
 2.992500E+02  3.530058E+01  3.530420E+01
 2.995000E+02  3.526739E+01  3.527101E+01
 2.997500E+02  3.523418E+01  3.523781E+01
 3.000000E+02  3.520096E+01  3.520459E+01
 3.002500E+02  3.516773E+01  3.517135E+01
 3.005000E+02  3.513448E+01  3.513810E+01
 3.007500E+02  3.510122E+01  3.510484E+01
 3.010000E+02  3.506794E+01  3.507156E+01
 3.012500E+02  3.503465E+01  3.503827E+01
 3.015000E+02  3.500134E+01  3.500496E+01
 3.017500E+02  3.496802E+01  3.497164E+01
 3.020000E+02  3.493468E+01  3.493830E+01
 3.022500E+02  3.490133E+01  3.490495E+01
 3.025000E+02  3.486796E+01  3.487158E+01
 3.027500E+02  3.483458E+01  3.483820E+01
 3.030000E+02  3.480118E+01  3.480480E+01
 3.032500E+02  3.476777E+01  3.477139E+01
 3.035000E+02  3.473434E+01  3.473797E+01
 3.037500E+02  3.470090E+01  3.470453E+01
 3.040000E+02  3.466745E+01  3.467107E+01
 3.042500E+02  3.463398E+01  3.463760E+01
 3.045000E+02  3.460049E+01  3.460412E+01
 3.047500E+02  3.456699E+01  3.457062E+01
 3.050000E+02  3.453348E+01  3.453710E+01
 3.052500E+02  3.449995E+01  3.450358E+01
 3.055000E+02  3.446641E+01  3.447003E+01
 3.057500E+02  3.443285E+01  3.443647E+01
 3.060000E+02  3.439928E+01  3.440290E+01
 3.062500E+02  3.436569E+01  3.436931E+01
 3.065000E+02  3.433209E+01  3.433571E+01
 3.067500E+02  3.429847E+01  3.430210E+01
 3.070000E+02  3.426484E+01  3.426846E+01
 3.072500E+02  3.423119E+01  3.423482E+01
 3.075000E+02  3.419753E+01  3.420116E+01
 3.077500E+02  3.416386E+01  3.416748E+01
 3.080000E+02  3.413017E+01  3.413379E+01
 3.082500E+02  3.409646E+01  3.410009E+01
 3.085000E+02  3.406274E+01  3.406637E+01
 3.087500E+02  3.402901E+01  3.403264E+01
 3.090000E+02  3.399526E+01  3.399889E+01
 3.092500E+02  3.396150E+01  3.396513E+01
 3.095000E+02  3.392772E+01  3.393135E+01
 3.097500E+02  3.389393E+01  3.389756E+01
 3.100000E+02  3.386012E+01  3.386375E+01
 3.102500E+02  3.382630E+01  3.382993E+01
 3.105000E+02  3.379247E+01  3.379610E+01
 3.107500E+02  3.375862E+01  3.376225E+01
 3.110000E+02  3.372475E+01  3.372838E+01
 3.112500E+02  3.369087E+01  3.369450E+01
 3.115000E+02  3.365698E+01  3.366061E+01
 3.117500E+02  3.362307E+01  3.362670E+01
 3.120000E+02  3.358915E+01  3.359278E+01
 3.122500E+02  3.355521E+01  3.355884E+01
 3.125000E+02  3.352126E+01  3.352489E+01
 3.127500E+02  3.348730E+01  3.349093E+01
 3.130000E+02  3.345332E+01  3.345695E+01
 3.132500E+02  3.341932E+01  3.342295E+01
 3.135000E+02  3.338531E+01  3.338894E+01
 3.137500E+02  3.335129E+01  3.335492E+01
 3.140000E+02  3.331725E+01  3.332088E+01
 3.142500E+02  3.328320E+01  3.328683E+01
 3.145000E+02  3.324913E+01  3.325276E+01
 3.147500E+02  3.321505E+01  3.321868E+01
 3.150000E+02  3.318095E+01  3.318458E+01
 3.152500E+02  3.314684E+01  3.315047E+01
 3.155000E+02  3.311272E+01  3.311635E+01
 3.157500E+02  3.307858E+01  3.308221E+01
 3.160000E+02  3.304442E+01  3.304806E+01
 3.162500E+02  3.301025E+01  3.301389E+01
 3.165000E+02  3.297607E+01  3.297971E+01
 3.167500E+02  3.294187E+01  3.294551E+01
 3.170000E+02  3.290766E+01  3.291130E+01
 3.172500E+02  3.287344E+01  3.287707E+01
 3.175000E+02  3.283920E+01  3.284283E+01
 3.177500E+02  3.280494E+01  3.280858E+01
 3.180000E+02  3.277067E+01  3.277431E+01
 3.182500E+02  3.273639E+01  3.274002E+01
 3.185000E+02  3.270209E+01  3.270573E+01
 3.187500E+02  3.266778E+01  3.267142E+01
 3.190000E+02  3.263345E+01  3.263709E+01
 3.192500E+02  3.259911E+01  3.260275E+01
 3.195000E+02  3.256476E+01  3.256839E+01
 3.197500E+02  3.253039E+01  3.253402E+01
 3.200000E+02  3.249600E+01  3.249964E+01
 3.202500E+02  3.246160E+01  3.246524E+01
 3.205000E+02  3.242719E+01  3.243083E+01
 3.207500E+02  3.239276E+01  3.239640E+01
 3.210000E+02  3.235832E+01  3.236196E+01
 3.212500E+02  3.232387E+01  3.232751E+01
 3.215000E+02  3.228940E+01  3.229304E+01
 3.217500E+02  3.225491E+01  3.225855E+01
 3.220000E+02  3.222041E+01  3.222405E+01
 3.222500E+02  3.218590E+01  3.218954E+01
 3.225000E+02  3.215137E+01  3.215501E+01
 3.227500E+02  3.211683E+01  3.212047E+01
 3.230000E+02  3.208228E+01  3.208591E+01
 3.232500E+02  3.204770E+01  3.205134E+01
 3.235000E+02  3.201312E+01  3.201676E+01
 3.237500E+02  3.197852E+01  3.198216E+01
 3.240000E+02  3.194391E+01  3.194755E+01
 3.242500E+02  3.190928E+01  3.191292E+01
 3.245000E+02  3.187464E+01  3.187828E+01
 3.247500E+02  3.183998E+01  3.184362E+01
 3.250000E+02  3.180531E+01  3.180895E+01
 3.252500E+02  3.177063E+01  3.177427E+01
 3.255000E+02  3.173593E+01  3.173957E+01
 3.257500E+02  3.170121E+01  3.170485E+01
 3.260000E+02  3.166648E+01  3.167013E+01
 3.262500E+02  3.163174E+01  3.163538E+01
 3.265000E+02  3.159699E+01  3.160063E+01
 3.267500E+02  3.156221E+01  3.156586E+01
 3.270000E+02  3.152743E+01  3.153107E+01
 3.272500E+02  3.149263E+01  3.149627E+01
 3.275000E+02  3.145782E+01  3.146146E+01
 3.277500E+02  3.142299E+01  3.142663E+01
 3.280000E+02  3.138815E+01  3.139179E+01
 3.282500E+02  3.135329E+01  3.135693E+01
 3.285000E+02  3.131842E+01  3.132206E+01
 3.287500E+02  3.128353E+01  3.128718E+01
 3.290000E+02  3.124863E+01  3.125228E+01
 3.292500E+02  3.121372E+01  3.121736E+01
 3.295000E+02  3.117879E+01  3.118244E+01
 3.297500E+02  3.114385E+01  3.114749E+01
 3.300000E+02  3.110889E+01  3.111254E+01
 3.302500E+02  3.107392E+01  3.107757E+01
 3.305000E+02  3.103894E+01  3.104258E+01
 3.307500E+02  3.100394E+01  3.100758E+01
 3.310000E+02  3.096892E+01  3.097257E+01
 3.312500E+02  3.093390E+01  3.093754E+01
 3.315000E+02  3.089885E+01  3.090250E+01
 3.317500E+02  3.086380E+01  3.086744E+01
 3.320000E+02  3.082873E+01  3.083237E+01
 3.322500E+02  3.079364E+01  3.079729E+01
 3.325000E+02  3.075854E+01  3.076219E+01
 3.327500E+02  3.072343E+01  3.072707E+01
 3.330000E+02  3.068830E+01  3.069195E+01
 3.332500E+02  3.065316E+01  3.065681E+01
 3.335000E+02  3.061800E+01  3.062165E+01
 3.337500E+02  3.058283E+01  3.058648E+01
 3.340000E+02  3.054765E+01  3.055129E+01
 3.342500E+02  3.051245E+01  3.051609E+01
 3.345000E+02  3.047723E+01  3.048088E+01
 3.347500E+02  3.044200E+01  3.044565E+01
 3.350000E+02  3.040676E+01  3.041041E+01
 3.352500E+02  3.037151E+01  3.037515E+01
 3.355000E+02  3.033624E+01  3.033988E+01
 3.357500E+02  3.030095E+01  3.030460E+01
 3.360000E+02  3.026565E+01  3.026930E+01
 3.362500E+02  3.023034E+01  3.023399E+01
 3.365000E+02  3.019501E+01  3.019866E+01
 3.367500E+02  3.015967E+01  3.016332E+01
 3.370000E+02  3.012431E+01  3.012796E+01
 3.372500E+02  3.008894E+01  3.009259E+01
 3.375000E+02  3.005355E+01  3.005720E+01
 3.377500E+02  3.001815E+01  3.002181E+01
 3.380000E+02  2.998274E+01  2.998639E+01
 3.382500E+02  2.994731E+01  2.995096E+01
 3.385000E+02  2.991187E+01  2.991552E+01
 3.387500E+02  2.987641E+01  2.988007E+01
 3.390000E+02  2.984094E+01  2.984459E+01
 3.392500E+02  2.980546E+01  2.980911E+01
 3.395000E+02  2.976996E+01  2.977361E+01
 3.397500E+02  2.973444E+01  2.973810E+01
 3.400000E+02  2.969892E+01  2.970257E+01
 3.402500E+02  2.966337E+01  2.966703E+01
 3.405000E+02  2.962782E+01  2.963147E+01
 3.407500E+02  2.959225E+01  2.959590E+01
 3.410000E+02  2.955666E+01  2.956031E+01
 3.412500E+02  2.952106E+01  2.952471E+01
 3.415000E+02  2.948545E+01  2.948910E+01
 3.417500E+02  2.944982E+01  2.945347E+01
 3.420000E+02  2.941418E+01  2.941783E+01
 3.422500E+02  2.937852E+01  2.938217E+01
 3.425000E+02  2.934285E+01  2.934650E+01
 3.427500E+02  2.930716E+01  2.931082E+01
 3.430000E+02  2.927146E+01  2.927512E+01
 3.432500E+02  2.923575E+01  2.923940E+01
 3.435000E+02  2.920002E+01  2.920367E+01
 3.437500E+02  2.916427E+01  2.916793E+01
 3.440000E+02  2.912852E+01  2.913217E+01
 3.442500E+02  2.909275E+01  2.909640E+01
 3.445000E+02  2.905696E+01  2.906062E+01
 3.447500E+02  2.902116E+01  2.902481E+01
 3.450000E+02  2.898534E+01  2.898900E+01
 3.452500E+02  2.894951E+01  2.895317E+01
 3.455000E+02  2.891367E+01  2.891733E+01
 3.457500E+02  2.887781E+01  2.888147E+01
 3.460000E+02  2.884194E+01  2.884560E+01
 3.462500E+02  2.880605E+01  2.880971E+01
 3.465000E+02  2.877015E+01  2.877381E+01
 3.467500E+02  2.873424E+01  2.873789E+01
 3.470000E+02  2.869831E+01  2.870196E+01
 3.472500E+02  2.866236E+01  2.866602E+01
 3.475000E+02  2.862640E+01  2.863006E+01
 3.477500E+02  2.859043E+01  2.859409E+01
 3.480000E+02  2.855444E+01  2.855810E+01
 3.482500E+02  2.851844E+01  2.852210E+01
 3.485000E+02  2.848242E+01  2.848608E+01
 3.487500E+02  2.844639E+01  2.845005E+01
 3.490000E+02  2.841035E+01  2.841401E+01
 3.492500E+02  2.837429E+01  2.837795E+01
 3.495000E+02  2.833821E+01  2.834188E+01
 3.497500E+02  2.830213E+01  2.830579E+01
 3.500000E+02  2.826602E+01  2.826968E+01
 3.502500E+02  2.822991E+01  2.823357E+01
 3.505000E+02  2.819377E+01  2.819744E+01
 3.507500E+02  2.815763E+01  2.816129E+01
 3.510000E+02  2.812147E+01  2.812513E+01
 3.512500E+02  2.808529E+01  2.808895E+01
 3.515000E+02  2.804910E+01  2.805276E+01
 3.517500E+02  2.801290E+01  2.801656E+01
 3.520000E+02  2.797668E+01  2.798034E+01
 3.522500E+02  2.794045E+01  2.794411E+01
 3.525000E+02  2.790420E+01  2.790786E+01
 3.527500E+02  2.786794E+01  2.787160E+01
 3.530000E+02  2.783166E+01  2.783532E+01
 3.532500E+02  2.779537E+01  2.779903E+01
 3.535000E+02  2.775906E+01  2.776273E+01
 3.537500E+02  2.772274E+01  2.772641E+01
 3.540000E+02  2.768641E+01  2.769007E+01
 3.542500E+02  2.765006E+01  2.765372E+01
 3.545000E+02  2.761369E+01  2.761736E+01
 3.547500E+02  2.757732E+01  2.758098E+01
 3.550000E+02  2.754092E+01  2.754459E+01
 3.552500E+02  2.750452E+01  2.750818E+01
 3.555000E+02  2.746809E+01  2.747176E+01
 3.557500E+02  2.743166E+01  2.743532E+01
 3.560000E+02  2.739521E+01  2.739887E+01
 3.562500E+02  2.735874E+01  2.736241E+01
 3.565000E+02  2.732226E+01  2.732593E+01
 3.567500E+02  2.728577E+01  2.728943E+01
 3.570000E+02  2.724926E+01  2.725292E+01
 3.572500E+02  2.721273E+01  2.721640E+01
 3.575000E+02  2.717619E+01  2.717986E+01
 3.577500E+02  2.713964E+01  2.714331E+01
 3.580000E+02  2.710307E+01  2.710674E+01
 3.582500E+02  2.706649E+01  2.707016E+01
 3.585000E+02  2.702989E+01  2.703356E+01
 3.587500E+02  2.699328E+01  2.699695E+01
 3.590000E+02  2.695665E+01  2.696032E+01
 3.592500E+02  2.692001E+01  2.692368E+01
 3.595000E+02  2.688336E+01  2.688703E+01
 3.597500E+02  2.684669E+01  2.685036E+01
 3.600000E+02  2.681000E+01  2.681367E+01
 3.602500E+02  2.677330E+01  2.677697E+01
 3.605000E+02  2.673659E+01  2.674026E+01
 3.607500E+02  2.669986E+01  2.670353E+01
 3.610000E+02  2.666312E+01  2.666679E+01
 3.612500E+02  2.662636E+01  2.663003E+01
 3.615000E+02  2.658958E+01  2.659325E+01
 3.617500E+02  2.655280E+01  2.655647E+01
 3.620000E+02  2.651599E+01  2.651966E+01
 3.622500E+02  2.647918E+01  2.648285E+01
 3.625000E+02  2.644234E+01  2.644601E+01
 3.627500E+02  2.640550E+01  2.640917E+01
 3.630000E+02  2.636863E+01  2.637231E+01
 3.632500E+02  2.633176E+01  2.633543E+01
 3.635000E+02  2.629487E+01  2.629854E+01
 3.637500E+02  2.625796E+01  2.626163E+01
 3.640000E+02  2.622104E+01  2.622471E+01
 3.642500E+02  2.618410E+01  2.618778E+01
 3.645000E+02  2.614715E+01  2.615083E+01
 3.647500E+02  2.611019E+01  2.611386E+01
 3.650000E+02  2.607321E+01  2.607688E+01
 3.652500E+02  2.603621E+01  2.603989E+01
 3.655000E+02  2.599920E+01  2.600288E+01
 3.657500E+02  2.596218E+01  2.596585E+01
 3.660000E+02  2.592514E+01  2.592881E+01
 3.662500E+02  2.588808E+01  2.589176E+01
 3.665000E+02  2.585101E+01  2.585469E+01
 3.667500E+02  2.581393E+01  2.581761E+01
 3.670000E+02  2.577683E+01  2.578051E+01
 3.672500E+02  2.573972E+01  2.574339E+01
 3.675000E+02  2.570259E+01  2.570627E+01
 3.677500E+02  2.566544E+01  2.566912E+01
 3.680000E+02  2.562829E+01  2.563196E+01
 3.682500E+02  2.559111E+01  2.559479E+01
 3.685000E+02  2.555392E+01  2.555760E+01
 3.687500E+02  2.551672E+01  2.552040E+01
 3.690000E+02  2.547950E+01  2.548318E+01
 3.692500E+02  2.544227E+01  2.544595E+01
 3.695000E+02  2.540502E+01  2.540870E+01
 3.697500E+02  2.536776E+01  2.537143E+01
 3.700000E+02  2.533048E+01  2.533416E+01
 3.702500E+02  2.529318E+01  2.529686E+01
 3.705000E+02  2.525587E+01  2.525955E+01
 3.707500E+02  2.521855E+01  2.522223E+01
 3.710000E+02  2.518121E+01  2.518489E+01
 3.712500E+02  2.514386E+01  2.514754E+01
 3.715000E+02  2.510649E+01  2.511017E+01
 3.717500E+02  2.506911E+01  2.507279E+01
 3.720000E+02  2.503171E+01  2.503539E+01
 3.722500E+02  2.499429E+01  2.499797E+01
 3.725000E+02  2.495686E+01  2.496055E+01
 3.727500E+02  2.491942E+01  2.492310E+01
 3.730000E+02  2.488196E+01  2.488564E+01
 3.732500E+02  2.484449E+01  2.484817E+01
 3.735000E+02  2.480700E+01  2.481068E+01
 3.737500E+02  2.476949E+01  2.477317E+01
 3.740000E+02  2.473197E+01  2.473565E+01
 3.742500E+02  2.469444E+01  2.469812E+01
 3.745000E+02  2.465689E+01  2.466057E+01
 3.747500E+02  2.461932E+01  2.462300E+01
 3.750000E+02  2.458174E+01  2.458542E+01
 3.752500E+02  2.454414E+01  2.454783E+01
 3.755000E+02  2.450653E+01  2.451022E+01
 3.757500E+02  2.446890E+01  2.447259E+01
 3.760000E+02  2.443126E+01  2.443495E+01
 3.762500E+02  2.439361E+01  2.439729E+01
 3.765000E+02  2.435593E+01  2.435962E+01
 3.767500E+02  2.431825E+01  2.432193E+01
 3.770000E+02  2.428054E+01  2.428423E+01
 3.772500E+02  2.424282E+01  2.424651E+01
 3.775000E+02  2.420509E+01  2.420878E+01
 3.777500E+02  2.416734E+01  2.417103E+01
 3.780000E+02  2.412958E+01  2.413327E+01
 3.782500E+02  2.409180E+01  2.409549E+01
 3.785000E+02  2.405400E+01  2.405769E+01
 3.787500E+02  2.401619E+01  2.401988E+01
 3.790000E+02  2.397837E+01  2.398206E+01
 3.792500E+02  2.394053E+01  2.394421E+01
 3.795000E+02  2.390267E+01  2.390636E+01
 3.797500E+02  2.386480E+01  2.386849E+01
 3.800000E+02  2.382691E+01  2.383060E+01
 3.802500E+02  2.378901E+01  2.379270E+01
 3.805000E+02  2.375109E+01  2.375478E+01
 3.807500E+02  2.371316E+01  2.371685E+01
 3.810000E+02  2.367521E+01  2.367890E+01
 3.812500E+02  2.363724E+01  2.364093E+01
 3.815000E+02  2.359926E+01  2.360295E+01
 3.817500E+02  2.356127E+01  2.356496E+01
 3.820000E+02  2.352325E+01  2.352695E+01
 3.822500E+02  2.348523E+01  2.348892E+01
 3.825000E+02  2.344718E+01  2.345088E+01
 3.827500E+02  2.340913E+01  2.341282E+01
 3.830000E+02  2.337105E+01  2.337475E+01
 3.832500E+02  2.333296E+01  2.333666E+01
 3.835000E+02  2.329486E+01  2.329855E+01
 3.837500E+02  2.325674E+01  2.326043E+01
 3.840000E+02  2.321860E+01  2.322230E+01
 3.842500E+02  2.318045E+01  2.318414E+01
 3.845000E+02  2.314228E+01  2.314598E+01
 3.847500E+02  2.310410E+01  2.310779E+01
 3.850000E+02  2.306590E+01  2.306960E+01
 3.852500E+02  2.302769E+01  2.303138E+01
 3.855000E+02  2.298946E+01  2.299315E+01
 3.857500E+02  2.295121E+01  2.295491E+01
 3.860000E+02  2.291295E+01  2.291664E+01
 3.862500E+02  2.287467E+01  2.287837E+01
 3.865000E+02  2.283638E+01  2.284007E+01
 3.867500E+02  2.279807E+01  2.280177E+01
 3.870000E+02  2.275974E+01  2.276344E+01
 3.872500E+02  2.272140E+01  2.272510E+01
 3.875000E+02  2.268305E+01  2.268674E+01
 3.877500E+02  2.264468E+01  2.264837E+01
 3.880000E+02  2.260629E+01  2.260999E+01
 3.882500E+02  2.256788E+01  2.257158E+01
 3.885000E+02  2.252946E+01  2.253316E+01
 3.887500E+02  2.249103E+01  2.249473E+01
 3.890000E+02  2.245258E+01  2.245628E+01
 3.892500E+02  2.241411E+01  2.241781E+01
 3.895000E+02  2.237562E+01  2.237932E+01
 3.897500E+02  2.233713E+01  2.234083E+01
 3.900000E+02  2.229861E+01  2.230231E+01
 3.902500E+02  2.226008E+01  2.226378E+01
 3.905000E+02  2.222153E+01  2.222523E+01
 3.907500E+02  2.218297E+01  2.218667E+01
 3.910000E+02  2.214439E+01  2.214809E+01
 3.912500E+02  2.210579E+01  2.210949E+01
 3.915000E+02  2.206718E+01  2.207088E+01
 3.917500E+02  2.202855E+01  2.203226E+01
 3.920000E+02  2.198991E+01  2.199361E+01
 3.922500E+02  2.195125E+01  2.195495E+01
 3.925000E+02  2.191257E+01  2.191628E+01
 3.927500E+02  2.187388E+01  2.187759E+01
 3.930000E+02  2.183517E+01  2.183888E+01
 3.932500E+02  2.179645E+01  2.180015E+01
 3.935000E+02  2.175771E+01  2.176141E+01
 3.937500E+02  2.171895E+01  2.172266E+01
 3.940000E+02  2.168018E+01  2.168389E+01
 3.942500E+02  2.164139E+01  2.164510E+01
 3.945000E+02  2.160259E+01  2.160629E+01
 3.947500E+02  2.156376E+01  2.156747E+01
 3.950000E+02  2.152493E+01  2.152863E+01
 3.952500E+02  2.148607E+01  2.148978E+01
 3.955000E+02  2.144720E+01  2.145091E+01
 3.957500E+02  2.140832E+01  2.141202E+01
 3.960000E+02  2.136941E+01  2.137312E+01
 3.962500E+02  2.133049E+01  2.133420E+01
 3.965000E+02  2.129156E+01  2.129527E+01
 3.967500E+02  2.125261E+01  2.125631E+01
 3.970000E+02  2.121364E+01  2.121735E+01
 3.972500E+02  2.117465E+01  2.117836E+01
 3.975000E+02  2.113565E+01  2.113936E+01
 3.977500E+02  2.109663E+01  2.110034E+01
 3.980000E+02  2.105760E+01  2.106131E+01
 3.982500E+02  2.101855E+01  2.102226E+01
 3.985000E+02  2.097948E+01  2.098319E+01
 3.987500E+02  2.094040E+01  2.094411E+01
 3.990000E+02  2.090130E+01  2.090501E+01
 3.992500E+02  2.086218E+01  2.086589E+01
 3.995000E+02  2.082305E+01  2.082676E+01
 3.997500E+02  2.078390E+01  2.078761E+01
 4.000000E+02  2.074473E+01  2.074845E+01
 4.002500E+02  2.070555E+01  2.070926E+01
 4.005000E+02  2.066635E+01  2.067006E+01
 4.007500E+02  2.062713E+01  2.063085E+01
 4.010000E+02  2.058790E+01  2.059162E+01
 4.012500E+02  2.054865E+01  2.055237E+01
 4.015000E+02  2.050939E+01  2.051310E+01
 4.017500E+02  2.047010E+01  2.047382E+01
 4.020000E+02  2.043080E+01  2.043452E+01
 4.022500E+02  2.039149E+01  2.039520E+01
 4.025000E+02  2.035216E+01  2.035587E+01
 4.027500E+02  2.031281E+01  2.031652E+01
 4.030000E+02  2.027344E+01  2.027716E+01
 4.032500E+02  2.023406E+01  2.023777E+01
 4.035000E+02  2.019466E+01  2.019837E+01
 4.037500E+02  2.015524E+01  2.015896E+01
 4.040000E+02  2.011581E+01  2.011952E+01
 4.042500E+02  2.007636E+01  2.008007E+01
 4.045000E+02  2.003689E+01  2.004061E+01
 4.047500E+02  1.999740E+01  2.000112E+01
 4.050000E+02  1.995790E+01  1.996162E+01
 4.052500E+02  1.991838E+01  1.992210E+01
 4.055000E+02  1.987885E+01  1.988257E+01
 4.057500E+02  1.983930E+01  1.984302E+01
 4.060000E+02  1.979973E+01  1.980345E+01
 4.062500E+02  1.976014E+01  1.976386E+01
 4.065000E+02  1.972054E+01  1.972426E+01
 4.067500E+02  1.968092E+01  1.968464E+01
 4.070000E+02  1.964128E+01  1.964500E+01
 4.072500E+02  1.960163E+01  1.960535E+01
 4.075000E+02  1.956196E+01  1.956568E+01
 4.077500E+02  1.952227E+01  1.952599E+01
 4.080000E+02  1.948256E+01  1.948629E+01
 4.082500E+02  1.944284E+01  1.944657E+01
 4.085000E+02  1.940310E+01  1.940683E+01
 4.087500E+02  1.936335E+01  1.936707E+01
 4.090000E+02  1.932357E+01  1.932730E+01
 4.092500E+02  1.928378E+01  1.928750E+01
 4.095000E+02  1.924397E+01  1.924770E+01
 4.097500E+02  1.920415E+01  1.920787E+01
 4.100000E+02  1.916430E+01  1.916803E+01
 4.102500E+02  1.912444E+01  1.912817E+01
 4.105000E+02  1.908457E+01  1.908829E+01
 4.107500E+02  1.904467E+01  1.904840E+01
 4.110000E+02  1.900476E+01  1.900849E+01
 4.112500E+02  1.896483E+01  1.896856E+01
 4.115000E+02  1.892488E+01  1.892861E+01
 4.117500E+02  1.888492E+01  1.888865E+01
 4.120000E+02  1.884494E+01  1.884867E+01
 4.122500E+02  1.880494E+01  1.880867E+01
 4.125000E+02  1.876492E+01  1.876865E+01
 4.127500E+02  1.872489E+01  1.872862E+01
 4.130000E+02  1.868484E+01  1.868857E+01
 4.132500E+02  1.864477E+01  1.864850E+01
 4.135000E+02  1.860468E+01  1.860841E+01
 4.137500E+02  1.856458E+01  1.856831E+01
 4.140000E+02  1.852446E+01  1.852819E+01
 4.142500E+02  1.848432E+01  1.848805E+01
 4.145000E+02  1.844416E+01  1.844789E+01
 4.147500E+02  1.840399E+01  1.840772E+01
 4.150000E+02  1.836379E+01  1.836753E+01
 4.152500E+02  1.832359E+01  1.832732E+01
 4.155000E+02  1.828336E+01  1.828709E+01
 4.157500E+02  1.824311E+01  1.824685E+01
 4.160000E+02  1.820285E+01  1.820659E+01
 4.162500E+02  1.816257E+01  1.816631E+01
 4.165000E+02  1.812227E+01  1.812601E+01
 4.167500E+02  1.808196E+01  1.808569E+01
 4.170000E+02  1.804162E+01  1.804536E+01
 4.172500E+02  1.800127E+01  1.800501E+01
 4.175000E+02  1.796090E+01  1.796464E+01
 4.177500E+02  1.792052E+01  1.792426E+01
 4.180000E+02  1.788011E+01  1.788385E+01
 4.182500E+02  1.783969E+01  1.784343E+01
 4.185000E+02  1.779925E+01  1.780299E+01
 4.187500E+02  1.775879E+01  1.776253E+01
 4.190000E+02  1.771832E+01  1.772206E+01
 4.192500E+02  1.767782E+01  1.768156E+01
 4.195000E+02  1.763731E+01  1.764105E+01
 4.197500E+02  1.759678E+01  1.760052E+01
 4.200000E+02  1.755623E+01  1.755997E+01
 4.202500E+02  1.751567E+01  1.751941E+01
 4.205000E+02  1.747508E+01  1.747883E+01
 4.207500E+02  1.743448E+01  1.743822E+01
 4.210000E+02  1.739386E+01  1.739760E+01
 4.212500E+02  1.735322E+01  1.735697E+01
 4.215000E+02  1.731257E+01  1.731631E+01
 4.217500E+02  1.727189E+01  1.727564E+01
 4.220000E+02  1.723120E+01  1.723495E+01
 4.222500E+02  1.719049E+01  1.719424E+01
 4.225000E+02  1.714976E+01  1.715351E+01
 4.227500E+02  1.710902E+01  1.711276E+01
 4.230000E+02  1.706825E+01  1.707200E+01
 4.232500E+02  1.702747E+01  1.703121E+01
 4.235000E+02  1.698667E+01  1.699041E+01
 4.237500E+02  1.694585E+01  1.694959E+01
 4.240000E+02  1.339207E+01  1.689194E+01
 4.242500E+02  1.332586E+01  1.682782E+01
 4.245000E+02  1.325963E+01  1.676369E+01
 4.247500E+02  1.319339E+01  1.669955E+01
 4.250000E+02  1.312715E+01  1.663540E+01
 4.252500E+02  1.306089E+01  1.657124E+01
 4.255000E+02  1.299463E+01  1.650708E+01
 4.257500E+02  1.292835E+01  1.644290E+01
 4.260000E+02  1.286207E+01  1.637872E+01
 4.262500E+02  1.279578E+01  1.631452E+01
 4.265000E+02  1.272948E+01  1.625032E+01
 4.267500E+02  1.266317E+01  1.618611E+01
 4.270000E+02  1.259685E+01  1.612189E+01
 4.272500E+02  1.253053E+01  1.605766E+01
 4.275000E+02  1.246419E+01  1.599342E+01
 4.277500E+02  1.239784E+01  1.592917E+01
 4.280000E+02  1.233149E+01  1.586491E+01
 4.282500E+02  1.226512E+01  1.580064E+01
 4.285000E+02  1.219875E+01  1.573637E+01
 4.287500E+02  1.213237E+01  1.567208E+01
 4.290000E+02  1.206598E+01  1.560779E+01
 4.292500E+02  1.199958E+01  1.554348E+01
 4.295000E+02  1.193317E+01  1.547917E+01
 4.297500E+02  1.186675E+01  1.541485E+01
 4.300000E+02  1.180032E+01  1.535052E+01
 4.302500E+02  1.173389E+01  1.528618E+01
 4.305000E+02  1.166744E+01  1.522183E+01
 4.307500E+02  1.160098E+01  1.515747E+01
 4.310000E+02  1.153452E+01  1.509311E+01
 4.312500E+02  1.146805E+01  1.502873E+01
 4.315000E+02  1.140157E+01  1.496434E+01
 4.317500E+02  1.133508E+01  1.489995E+01
 4.320000E+02  1.126858E+01  1.483555E+01
 4.322500E+02  1.120207E+01  1.477113E+01
 4.325000E+02  1.113555E+01  1.470671E+01
 4.327500E+02  1.106902E+01  1.464228E+01
 4.330000E+02  1.100249E+01  1.457784E+01
 4.332500E+02  1.093594E+01  1.451339E+01
 4.335000E+02  1.086939E+01  1.444894E+01
 4.337500E+02  1.080282E+01  1.438447E+01
 4.340000E+02  1.073625E+01  1.431999E+01
 4.342500E+02  1.066967E+01  1.425551E+01
 4.345000E+02  1.060308E+01  1.419102E+01
 4.347500E+02  1.053648E+01  1.412651E+01
 4.350000E+02  1.046987E+01  1.406200E+01
 4.352500E+02  1.040325E+01  1.399748E+01
 4.355000E+02  1.033663E+01  1.393295E+01
 4.357500E+02  1.026999E+01  1.386841E+01
 4.360000E+02  1.020335E+01  1.380386E+01
 4.362500E+02  1.013669E+01  1.373931E+01
 4.365000E+02  1.007003E+01  1.367474E+01
 4.367500E+02  1.000336E+01  1.361016E+01
 4.370000E+02  9.936681E+00  1.354558E+01
 4.372500E+02  9.869991E+00  1.348099E+01
 4.375000E+02  9.803293E+00  1.341638E+01
 4.377500E+02  9.736586E+00  1.335177E+01
 4.380000E+02  9.669870E+00  1.328715E+01
 4.382500E+02  9.603144E+00  1.322252E+01
 4.385000E+02  9.536410E+00  1.315789E+01
 4.387500E+02  9.469667E+00  1.309324E+01
 4.390000E+02  9.402915E+00  1.302858E+01
 4.392500E+02  9.336154E+00  1.296392E+01
 4.395000E+02  9.269384E+00  1.289924E+01
 4.397500E+02  9.202605E+00  1.283456E+01
 4.400000E+02  9.135817E+00  1.276987E+01
 4.402500E+02  9.069020E+00  1.270517E+01
 4.405000E+02  9.002215E+00  1.264046E+01
 4.407500E+02  8.935400E+00  1.257574E+01
 4.410000E+02  8.868576E+00  1.251101E+01
 4.412500E+02  8.801743E+00  1.244627E+01
 4.415000E+02  8.734902E+00  1.238153E+01
 4.417500E+02  8.668051E+00  1.231677E+01
 4.420000E+02  8.601192E+00  1.225201E+01
 4.422500E+02  8.534324E+00  1.218724E+01
 4.425000E+02  8.467446E+00  1.212245E+01
 4.427500E+02  8.400560E+00  1.205766E+01
 4.430000E+02  8.333665E+00  1.199286E+01
 4.432500E+02  8.266761E+00  1.192806E+01
 4.435000E+02  8.199848E+00  1.186324E+01
 4.437500E+02  8.132926E+00  1.179841E+01
 4.440000E+02  8.065995E+00  1.173358E+01
 4.442500E+02  7.999056E+00  1.166873E+01
 4.445000E+02  7.932107E+00  1.160388E+01
 4.447500E+02  7.865150E+00  1.153902E+01
 4.450000E+02  7.798183E+00  1.147415E+01
 4.452500E+02  7.731208E+00  1.140927E+01
 4.455000E+02  7.664224E+00  1.134438E+01
 4.457500E+02  7.597231E+00  1.127948E+01
 4.460000E+02  7.530229E+00  1.121457E+01
 4.462500E+02  7.463218E+00  1.114966E+01
 4.465000E+02  7.396198E+00  1.108473E+01
 4.467500E+02  7.329170E+00  1.101980E+01
 4.470000E+02  7.262132E+00  1.095486E+01
 4.472500E+02  7.195086E+00  1.088991E+01
 4.475000E+02  7.128031E+00  1.082495E+01
 4.477500E+02  7.060967E+00  1.075998E+01
 4.480000E+02  6.993894E+00  1.069500E+01
 4.482500E+02  6.926812E+00  1.063001E+01
 4.485000E+02  6.859721E+00  1.056502E+01
 4.487500E+02  6.792622E+00  1.050001E+01
 4.490000E+02  6.725513E+00  1.043500E+01
 4.492500E+02  6.658396E+00  1.036998E+01
 4.495000E+02  6.591270E+00  1.030495E+01
 4.497500E+02  6.524135E+00  1.023991E+01
 4.500000E+02  6.456992E+00  1.017486E+01
 4.502500E+02  6.389839E+00  1.010980E+01
 4.505000E+02  6.322678E+00  1.004473E+01
 4.507500E+02  6.255507E+00  9.979657E+00
 4.510000E+02  6.188328E+00  9.914572E+00
 4.512500E+02  6.121140E+00  9.849479E+00
 4.515000E+02  6.053944E+00  9.784377E+00
 4.517500E+02  5.986738E+00  9.719266E+00
 4.520000E+02  5.919524E+00  9.654147E+00
 4.522500E+02  5.852301E+00  9.589018E+00
 4.525000E+02  5.785069E+00  9.523881E+00
 4.527500E+02  5.717828E+00  9.458735E+00
 4.530000E+02  5.650578E+00  9.393580E+00
 4.532500E+02  5.583320E+00  9.328416E+00
 4.535000E+02  5.516053E+00  9.263243E+00
 4.537500E+02  5.448777E+00  9.198062E+00
 4.540000E+02  5.381492E+00  9.132872E+00
 4.542500E+02  5.314198E+00  9.067673E+00
 4.545000E+02  5.246896E+00  9.002465E+00
 4.547500E+02  5.179585E+00  8.937248E+00
 4.550000E+02  5.112265E+00  8.872023E+00
 4.552500E+02  5.044936E+00  8.806788E+00
 4.555000E+02  4.977598E+00  8.741545E+00
 4.557500E+02  4.910252E+00  8.676293E+00
 4.560000E+02  4.842897E+00  8.611032E+00
 4.562500E+02  4.775533E+00  8.545763E+00
 4.565000E+02  4.708161E+00  8.480485E+00
 4.567500E+02  4.640779E+00  8.415197E+00
 4.570000E+02  4.573389E+00  8.349902E+00
 4.572500E+02  4.505990E+00  8.284597E+00
 4.575000E+02  4.438582E+00  8.219283E+00
 4.577500E+02  4.371166E+00  8.153961E+00
 4.580000E+02  4.303741E+00  8.088630E+00
 4.582500E+02  4.236307E+00  8.023290E+00
 4.585000E+02  4.168864E+00  7.957942E+00
 4.587500E+02  4.101413E+00  7.892585E+00
 4.590000E+02  4.033952E+00  7.827219E+00
 4.592500E+02  3.966484E+00  7.761844E+00
 4.595000E+02  3.899006E+00  7.696460E+00
 4.597500E+02  3.831519E+00  7.631068E+00
 4.600000E+02  3.764024E+00  7.565667E+00
 4.602500E+02  3.696520E+00  7.500257E+00
 4.605000E+02  3.629008E+00  7.434838E+00
 4.607500E+02  3.561487E+00  7.369411E+00
 4.610000E+02  3.493957E+00  7.303975E+00
 4.612500E+02  3.426418E+00  7.238530E+00
 4.615000E+02  3.358870E+00  7.173076E+00
 4.617500E+02  3.291314E+00  7.107614E+00
 4.620000E+02  3.223749E+00  7.042143E+00
 4.622500E+02  3.156176E+00  6.976663E+00
 4.625000E+02  3.088593E+00  6.911175E+00
 4.627500E+02  3.021002E+00  6.845678E+00
 4.630000E+02  2.953403E+00  6.780172E+00
 4.632500E+02  2.885794E+00  6.714657E+00
 4.635000E+02  2.818177E+00  6.649134E+00
 4.637500E+02  2.750551E+00  6.583602E+00
 4.640000E+02  2.682917E+00  6.518061E+00
 4.642500E+02  2.615274E+00  6.452511E+00
 4.645000E+02  2.547622E+00  6.386953E+00
 4.647500E+02  2.479961E+00  6.321386E+00
 4.650000E+02  2.412292E+00  6.255811E+00
 4.652500E+02  2.344614E+00  6.190226E+00
 4.655000E+02  2.276927E+00  6.124633E+00
 4.657500E+02  2.209232E+00  6.059032E+00
 4.660000E+02  2.141528E+00  5.993421E+00
 4.662500E+02  2.073816E+00  5.927802E+00
 4.665000E+02  2.006094E+00  5.862175E+00
 4.667500E+02  1.938365E+00  5.796538E+00
 4.670000E+02  1.870626E+00  5.730893E+00
 4.672500E+02  1.802879E+00  5.665239E+00
 4.675000E+02  1.735123E+00  5.599577E+00
 4.677500E+02  1.667358E+00  5.533906E+00
 4.680000E+02  1.599585E+00  5.468226E+00
 4.682500E+02  1.531803E+00  5.402538E+00
 4.685000E+02  1.464013E+00  5.336840E+00
 4.687500E+02  1.396214E+00  5.271135E+00
 4.690000E+02  1.328406E+00  5.205420E+00
 4.692500E+02  1.260590E+00  5.139697E+00
 4.695000E+02  1.192765E+00  5.073965E+00
 4.697500E+02  1.124931E+00  5.008225E+00
 4.700000E+02  1.057089E+00  4.942476E+00
 4.702500E+02  9.892377E-01  4.876718E+00
 4.705000E+02  9.213782E-01  4.810952E+00
 4.707500E+02  8.535101E-01  4.745177E+00
 4.710000E+02  7.856333E-01  4.679394E+00
 4.712500E+02  7.177480E-01  4.613601E+00
 4.715000E+02  6.498540E-01  4.547800E+00
 4.717500E+02  5.819514E-01  4.481991E+00
 4.720000E+02  5.140402E-01  4.416173E+00
 4.722500E+02  4.461204E-01  4.350346E+00
 4.725000E+02  3.781920E-01  4.284511E+00
 4.727500E+02  3.102549E-01  4.218667E+00
 4.730000E+02  2.423093E-01  4.152814E+00
 4.732500E+02  1.743551E-01  4.086953E+00
 4.735000E+02  1.063924E-01  4.021083E+00
 4.737500E+02  3.842098E-02  3.955205E+00
 4.740000E+02 -2.955899E-02  3.889318E+00
 4.742500E+02 -9.754753E-02  3.823422E+00
 4.745000E+02 -1.655447E-01  3.757518E+00
 4.747500E+02 -2.335504E-01  3.691605E+00
 4.750000E+02 -3.015647E-01  3.625684E+00
 4.752500E+02 -3.695875E-01  3.559754E+00
 4.755000E+02 -4.376189E-01  3.493815E+00
 4.757500E+02 -5.056589E-01  3.427868E+00
 4.760000E+02 -5.737075E-01  3.361912E+00
 4.762500E+02 -6.417646E-01  3.295948E+00
 4.765000E+02 -7.098303E-01  3.229975E+00
 4.767500E+02 -7.779046E-01  3.163994E+00
 4.770000E+02 -8.459874E-01  3.098004E+00
 4.772500E+02 -9.140787E-01  3.032005E+00
 4.775000E+02 -9.821786E-01  2.965998E+00
 4.777500E+02 -1.050287E+00  2.899982E+00
 4.780000E+02 -1.118404E+00  2.833958E+00
 4.782500E+02 -1.186530E+00  2.767925E+00
 4.785000E+02 -1.254664E+00  2.701883E+00
 4.787500E+02 -1.322806E+00  2.635833E+00
 4.790000E+02 -1.390958E+00  2.569775E+00
 4.792500E+02 -1.459117E+00  2.503708E+00
 4.795000E+02 -1.527285E+00  2.437632E+00
 4.797500E+02 -1.595462E+00  2.371548E+00
 4.800000E+02 -1.663647E+00  2.305455E+00
 4.802500E+02 -1.731841E+00  2.239354E+00
 4.805000E+02 -1.800044E+00  2.173244E+00
 4.807500E+02 -1.868254E+00  2.107126E+00
 4.810000E+02 -1.936474E+00  2.040999E+00
 4.812500E+02 -2.004702E+00  1.974863E+00
 4.815000E+02 -2.072938E+00  1.908719E+00
 4.817500E+02 -2.141183E+00  1.842567E+00
 4.820000E+02 -2.209436E+00  1.776406E+00
 4.822500E+02 -2.277698E+00  1.710236E+00
 4.825000E+02 -2.345969E+00  1.644058E+00
 4.827500E+02 -2.414248E+00  1.577872E+00
 4.830000E+02 -2.482535E+00  1.511677E+00
 4.832500E+02 -2.550831E+00  1.445473E+00
 4.835000E+02 -2.619135E+00  1.379261E+00
 4.837500E+02 -2.687448E+00  1.313041E+00
 4.840000E+02 -2.755769E+00  1.246812E+00
 4.842500E+02 -2.824099E+00  1.180574E+00
 4.845000E+02 -2.892438E+00  1.114328E+00
 4.847500E+02 -2.960784E+00  1.048073E+00
 4.850000E+02 -3.029140E+00  9.818102E-01
 4.852500E+02 -3.097503E+00  9.155387E-01
 4.855000E+02 -3.165876E+00  8.492586E-01
 4.857500E+02 -3.234256E+00  7.829701E-01
 4.860000E+02 -3.302645E+00  7.166731E-01
 4.862500E+02 -3.371043E+00  6.503676E-01
 4.865000E+02 -3.439449E+00  5.840536E-01
 4.867500E+02 -3.507864E+00  5.177312E-01
 4.870000E+02 -3.576287E+00  4.514003E-01
 4.872500E+02 -3.644718E+00  3.850609E-01
 4.875000E+02 -3.713158E+00  3.187131E-01
 4.877500E+02 -3.781606E+00  2.523567E-01
 4.880000E+02 -3.850063E+00  1.859920E-01
 4.882500E+02 -3.918528E+00  1.196187E-01
 4.885000E+02 -3.987002E+00  5.323703E-02
 4.887500E+02 -4.055484E+00 -1.315312E-02
 4.890000E+02 -4.123975E+00 -7.955173E-02
 4.892500E+02 -4.192474E+00 -1.459588E-01
 4.895000E+02 -4.260981E+00 -2.123743E-01
 4.897500E+02 -4.329497E+00 -2.787982E-01
 4.900000E+02 -4.398021E+00 -3.452306E-01
 4.902500E+02 -4.466554E+00 -4.116714E-01
 4.905000E+02 -4.535095E+00 -4.781207E-01
 4.907500E+02 -4.603644E+00 -5.445784E-01
 4.910000E+02 -4.672202E+00 -6.110445E-01
 4.912500E+02 -4.740769E+00 -6.775191E-01
 4.915000E+02 -4.809344E+00 -7.440021E-01
 4.917500E+02 -4.877927E+00 -8.104935E-01
 4.920000E+02 -4.946518E+00 -8.769934E-01
 4.922500E+02 -5.015118E+00 -9.435016E-01
 4.925000E+02 -5.083727E+00 -1.010018E+00
 4.927500E+02 -5.152344E+00 -1.076543E+00
 4.930000E+02 -5.220969E+00 -1.143077E+00
 4.932500E+02 -5.289602E+00 -1.209619E+00
 4.935000E+02 -5.358244E+00 -1.276169E+00
 4.937500E+02 -5.426895E+00 -1.342728E+00
 4.940000E+02 -5.495553E+00 -1.409295E+00
 4.942500E+02 -5.564221E+00 -1.475871E+00
 4.945000E+02 -5.632896E+00 -1.542454E+00
 4.947500E+02 -5.701580E+00 -1.609047E+00
 4.950000E+02 -5.770272E+00 -1.675648E+00
 4.952500E+02 -5.838973E+00 -1.742257E+00
 4.955000E+02 -5.907682E+00 -1.808874E+00
 4.957500E+02 -5.976400E+00 -1.875500E+00
 4.960000E+02 -6.045125E+00 -1.942134E+00
 4.962500E+02 -6.113859E+00 -2.008777E+00
 4.965000E+02 -6.182602E+00 -2.075428E+00
 4.967500E+02 -6.251353E+00 -2.142087E+00
 4.970000E+02 -6.320112E+00 -2.208755E+00
 4.972500E+02 -6.388880E+00 -2.275431E+00
 4.975000E+02 -6.457656E+00 -2.342116E+00
 4.977500E+02 -6.526440E+00 -2.408809E+00
 4.980000E+02 -6.595233E+00 -2.475510E+00
 4.982500E+02 -6.664034E+00 -2.542220E+00
 4.985000E+02 -6.732843E+00 -2.608938E+00
 4.987500E+02 -6.801661E+00 -2.675664E+00
 4.990000E+02 -6.870487E+00 -2.742399E+00
 4.992500E+02 -6.939321E+00 -2.809142E+00
 4.995000E+02 -7.008164E+00 -2.875893E+00
 4.997500E+02 -7.077015E+00 -2.942653E+00
 5.000000E+02 -7.145874E+00 -3.009421E+00
