#         T/K        V/dm^3  V(excl)/dm^3    alpha/K^-1        status
 2.500000E+02  3.538338E-02  3.443870E-02  1.955071E-04                                 112
 2.502500E+02  3.538511E-02  3.443870E-02  1.957240E-04                                 112
 2.505000E+02  3.538684E-02  3.443870E-02  1.960007E-04                                 112
 2.507500E+02  3.538857E-02  3.443870E-02  1.961104E-04                                 112
 2.510000E+02  3.539031E-02  3.443870E-02  1.962188E-04                                 112
 2.512500E+02  3.539205E-02  3.443870E-02  1.963261E-04                                 112
 2.515000E+02  3.539378E-02  3.443870E-02  1.964322E-04                                 112
 2.517500E+02  3.539552E-02  3.443870E-02  1.965373E-04                                 112
 2.520000E+02  3.539726E-02  3.443870E-02  1.966412E-04                                 112
 2.522500E+02  3.539900E-02  3.443870E-02  1.967440E-04                                 112
 2.525000E+02  3.540074E-02  3.443870E-02  1.968457E-04                                 112
 2.527500E+02  3.540249E-02  3.443870E-02  1.969463E-04                                 112
 2.530000E+02  3.540423E-02  3.443870E-02  1.970458E-04                                 112
 2.532500E+02  3.540597E-02  3.443870E-02  1.971442E-04                                 112
 2.535000E+02  3.540772E-02  3.443870E-02  1.972416E-04                                 112
 2.537500E+02  3.540947E-02  3.443870E-02  1.973378E-04                                 112
 2.540000E+02  3.541121E-02  3.443870E-02  1.974330E-04                                 112
 2.542500E+02  3.541296E-02  3.443870E-02  1.975271E-04                                 112
 2.545000E+02  3.541471E-02  3.443870E-02  1.976202E-04                                 112
 2.547500E+02  3.541646E-02  3.443870E-02  1.977122E-04                                 112
 2.550000E+02  3.541821E-02  3.443870E-02  1.978031E-04                                 112
 2.552500E+02  3.541996E-02  3.443870E-02  1.978930E-04                                 112
 2.555000E+02  3.542172E-02  3.443870E-02  1.979819E-04                                 112
 2.557500E+02  3.542347E-02  3.443870E-02  1.980698E-04                                 112
 2.560000E+02  3.542522E-02  3.443870E-02  1.981566E-04                                 112
 2.562500E+02  3.542698E-02  3.443870E-02  1.982424E-04                                 112
 2.565000E+02  3.542874E-02  3.443870E-02  1.983271E-04                                 112
 2.567500E+02  3.543049E-02  3.443870E-02  1.984109E-04                                 112
 2.570000E+02  3.543225E-02  3.443870E-02  1.984937E-04                                 112
 2.572500E+02  3.543401E-02  3.443870E-02  1.985755E-04                                 112
 2.575000E+02  3.543577E-02  3.443870E-02  1.986563E-04                                 112
 2.577500E+02  3.543753E-02  3.443870E-02  1.987361E-04                                 112
 2.580000E+02  3.543929E-02  3.443870E-02  1.988149E-04                                 112
 2.582500E+02  3.544105E-02  3.443870E-02  1.988928E-04                                 112
 2.585000E+02  3.544282E-02  3.443870E-02  1.989697E-04                                 112
 2.587500E+02  3.544458E-02  3.443870E-02  1.990457E-04                                 112
 2.590000E+02  3.544634E-02  3.443870E-02  1.991207E-04                                 112
 2.592500E+02  3.544811E-02  3.443870E-02  1.991948E-04                                 112
 2.595000E+02  3.544987E-02  3.443870E-02  1.992680E-04                                 112
 2.597500E+02  3.545164E-02  3.443870E-02  1.993402E-04                                 112
 2.600000E+02  3.545341E-02  3.443870E-02  1.994115E-04                                 112
 2.602500E+02  3.545517E-02  3.443870E-02  1.994819E-04                                 112
 2.605000E+02  3.545694E-02  3.443870E-02  1.995515E-04                                 112
 2.607500E+02  3.545871E-02  3.443870E-02  1.996201E-04                                 112
 2.610000E+02  3.546048E-02  3.443870E-02  1.996878E-04                                 112
 2.612500E+02  3.546225E-02  3.443870E-02  1.997547E-04                                 112
 2.615000E+02  3.546402E-02  3.443870E-02  1.998207E-04                                 112
 2.617500E+02  3.546580E-02  3.443870E-02  1.998858E-04                                 112
 2.620000E+02  3.546757E-02  3.443870E-02  1.999501E-04                                 112
 2.622500E+02  3.546934E-02  3.443870E-02  2.000135E-04                                 112
 2.625000E+02  3.547112E-02  3.443870E-02  2.000761E-04                                 112
 2.627500E+02  3.547289E-02  3.443870E-02  2.001379E-04                                 112
 2.630000E+02  3.547467E-02  3.443870E-02  2.001988E-04                                 112
 2.632500E+02  3.547644E-02  3.443870E-02  2.002590E-04                                 112
 2.635000E+02  3.547822E-02  3.443870E-02  2.003183E-04                                 112
 2.637500E+02  3.547999E-02  3.443870E-02  2.003768E-04                                 112
 2.640000E+02  3.548177E-02  3.443870E-02  2.004346E-04                                 112
 2.642500E+02  3.548355E-02  3.443870E-02  2.004916E-04                                 112
 2.645000E+02  3.548533E-02  3.443870E-02  2.005478E-04                                 112
 2.647500E+02  3.548711E-02  3.443870E-02  2.006032E-04                                 112
 2.650000E+02  3.548889E-02  3.443870E-02  2.006579E-04                                 112
 2.652500E+02  3.549067E-02  3.443870E-02  2.007118E-04                                 112
 2.655000E+02  3.549245E-02  3.443870E-02  2.007650E-04                                 112
 2.657500E+02  3.549423E-02  3.443870E-02  2.008175E-04                                 112
 2.660000E+02  3.549601E-02  3.443870E-02  2.008693E-04                                 112
 2.662500E+02  3.549780E-02  3.443870E-02  2.009203E-04                                 112
 2.665000E+02  3.549958E-02  3.443870E-02  2.009707E-04                                 112
 2.667500E+02  3.550136E-02  3.443870E-02  2.010203E-04                                 112
 2.670000E+02  3.550315E-02  3.443870E-02  2.010693E-04                                 112
 2.672500E+02  3.550493E-02  3.443870E-02  2.011176E-04                                 112
 2.675000E+02  3.550672E-02  3.443870E-02  2.011652E-04                                 112
 2.677500E+02  3.550851E-02  3.443870E-02  2.012122E-04                                 112
 2.680000E+02  3.551029E-02  3.443870E-02  2.012585E-04                                 112
 2.682500E+02  3.551208E-02  3.443870E-02  2.013042E-04                                 112
 2.685000E+02  3.551387E-02  3.443870E-02  2.013493E-04                                 112
 2.687500E+02  3.551565E-02  3.443870E-02  2.013937E-04                                 112
 2.690000E+02  3.551744E-02  3.443870E-02  2.014375E-04                                 112
 2.692500E+02  3.551923E-02  3.443870E-02  2.014807E-04                                 112
 2.695000E+02  3.552102E-02  3.443870E-02  2.015234E-04                                 112
 2.697500E+02  3.552281E-02  3.443870E-02  2.015654E-04                                 112
 2.700000E+02  3.552460E-02  3.443870E-02  2.016069E-04                                 112
 2.702500E+02  3.552639E-02  3.443870E-02  2.016478E-04                                 112
 2.705000E+02  3.552818E-02  3.443870E-02  2.016882E-04                                 112
 2.707500E+02  3.552997E-02  3.443870E-02  2.017280E-04                                 112
 2.710000E+02  3.553177E-02  3.443870E-02  2.017673E-04                                 112
 2.712500E+02  3.553356E-02  3.443870E-02  2.018060E-04                                 112
 2.715000E+02  3.553535E-02  3.443870E-02  2.018442E-04                                 112
 2.717500E+02  3.553715E-02  3.443870E-02  2.018820E-04                                 112
 2.720000E+02  3.553894E-02  3.443870E-02  2.019192E-04                                 112
 2.722500E+02  3.554073E-02  3.443870E-02  2.019559E-04                                 112
 2.725000E+02  3.554253E-02  3.443870E-02  2.019922E-04                                 112
 2.727500E+02  3.554432E-02  3.443870E-02  2.020279E-04                                 112
 2.730000E+02  3.554612E-02  3.443870E-02  2.020633E-04                                 112
 2.732500E+02  3.554791E-02  3.443870E-02  2.020981E-04                                 112
 2.735000E+02  3.554971E-02  3.443870E-02  2.021326E-04                                 112
 2.737500E+02  3.555151E-02  3.443870E-02  2.021666E-04                                 112
 2.740000E+02  3.555330E-02  3.443870E-02  2.022001E-04                                 112
 2.742500E+02  3.555510E-02  3.443870E-02  2.022333E-04                                 112
 2.745000E+02  3.555690E-02  3.443870E-02  2.022661E-04                                 112
 2.747500E+02  3.555870E-02  3.443870E-02  2.022984E-04                                 112
 2.750000E+02  3.556050E-02  3.443870E-02  2.023304E-04                                 112
 2.752500E+02  3.556229E-02  3.443870E-02  2.023620E-04                                 112
 2.755000E+02  3.556409E-02  3.443870E-02  2.023933E-04                                 112
 2.757500E+02  3.556589E-02  3.443870E-02  2.024241E-04                                 112
 2.760000E+02  3.556769E-02  3.443870E-02  2.024547E-04                                 112
 2.762500E+02  3.556949E-02  3.443870E-02  2.024849E-04                                 112
 2.765000E+02  3.557130E-02  3.443870E-02  2.025148E-04                                 112
 2.767500E+02  3.557310E-02  3.443870E-02  2.025443E-04                                 112
 2.770000E+02  3.557490E-02  3.443870E-02  2.025736E-04                                 112
 2.772500E+02  3.557670E-02  3.443870E-02  2.026026E-04                                 112
 2.775000E+02  3.557850E-02  3.443870E-02  2.026313E-04                                 112
 2.777500E+02  3.558030E-02  3.443870E-02  2.026597E-04                                 112
 2.780000E+02  3.558211E-02  3.443870E-02  2.026878E-04                                 112
 2.782500E+02  3.558391E-02  3.443870E-02  2.027157E-04                                 112
 2.785000E+02  3.558571E-02  3.443870E-02  2.027433E-04                                 112
 2.787500E+02  3.558752E-02  3.443870E-02  2.027707E-04                                 112
 2.790000E+02  3.558932E-02  3.443870E-02  2.027978E-04                                 112
 2.792500E+02  3.559113E-02  3.443870E-02  2.028248E-04                                 112
 2.795000E+02  3.559293E-02  3.443870E-02  2.028515E-04                                 112
 2.797500E+02  3.559474E-02  3.443870E-02  2.028781E-04                                 112
 2.800000E+02  3.559654E-02  3.443870E-02  2.029044E-04                                 112
 2.802500E+02  3.559835E-02  3.443870E-02  2.029306E-04                                 112
 2.805000E+02  3.560015E-02  3.443870E-02  2.029566E-04                                 112
 2.807500E+02  3.560196E-02  3.443870E-02  2.029824E-04                                 112
 2.810000E+02  3.560377E-02  3.443870E-02  2.030081E-04                                 112
 2.812500E+02  3.560557E-02  3.443870E-02  2.030337E-04                                 112
 2.815000E+02  3.560738E-02  3.443870E-02  2.030591E-04                                 112
 2.817500E+02  3.560919E-02  3.443870E-02  2.030844E-04                                 112
 2.820000E+02  3.561100E-02  3.443870E-02  2.031096E-04                                 112
 2.822500E+02  3.561281E-02  3.443870E-02  2.031346E-04                                 112
 2.825000E+02  3.561461E-02  3.443870E-02  2.031596E-04                                 112
 2.827500E+02  3.561642E-02  3.443870E-02  2.031845E-04                                 112
 2.830000E+02  3.561823E-02  3.443870E-02  2.032094E-04                                 112
 2.832500E+02  3.562004E-02  3.443870E-02  2.032341E-04                                 112
 2.835000E+02  3.562185E-02  3.443870E-02  2.032589E-04                                 112
 2.837500E+02  3.562366E-02  3.443870E-02  2.032835E-04                                 112
 2.840000E+02  3.562547E-02  3.443870E-02  2.033082E-04                                 112
 2.842500E+02  3.562728E-02  3.443870E-02  2.033328E-04                                 112
 2.845000E+02  3.562910E-02  3.443870E-02  2.033574E-04                                 112
 2.847500E+02  3.563091E-02  3.443870E-02  2.033820E-04                                 112
 2.850000E+02  3.563272E-02  3.443870E-02  2.034066E-04                                 112
 2.852500E+02  3.563453E-02  3.443870E-02  2.034312E-04                                 112
 2.855000E+02  3.563634E-02  3.443870E-02  2.034558E-04                                 112
 2.857500E+02  3.563816E-02  3.443870E-02  2.034805E-04                                 112
 2.860000E+02  3.563997E-02  3.443870E-02  2.035052E-04                                 112
 2.862500E+02  3.564178E-02  3.443870E-02  2.035300E-04                                 112
 2.865000E+02  3.564360E-02  3.443870E-02  2.035548E-04                                 112
 2.867500E+02  3.564541E-02  3.443870E-02  2.035797E-04                                 112
 2.870000E+02  3.564722E-02  3.443870E-02  2.036047E-04                                 112
 2.872500E+02  3.564904E-02  3.443870E-02  2.036297E-04                                 112
 2.875000E+02  3.565085E-02  3.443870E-02  2.036549E-04                                 112
 2.877500E+02  3.565267E-02  3.443870E-02  2.036802E-04                                 112
 2.880000E+02  3.565449E-02  3.443870E-02  2.037056E-04                                 112
 2.882500E+02  3.565630E-02  3.443870E-02  2.037311E-04                                 112
 2.885000E+02  3.565812E-02  3.443870E-02  2.037567E-04                                 112
 2.887500E+02  3.565993E-02  3.443870E-02  2.037825E-04                                 112
 2.890000E+02  3.566175E-02  3.443870E-02  2.038085E-04                                 112
 2.892500E+02  3.566357E-02  3.443870E-02  2.038346E-04                                 112
 2.895000E+02  3.566539E-02  3.443870E-02  2.038609E-04                                 112
 2.897500E+02  3.566720E-02  3.443870E-02  2.038874E-04                                 112
 2.900000E+02  3.566902E-02  3.443870E-02  2.039140E-04                                 112
 2.902500E+02  3.567084E-02  3.443870E-02  2.039409E-04                                 112
 2.905000E+02  3.567266E-02  3.443870E-02  2.039680E-04                                 112
 2.907500E+02  3.567448E-02  3.443870E-02  2.039953E-04                                 112
 2.910000E+02  3.567630E-02  3.443870E-02  2.040228E-04                                 112
 2.912500E+02  3.567812E-02  3.443870E-02  2.040506E-04                                 112
 2.915000E+02  3.567994E-02  3.443870E-02  2.040786E-04                                 112
 2.917500E+02  3.568176E-02  3.443870E-02  2.041069E-04                                 112
 2.920000E+02  3.568358E-02  3.443870E-02  2.041354E-04                                 112
 2.922500E+02  3.568540E-02  3.443870E-02  2.041642E-04                                 112
 2.925000E+02  3.568722E-02  3.443870E-02  2.041933E-04                                 112
 2.927500E+02  3.568904E-02  3.443870E-02  2.042227E-04                                 112
 2.930000E+02  3.569087E-02  3.443870E-02  2.042524E-04                                 112
 2.932500E+02  3.569269E-02  3.443870E-02  2.042824E-04                                 112
 2.935000E+02  3.569451E-02  3.443870E-02  2.043127E-04                                 112
 2.937500E+02  3.569634E-02  3.443870E-02  2.043434E-04                                 112
 2.940000E+02  3.569816E-02  3.443870E-02  2.043743E-04                                 112
 2.942500E+02  3.569998E-02  3.443870E-02  2.044057E-04                                 112
 2.945000E+02  3.570181E-02  3.443870E-02  2.044374E-04                                 112
 2.947500E+02  3.570363E-02  3.443870E-02  2.044694E-04                                 112
 2.950000E+02  3.570546E-02  3.443870E-02  2.045018E-04                                 112
 2.952500E+02  3.570728E-02  3.443870E-02  2.045346E-04                                 112
 2.955000E+02  3.570911E-02  3.443870E-02  2.045678E-04                                 112
 2.957500E+02  3.571094E-02  3.443870E-02  2.046014E-04                                 112
 2.960000E+02  3.571276E-02  3.443870E-02  2.046354E-04                                 112
 2.962500E+02  3.571459E-02  3.443870E-02  2.046699E-04                                 112
 2.965000E+02  3.571642E-02  3.443870E-02  2.047047E-04                                 112
 2.967500E+02  3.571825E-02  3.443870E-02  2.047400E-04                                 112
 2.970000E+02  3.572007E-02  3.443870E-02  2.047757E-04                                 112
 2.972500E+02  3.572190E-02  3.443870E-02  2.048119E-04                                 112
 2.975000E+02  3.572373E-02  3.443870E-02  2.048485E-04                                 112
 2.977500E+02  3.572556E-02  3.443870E-02  2.048856E-04                                 112
 2.980000E+02  3.572739E-02  3.443870E-02  2.049232E-04                                 112
 2.982500E+02  3.572922E-02  3.443870E-02  2.049612E-04                                 112
 2.985000E+02  3.573105E-02  3.443870E-02  2.049998E-04                                 112
 2.987500E+02  3.573289E-02  3.443870E-02  2.050388E-04                                 112
 2.990000E+02  3.573472E-02  3.443870E-02  2.050784E-04                                 112
 2.992500E+02  3.573655E-02  3.443870E-02  2.051185E-04                                 112
 2.995000E+02  3.573838E-02  3.443870E-02  2.051591E-04                                 112
 2.997500E+02  3.574022E-02  3.443870E-02  2.052002E-04                                 112
 3.000000E+02  3.574205E-02  3.443870E-02  2.052419E-04                                 112
 3.002500E+02  3.574388E-02  3.443870E-02  2.052842E-04                                 112
 3.005000E+02  3.574572E-02  3.443870E-02  2.053270E-04                                 112
 3.007500E+02  3.574755E-02  3.443870E-02  2.053704E-04                                 112
 3.010000E+02  3.574939E-02  3.443870E-02  2.054143E-04                                 112
 3.012500E+02  3.575122E-02  3.443870E-02  2.054589E-04                                 112
 3.015000E+02  3.575306E-02  3.443870E-02  2.055040E-04                                 112
 3.017500E+02  3.575490E-02  3.443870E-02  2.055497E-04                                 112
 3.020000E+02  3.575674E-02  3.443870E-02  2.055961E-04                                 112
 3.022500E+02  3.575857E-02  3.443870E-02  2.056430E-04                                 112
 3.025000E+02  3.576041E-02  3.443870E-02  2.056906E-04                                 112
 3.027500E+02  3.576225E-02  3.443870E-02  2.057388E-04                                 112
 3.030000E+02  3.576409E-02  3.443870E-02  2.057877E-04                                 112
 3.032500E+02  3.576593E-02  3.443870E-02  2.058372E-04                                 112
 3.035000E+02  3.576777E-02  3.443870E-02  2.058874E-04                                 112
 3.037500E+02  3.576961E-02  3.443870E-02  2.059382E-04                                 112
 3.040000E+02  3.577146E-02  3.443870E-02  2.059897E-04                                 112
 3.042500E+02  3.577330E-02  3.443870E-02  2.060419E-04                                 112
 3.045000E+02  3.577514E-02  3.443870E-02  2.060948E-04                                 112
 3.047500E+02  3.577698E-02  3.443870E-02  2.061484E-04                                 112
 3.050000E+02  3.577883E-02  3.443870E-02  2.062027E-04                                 112
 3.052500E+02  3.578067E-02  3.443870E-02  2.062577E-04                                 112
 3.055000E+02  3.578252E-02  3.443870E-02  2.063134E-04                                 112
 3.057500E+02  3.578436E-02  3.443870E-02  2.063699E-04                                 112
 3.060000E+02  3.578621E-02  3.443870E-02  2.064271E-04                                 112
 3.062500E+02  3.578806E-02  3.443870E-02  2.064850E-04                                 112
 3.065000E+02  3.578991E-02  3.443870E-02  2.065437E-04                                 112
 3.067500E+02  3.579175E-02  3.443870E-02  2.066032E-04                                 112
 3.070000E+02  3.579360E-02  3.443870E-02  2.066634E-04                                 112
 3.072500E+02  3.579545E-02  3.443870E-02  2.067244E-04                                 112
 3.075000E+02  3.579730E-02  3.443870E-02  2.067861E-04                                 112
 3.077500E+02  3.579915E-02  3.443870E-02  2.068487E-04                                 112
 3.080000E+02  3.580101E-02  3.443870E-02  2.069121E-04                                 112
 3.082500E+02  3.580286E-02  3.443870E-02  2.069763E-04                                 112
 3.085000E+02  3.580471E-02  3.443870E-02  2.070413E-04                                 112
 3.087500E+02  3.580656E-02  3.443870E-02  2.071071E-04                                 112
 3.090000E+02  3.580842E-02  3.443870E-02  2.071737E-04                                 112
 3.092500E+02  3.581027E-02  3.443870E-02  2.072412E-04                                 112
 3.095000E+02  3.581213E-02  3.443870E-02  2.073095E-04                                 112
 3.097500E+02  3.581399E-02  3.443870E-02  2.073787E-04                                 112
 3.100000E+02  3.581584E-02  3.443870E-02  2.074487E-04                                 112
 3.102500E+02  3.581770E-02  3.443870E-02  2.075196E-04                                 112
 3.105000E+02  3.581956E-02  3.443870E-02  2.075914E-04                                 112
 3.107500E+02  3.582142E-02  3.443870E-02  2.076641E-04                                 112
 3.110000E+02  3.582328E-02  3.443870E-02  2.077376E-04                                 112
 3.112500E+02  3.582514E-02  3.443870E-02  2.078121E-04                                 112
 3.115000E+02  3.582700E-02  3.443870E-02  2.078874E-04                                 112
 3.117500E+02  3.582886E-02  3.443870E-02  2.079637E-04                                 112
 3.120000E+02  3.583073E-02  3.443870E-02  2.080408E-04                                 112
 3.122500E+02  3.583259E-02  3.443870E-02  2.081189E-04                                 112
 3.125000E+02  3.583446E-02  3.443870E-02  2.081980E-04                                 112
 3.127500E+02  3.583632E-02  3.443870E-02  2.082779E-04                                 112
 3.130000E+02  3.583819E-02  3.443870E-02  2.083589E-04                                 112
 3.132500E+02  3.584005E-02  3.443870E-02  2.084407E-04                                 112
 3.135000E+02  3.584192E-02  3.443870E-02  2.085236E-04                                 112
 3.137500E+02  3.584379E-02  3.443870E-02  2.086074E-04                                 112
 3.140000E+02  3.584566E-02  3.443870E-02  2.086922E-04                                 112
 3.142500E+02  3.584753E-02  3.443870E-02  2.087779E-04                                 112
 3.145000E+02  3.584940E-02  3.443870E-02  2.088647E-04                                 112
 3.147500E+02  3.585128E-02  3.443870E-02  2.089525E-04                                 112
 3.150000E+02  3.585315E-02  3.443870E-02  2.090412E-04                                 112
 3.152500E+02  3.585502E-02  3.443870E-02  2.091310E-04                                 112
 3.155000E+02  3.585690E-02  3.443870E-02  2.092218E-04                                 112
 3.157500E+02  3.585877E-02  3.443870E-02  2.093136E-04                                 112
 3.160000E+02  3.586065E-02  3.443870E-02  2.094065E-04                                 112
 3.162500E+02  3.586253E-02  3.443870E-02  2.095003E-04                                 112
 3.165000E+02  3.586441E-02  3.443870E-02  2.095953E-04                                 112
 3.167500E+02  3.586629E-02  3.443870E-02  2.096913E-04                                 112
 3.170000E+02  3.586817E-02  3.443870E-02  2.097883E-04                                 112
 3.172500E+02  3.587005E-02  3.443870E-02  2.098865E-04                                 112
 3.175000E+02  3.587193E-02  3.443870E-02  2.099857E-04                                 112
 3.177500E+02  3.587382E-02  3.443870E-02  2.100859E-04                                 112
 3.180000E+02  3.587570E-02  3.443870E-02  2.101873E-04                                 112
 3.182500E+02  3.587759E-02  3.443870E-02  2.102898E-04                                 112
 3.185000E+02  3.587947E-02  3.443870E-02  2.103933E-04                                 112
 3.187500E+02  3.588136E-02  3.443870E-02  2.104980E-04                                 112
 3.190000E+02  3.588325E-02  3.443870E-02  2.106038E-04                                 112
 3.192500E+02  3.588514E-02  3.443870E-02  2.107107E-04                                 112
 3.195000E+02  3.588703E-02  3.443870E-02  2.108188E-04                                 112
 3.197500E+02  3.588892E-02  3.443870E-02  2.109280E-04                                 112
 3.200000E+02  3.589082E-02  3.443870E-02  2.110383E-04                                 112
 3.202500E+02  3.589271E-02  3.443870E-02  2.111498E-04                                 112
 3.205000E+02  3.589460E-02  3.443870E-02  2.112624E-04                                 112
 3.207500E+02  3.589650E-02  3.443870E-02  2.113763E-04                                 112
 3.210000E+02  3.589840E-02  3.443870E-02  2.114912E-04                                 112
 3.212500E+02  3.590030E-02  3.443870E-02  2.116074E-04                                 112
 3.215000E+02  3.590220E-02  3.443870E-02  2.117247E-04                                 112
 3.217500E+02  3.590410E-02  3.443870E-02  2.118433E-04                                 112
 3.220000E+02  3.590600E-02  3.443870E-02  2.119630E-04                                 112
 3.222500E+02  3.590790E-02  3.443870E-02  2.120839E-04                                 112
 3.225000E+02  3.590981E-02  3.443870E-02  2.122061E-04                                 112
 3.227500E+02  3.591171E-02  3.443870E-02  2.123295E-04                                 112
 3.230000E+02  3.591362E-02  3.443870E-02  2.124541E-04                                 112
 3.232500E+02  3.591553E-02  3.443870E-02  2.125799E-04                                 112
 3.235000E+02  3.591744E-02  3.443870E-02  2.127070E-04                                 112
 3.237500E+02  3.591935E-02  3.443870E-02  2.128353E-04                                 112
 3.240000E+02  3.592126E-02  3.443870E-02  2.129649E-04                                 112
 3.242500E+02  3.592317E-02  3.443870E-02  2.130957E-04                                 112
 3.245000E+02  3.592509E-02  3.443870E-02  2.132278E-04                                 112
 3.247500E+02  3.592700E-02  3.443870E-02  2.133612E-04                                 112
 3.250000E+02  3.592892E-02  3.443870E-02  2.134958E-04                                 112
 3.252500E+02  3.593084E-02  3.443870E-02  2.136317E-04                                 112
 3.255000E+02  3.593276E-02  3.443870E-02  2.137690E-04                                 112
 3.257500E+02  3.593468E-02  3.443870E-02  2.139075E-04                                 112
 3.260000E+02  3.593660E-02  3.443870E-02  2.140473E-04                                 112
 3.262500E+02  3.593853E-02  3.443870E-02  2.141885E-04                                 112
 3.265000E+02  3.594045E-02  3.443870E-02  2.143309E-04                                 112
 3.267500E+02  3.594238E-02  3.443870E-02  2.144747E-04                                 112
 3.270000E+02  3.594430E-02  3.443870E-02  2.146199E-04                                 112
 3.272500E+02  3.594623E-02  3.443870E-02  2.147663E-04                                 112
 3.275000E+02  3.594816E-02  3.443870E-02  2.149141E-04                                 112
 3.277500E+02  3.595010E-02  3.443870E-02  2.150633E-04                                 112
 3.280000E+02  3.595203E-02  3.443870E-02  2.152138E-04                                 112
 3.282500E+02  3.595397E-02  3.443870E-02  2.153657E-04                                 112
 3.285000E+02  3.595590E-02  3.443870E-02  2.155190E-04                                 112
 3.287500E+02  3.595784E-02  3.443870E-02  2.156736E-04                                 112
 3.290000E+02  3.595978E-02  3.443870E-02  2.158297E-04                                 112
 3.292500E+02  3.596172E-02  3.443870E-02  2.159871E-04                                 112
 3.295000E+02  3.596366E-02  3.443870E-02  2.161459E-04                                 112
 3.297500E+02  3.596561E-02  3.443870E-02  2.163061E-04                                 112
 3.300000E+02  3.596755E-02  3.443870E-02  2.164678E-04                                 112
 3.302500E+02  3.596950E-02  3.443870E-02  2.166308E-04                                 112
 3.305000E+02  3.597145E-02  3.443870E-02  2.167953E-04                                 112
 3.307500E+02  3.597340E-02  3.443870E-02  2.169612E-04                                 112
 3.310000E+02  3.597535E-02  3.443870E-02  2.171286E-04                                 112
 3.312500E+02  3.597731E-02  3.443870E-02  2.172974E-04                                 112
 3.315000E+02  3.597926E-02  3.443870E-02  2.174676E-04                                 112
 3.317500E+02  3.598122E-02  3.443870E-02  2.176394E-04                                 112
 3.320000E+02  3.598318E-02  3.443870E-02  2.178125E-04                                 112
 3.322500E+02  3.598514E-02  3.443870E-02  2.179872E-04                                 112
 3.325000E+02  3.598710E-02  3.443870E-02  2.181633E-04                                 112
 3.327500E+02  3.598906E-02  3.443870E-02  2.183409E-04                                 112
 3.330000E+02  3.599103E-02  3.443870E-02  2.185200E-04                                 112
 3.332500E+02  3.599299E-02  3.443870E-02  2.187006E-04                                 112
 3.335000E+02  3.599496E-02  3.443870E-02  2.188828E-04                                 112
 3.337500E+02  3.599693E-02  3.443870E-02  2.190664E-04                                 112
 3.340000E+02  3.599891E-02  3.443870E-02  2.192515E-04                                 112
 3.342500E+02  3.600088E-02  3.443870E-02  2.194382E-04                                 112
 3.345000E+02  3.600286E-02  3.443870E-02  2.196264E-04                                 112
 3.347500E+02  3.600483E-02  3.443870E-02  2.198161E-04                                 112
 3.350000E+02  3.600681E-02  3.443870E-02  2.200074E-04                                 112
 3.352500E+02  3.600879E-02  3.443870E-02  2.202002E-04                                 112
 3.355000E+02  3.601078E-02  3.443870E-02  2.203946E-04                                 112
 3.357500E+02  3.601276E-02  3.443870E-02  2.205906E-04                                 112
 3.360000E+02  3.601475E-02  3.443870E-02  2.207881E-04                                 112
 3.362500E+02  3.601674E-02  3.443870E-02  2.209872E-04                                 112
 3.365000E+02  3.601873E-02  3.443870E-02  2.211879E-04                                 112
 3.367500E+02  3.602072E-02  3.443870E-02  2.213902E-04                                 112
 3.370000E+02  3.602272E-02  3.443870E-02  2.215940E-04                                 112
 3.372500E+02  3.602471E-02  3.443870E-02  2.217995E-04                                 112
 3.375000E+02  3.602671E-02  3.443870E-02  2.220066E-04                                 112
 3.377500E+02  3.602871E-02  3.443870E-02  2.222153E-04                                 112
 3.380000E+02  3.603071E-02  3.443870E-02  2.224257E-04                                 112
 3.382500E+02  3.603272E-02  3.443870E-02  2.226376E-04                                 112
 3.385000E+02  3.603473E-02  3.443870E-02  2.228512E-04                                 112
 3.387500E+02  3.603673E-02  3.443870E-02  2.230665E-04                                 112
 3.390000E+02  3.603875E-02  3.443870E-02  2.232834E-04                                 112
 3.392500E+02  3.604076E-02  3.443870E-02  2.235019E-04                                 112
 3.395000E+02  3.604277E-02  3.443870E-02  2.237222E-04                                 112
 3.397500E+02  3.604479E-02  3.443870E-02  2.239441E-04                                 112
 3.400000E+02  3.604681E-02  3.443870E-02  2.241676E-04                                 112
 3.402500E+02  3.604883E-02  3.443870E-02  2.243929E-04                                 112
 3.405000E+02  3.605085E-02  3.443870E-02  2.246198E-04                                 112
 3.407500E+02  3.605288E-02  3.443870E-02  2.248485E-04                                 112
 3.410000E+02  3.605491E-02  3.443870E-02  2.250788E-04                                 112
 3.412500E+02  3.605694E-02  3.443870E-02  2.253109E-04                                 112
 3.415000E+02  3.605897E-02  3.443870E-02  2.255447E-04                                 112
 3.417500E+02  3.606100E-02  3.443870E-02  2.257802E-04                                 112
 3.420000E+02  3.606304E-02  3.443870E-02  2.260174E-04                                 112
 3.422500E+02  3.606508E-02  3.443870E-02  2.262564E-04                                 112
 3.425000E+02  3.606712E-02  3.443870E-02  2.264971E-04                                 112
 3.427500E+02  3.606916E-02  3.443870E-02  2.267396E-04                                 112
 3.430000E+02  3.607121E-02  3.443870E-02  2.269838E-04                                 112
 3.432500E+02  3.607326E-02  3.443870E-02  2.272298E-04                                 112
 3.435000E+02  3.607531E-02  3.443870E-02  2.274776E-04                                 112
 3.437500E+02  3.607736E-02  3.443870E-02  2.277271E-04                                 112
 3.440000E+02  3.607942E-02  3.443870E-02  2.279785E-04                                 112
 3.442500E+02  3.608147E-02  3.443870E-02  2.282316E-04                                 112
 3.445000E+02  3.608353E-02  3.443870E-02  2.284865E-04                                 112
 3.447500E+02  3.608559E-02  3.443870E-02  2.287433E-04                                 112
 3.450000E+02  3.608766E-02  3.443870E-02  2.290018E-04                                 112
 3.452500E+02  3.608973E-02  3.443870E-02  2.292622E-04                                 112
 3.455000E+02  3.609180E-02  3.443870E-02  2.295244E-04                                 112
 3.457500E+02  3.609387E-02  3.443870E-02  2.297884E-04                                 112
 3.460000E+02  3.609594E-02  3.443870E-02  2.300543E-04                                 112
 3.462500E+02  3.609802E-02  3.443870E-02  2.303220E-04                                 112
 3.465000E+02  3.610010E-02  3.443870E-02  2.305916E-04                                 112
 3.467500E+02  3.610218E-02  3.443870E-02  2.308631E-04                                 112
 3.470000E+02  3.610427E-02  3.443870E-02  2.311364E-04                                 112
 3.472500E+02  3.610636E-02  3.443870E-02  2.314116E-04                                 112
 3.475000E+02  3.610845E-02  3.443870E-02  2.316886E-04                                 112
 3.477500E+02  3.611054E-02  3.443870E-02  2.319676E-04                                 112
 3.480000E+02  3.611263E-02  3.443870E-02  2.322485E-04                                 112
 3.482500E+02  3.611473E-02  3.443870E-02  2.325312E-04                                 112
 3.485000E+02  3.611683E-02  3.443870E-02  2.328159E-04                                 112
 3.487500E+02  3.611894E-02  3.443870E-02  2.331025E-04                                 112
 3.490000E+02  3.612104E-02  3.443870E-02  2.333910E-04                                 112
 3.492500E+02  3.612315E-02  3.443870E-02  2.336814E-04                                 112
 3.495000E+02  3.612526E-02  3.443870E-02  2.339738E-04                                 112
 3.497500E+02  3.612738E-02  3.443870E-02  2.342682E-04                                 112
 3.500000E+02  3.612950E-02  3.443870E-02  2.345644E-04                                 112
 3.502500E+02  3.613162E-02  3.443870E-02  2.348627E-04                                 112
 3.505000E+02  3.613374E-02  3.443870E-02  2.351629E-04                                 112
 3.507500E+02  3.613586E-02  3.443870E-02  2.354651E-04                                 112
 3.510000E+02  3.613799E-02  3.443870E-02  2.357693E-04                                 112
 3.512500E+02  3.614012E-02  3.443870E-02  2.360754E-04                                 112
 3.515000E+02  3.614226E-02  3.443870E-02  2.363836E-04                                 112
 3.517500E+02  3.614440E-02  3.443870E-02  2.366937E-04                                 112
 3.520000E+02  3.614654E-02  3.443870E-02  2.370059E-04                                 112
 3.522500E+02  3.614868E-02  3.443870E-02  2.373201E-04                                 112
 3.525000E+02  3.615083E-02  3.443870E-02  2.376363E-04                                 112
 3.527500E+02  3.615297E-02  3.443870E-02  2.379546E-04                                 112
 3.530000E+02  3.615513E-02  3.443870E-02  2.382748E-04                                 112
 3.532500E+02  3.615728E-02  3.443870E-02  2.385972E-04                                 112
 3.535000E+02  3.615944E-02  3.443870E-02  2.389215E-04                                 112
 3.537500E+02  3.616160E-02  3.443870E-02  2.392480E-04                                 112
 3.540000E+02  3.616377E-02  3.443870E-02  2.395765E-04                                 112
 3.542500E+02  3.616593E-02  3.443870E-02  2.399071E-04                                 112
 3.545000E+02  3.616810E-02  3.443870E-02  2.402398E-04                                 112
 3.547500E+02  3.617028E-02  3.443870E-02  2.405745E-04                                 112
 3.550000E+02  3.617246E-02  3.443870E-02  2.409114E-04                                 112
 3.552500E+02  3.617464E-02  3.443870E-02  2.412504E-04                                 112
 3.555000E+02  3.617682E-02  3.443870E-02  2.415914E-04                                 112
 3.557500E+02  3.617901E-02  3.443870E-02  2.419346E-04                                 112
 3.560000E+02  3.618120E-02  3.443870E-02  2.422799E-04                                 112
 3.562500E+02  3.618339E-02  3.443870E-02  2.426274E-04                                 112
 3.565000E+02  3.618558E-02  3.443870E-02  2.429770E-04                                 112
 3.567500E+02  3.618778E-02  3.443870E-02  2.433287E-04                                 112
 3.570000E+02  3.618999E-02  3.443870E-02  2.436827E-04                                 112
 3.572500E+02  3.619219E-02  3.443870E-02  2.440387E-04                                 112
 3.575000E+02  3.619440E-02  3.443870E-02  2.443970E-04                                 112
 3.577500E+02  3.619662E-02  3.443870E-02  2.447574E-04                                 112
 3.580000E+02  3.619883E-02  3.443870E-02  2.451200E-04                                 112
 3.582500E+02  3.620105E-02  3.443870E-02  2.454848E-04                                 112
 3.585000E+02  3.620328E-02  3.443870E-02  2.458518E-04                                 112
 3.587500E+02  3.620550E-02  3.443870E-02  2.462210E-04                                 112
 3.590000E+02  3.620773E-02  3.443870E-02  2.465924E-04                                 112
 3.592500E+02  3.620997E-02  3.443870E-02  2.469661E-04                                 112
 3.595000E+02  3.621221E-02  3.443870E-02  2.473420E-04                                 112
 3.597500E+02  3.621445E-02  3.443870E-02  2.477201E-04                                 112
 3.600000E+02  3.621669E-02  3.443870E-02  2.481004E-04                                 112
 3.602500E+02  3.621894E-02  3.443870E-02  2.484831E-04                                 112
 3.605000E+02  3.622119E-02  3.443870E-02  2.488680E-04                                 112
 3.607500E+02  3.622345E-02  3.443870E-02  2.492551E-04                                 112
 3.610000E+02  3.622571E-02  3.443870E-02  2.496445E-04                                 112
 3.612500E+02  3.622797E-02  3.443870E-02  2.500363E-04                                 112
 3.615000E+02  3.623023E-02  3.443870E-02  2.504303E-04                                 112
 3.617500E+02  3.623250E-02  3.443870E-02  2.508266E-04                                 112
 3.620000E+02  3.623478E-02  3.443870E-02  2.512252E-04                                 112
 3.622500E+02  3.623706E-02  3.443870E-02  2.516261E-04                                 112
 3.625000E+02  3.623934E-02  3.443870E-02  2.520294E-04                                 112
 3.627500E+02  3.624162E-02  3.443870E-02  2.524350E-04                                 112
 3.630000E+02  3.624391E-02  3.443870E-02  2.528429E-04                                 112
 3.632500E+02  3.624620E-02  3.443870E-02  2.532532E-04                                 112
 3.635000E+02  3.624850E-02  3.443870E-02  2.536658E-04                                 112
 3.637500E+02  3.625080E-02  3.443870E-02  2.540808E-04                                 112
 3.640000E+02  3.625311E-02  3.443870E-02  2.544982E-04                                 112
 3.642500E+02  3.625542E-02  3.443870E-02  2.549179E-04                                 112
 3.645000E+02  3.625773E-02  3.443870E-02  2.554393E-04                                 112
 3.647500E+02  3.626005E-02  3.443870E-02  2.558644E-04                                 112
 3.650000E+02  3.626237E-02  3.443870E-02  2.561928E-04                                 112
 3.652500E+02  3.626469E-02  3.443870E-02  2.566221E-04                                 112
 3.655000E+02  3.626702E-02  3.443870E-02  2.570539E-04                                 112
 3.657500E+02  3.626935E-02  3.443870E-02  2.574881E-04                                 112
 3.660000E+02  3.627169E-02  3.443870E-02  2.579247E-04                                 112
 3.662500E+02  3.627403E-02  3.443870E-02  2.583638E-04                                 112
 3.665000E+02  3.627638E-02  3.443870E-02  2.588053E-04                                 112
 3.667500E+02  3.627872E-02  3.443870E-02  2.592493E-04                                 112
 3.670000E+02  3.628108E-02  3.443870E-02  2.596957E-04                                 112
 3.672500E+02  3.628344E-02  3.443870E-02  2.601446E-04                                 112
 3.675000E+02  3.628580E-02  3.443870E-02  2.605960E-04                                 112
 3.677500E+02  3.628816E-02  3.443870E-02  2.610499E-04                                 112
 3.680000E+02  3.629053E-02  3.443870E-02  2.615062E-04                                 112
 3.682500E+02  3.629291E-02  3.443870E-02  2.619651E-04                                 112
 3.685000E+02  3.629529E-02  3.443870E-02  2.624265E-04                                 112
 3.687500E+02  3.629767E-02  3.443870E-02  2.628904E-04                                 112
 3.690000E+02  3.630006E-02  3.443870E-02  2.633568E-04                                 112
 3.692500E+02  3.630245E-02  3.443870E-02  2.638258E-04                                 112
 3.695000E+02  3.630485E-02  3.443870E-02  2.642973E-04                                 112
 3.697500E+02  3.630725E-02  3.443870E-02  2.647714E-04                                 112
 3.700000E+02  3.630965E-02  3.443870E-02  2.652481E-04                                 112
 3.702500E+02  3.631206E-02  3.443870E-02  2.657273E-04                                 112
 3.705000E+02  3.631448E-02  3.443870E-02  2.662090E-04                                 112
 3.707500E+02  3.631690E-02  3.443870E-02  2.666934E-04                                 112
 3.710000E+02  3.631932E-02  3.443870E-02  2.671804E-04                                 112
 3.712500E+02  3.632175E-02  3.443870E-02  2.676699E-04                                 112
 3.715000E+02  3.632418E-02  3.443870E-02  2.681621E-04                                 112
 3.717500E+02  3.632662E-02  3.443870E-02  2.686569E-04                                 112
 3.720000E+02  3.632906E-02  3.443870E-02  2.691543E-04                                 112
 3.722500E+02  3.633151E-02  3.443870E-02  2.696543E-04                                 112
 3.725000E+02  3.633396E-02  3.443870E-02  2.701570E-04                                 112
 3.727500E+02  3.633642E-02  3.443870E-02  2.706624E-04                                 112
 3.730000E+02  3.633888E-02  3.443870E-02  2.711704E-04                                 112
 3.732500E+02  3.634134E-02  3.443870E-02  2.716810E-04                                 112
 3.735000E+02  3.634381E-02  3.443870E-02  2.721944E-04                                 112
 3.737500E+02  3.634629E-02  3.443870E-02  2.727104E-04                                 112
 3.740000E+02  3.634877E-02  3.443870E-02  2.732291E-04                                 112
 3.742500E+02  3.635126E-02  3.443870E-02  2.737505E-04                                 112
 3.745000E+02  3.635375E-02  3.443870E-02  2.742746E-04                                 112
 3.747500E+02  3.635624E-02  3.443870E-02  2.748015E-04                                 112
 3.750000E+02  3.635874E-02  3.443870E-02  2.753310E-04                                 112
 3.752500E+02  3.636125E-02  3.443870E-02  2.758633E-04                                 112
 3.755000E+02  3.636376E-02  3.443870E-02  2.763984E-04                                 112
 3.757500E+02  3.636627E-02  3.443870E-02  2.769361E-04                                 112
 3.760000E+02  3.636879E-02  3.443870E-02  2.774767E-04                                 112
 3.762500E+02  3.637132E-02  3.443870E-02  2.780200E-04                                 112
 3.765000E+02  3.637385E-02  3.443870E-02  2.785660E-04                                 112
 3.767500E+02  3.637638E-02  3.443870E-02  2.791149E-04                                 112
 3.770000E+02  3.637893E-02  3.443870E-02  2.796665E-04                                 112
 3.772500E+02  3.638147E-02  3.443870E-02  2.802210E-04                                 112
 3.775000E+02  3.638402E-02  3.443870E-02  2.807782E-04                                 112
 3.777500E+02  3.638658E-02  3.443870E-02  2.813383E-04                                 112
 3.780000E+02  3.638914E-02  3.443870E-02  2.819012E-04                                 112
 3.782500E+02  3.639171E-02  3.443870E-02  2.824669E-04                                 112
 3.785000E+02  3.639428E-02  3.443870E-02  2.830354E-04                                 112
 3.787500E+02  3.639686E-02  3.443870E-02  2.836068E-04                                 112
 3.790000E+02  3.639944E-02  3.443870E-02  2.841811E-04                                 112
 3.792500E+02  3.640203E-02  3.443870E-02  2.847582E-04                                 112
 3.795000E+02  3.640462E-02  3.443870E-02  2.853382E-04                                 112
 3.797500E+02  3.640722E-02  3.443870E-02  2.859211E-04                                 112
 3.800000E+02  3.640983E-02  3.443870E-02  2.865068E-04                                 112
 3.802500E+02  3.641244E-02  3.443870E-02  2.870955E-04                                 112
 3.805000E+02  3.641506E-02  3.443870E-02  2.876870E-04                                 112
 3.807500E+02  3.641768E-02  3.443870E-02  2.882815E-04                                 112
 3.810000E+02  3.642031E-02  3.443870E-02  2.888789E-04                                 112
 3.812500E+02  3.642294E-02  3.443870E-02  2.894792E-04                                 112
 3.815000E+02  3.642558E-02  3.443870E-02  2.900824E-04                                 112
 3.817500E+02  3.642822E-02  3.443870E-02  2.906886E-04                                 112
 3.820000E+02  3.643087E-02  3.443870E-02  2.912978E-04                                 112
 3.822500E+02  3.643353E-02  3.443870E-02  2.919099E-04                                 112
 3.825000E+02  3.643619E-02  3.443870E-02  2.925250E-04                                 112
 3.827500E+02  3.643886E-02  3.443870E-02  2.931430E-04                                 112
 3.830000E+02  3.644153E-02  3.443870E-02  2.937640E-04                                 112
 3.832500E+02  3.644421E-02  3.443870E-02  2.943881E-04                                 112
 3.835000E+02  3.644690E-02  3.443870E-02  2.950151E-04                                 112
 3.837500E+02  3.644959E-02  3.443870E-02  2.956451E-04                                 112
 3.840000E+02  3.645228E-02  3.443870E-02  2.962782E-04                                 112
 3.842500E+02  3.645499E-02  3.443870E-02  2.969143E-04                                 112
 3.845000E+02  3.645770E-02  3.443870E-02  2.975534E-04                                 112
 3.847500E+02  3.646041E-02  3.443870E-02  2.981956E-04                                 112
 3.850000E+02  3.646313E-02  3.443870E-02  2.988408E-04                                 112
 3.852500E+02  3.646586E-02  3.443870E-02  2.994890E-04                                 112
 3.855000E+02  3.646859E-02  3.443870E-02  3.001404E-04                                 112
 3.857500E+02  3.647133E-02  3.443870E-02  3.007948E-04                                 112
 3.860000E+02  3.647408E-02  3.443870E-02  3.014523E-04                                 112
 3.862500E+02  3.647683E-02  3.443870E-02  3.021128E-04                                 112
 3.865000E+02  3.647959E-02  3.443870E-02  3.027765E-04                                 112
 3.867500E+02  3.648235E-02  3.443870E-02  3.034433E-04                                 112
 3.870000E+02  3.648512E-02  3.443870E-02  3.041132E-04                                 112
 3.872500E+02  3.648790E-02  3.443870E-02  3.047862E-04                                 112
 3.875000E+02  3.649068E-02  3.443870E-02  3.054623E-04                                 112
 3.877500E+02  3.649347E-02  3.443870E-02  3.061416E-04                                 112
 3.880000E+02  3.649627E-02  3.443870E-02  3.068240E-04                                 112
 3.882500E+02  3.649907E-02  3.443870E-02  3.075095E-04                                 112
 3.885000E+02  3.650188E-02  3.443870E-02  3.081983E-04                                 112
 3.887500E+02  3.650470E-02  3.443870E-02  3.088901E-04                                 112
 3.890000E+02  3.650752E-02  3.443870E-02  3.095852E-04                                 112
 3.892500E+02  3.651035E-02  3.443870E-02  3.102834E-04                                 112
 3.895000E+02  3.651318E-02  3.443870E-02  3.109849E-04                                 112
 3.897500E+02  3.651603E-02  3.443870E-02  3.116895E-04                                 112
 3.900000E+02  3.651887E-02  3.443870E-02  3.123973E-04                                 112
 3.902500E+02  3.652173E-02  3.443870E-02  3.131084E-04                                 112
 3.905000E+02  3.652459E-02  3.443870E-02  3.138226E-04                                 112
 3.907500E+02  3.652746E-02  3.443870E-02  3.145401E-04                                 112
 3.910000E+02  3.653034E-02  3.443870E-02  3.152608E-04                                 112
 3.912500E+02  3.653322E-02  3.443870E-02  3.159848E-04                                 112
 3.915000E+02  3.653611E-02  3.443870E-02  3.167120E-04                                 112
 3.917500E+02  3.653900E-02  3.443870E-02  3.174424E-04                                 112
 3.920000E+02  3.654191E-02  3.443870E-02  3.181762E-04                                 112
 3.922500E+02  3.654482E-02  3.443870E-02  3.189132E-04                                 112
 3.925000E+02  3.654774E-02  3.443870E-02  3.196534E-04                                 112
 3.927500E+02  3.655066E-02  3.443870E-02  3.203970E-04                                 112
 3.930000E+02  3.655359E-02  3.443870E-02  3.211438E-04                                 112
 3.932500E+02  3.655653E-02  3.443870E-02  3.218939E-04                                 112
 3.935000E+02  3.655947E-02  3.443870E-02  3.226474E-04                                 112
 3.937500E+02  3.656243E-02  3.443870E-02  3.234041E-04                                 112
 3.940000E+02  3.656539E-02  3.443870E-02  3.241642E-04                                 112
 3.942500E+02  3.656835E-02  3.443870E-02  3.249276E-04                                 112
 3.945000E+02  3.657133E-02  3.443870E-02  3.256943E-04                                 112
 3.947500E+02  3.657431E-02  3.443870E-02  3.264643E-04                                 112
 3.950000E+02  3.657730E-02  3.443870E-02  3.272377E-04                                 112
 3.952500E+02  3.658029E-02  3.443870E-02  3.280145E-04                                 112
 3.955000E+02  3.658330E-02  3.443870E-02  3.287946E-04                                 112
 3.957500E+02  3.658631E-02  3.443870E-02  3.295781E-04                                 112
 3.960000E+02  3.658933E-02  3.443870E-02  3.303649E-04                                 112
 3.962500E+02  3.659235E-02  3.443870E-02  3.311551E-04                                 112
 3.965000E+02  3.659538E-02  3.443870E-02  3.319487E-04                                 112
 3.967500E+02  3.659843E-02  3.443870E-02  3.327457E-04                                 112
 3.970000E+02  3.660147E-02  3.443870E-02  3.335461E-04                                 112
 3.972500E+02  3.660453E-02  3.443870E-02  3.343498E-04                                 112
 3.975000E+02  3.660759E-02  3.443870E-02  3.351570E-04                                 112
 3.977500E+02  3.661066E-02  3.443870E-02  3.359676E-04                                 112
 3.980000E+02  3.661374E-02  3.443870E-02  3.367816E-04                                 112
 3.982500E+02  3.661683E-02  3.443870E-02  3.375990E-04                                 112
 3.985000E+02  3.661992E-02  3.443870E-02  3.384199E-04                                 112
 3.987500E+02  3.662303E-02  3.443870E-02  3.392442E-04                                 112
 3.990000E+02  3.662614E-02  3.443870E-02  3.400719E-04                                 112
 3.992500E+02  3.662925E-02  3.443870E-02  3.409031E-04                                 112
 3.995000E+02  3.663238E-02  3.443870E-02  3.417377E-04                                 112
 3.997500E+02  3.663551E-02  3.443870E-02  3.425758E-04                                 112
 4.000000E+02  3.663866E-02  3.443870E-02  3.434174E-04                                 112
 4.002500E+02  3.664180E-02  3.443870E-02  3.442624E-04                                 112
 4.005000E+02  3.664496E-02  3.443870E-02  3.451108E-04                                 112
 4.007500E+02  3.664813E-02  3.443870E-02  3.459628E-04                                 112
 4.010000E+02  3.665130E-02  3.443870E-02  3.468182E-04                                 112
 4.012500E+02  3.665448E-02  3.443870E-02  3.476771E-04                                 112
 4.015000E+02  3.665767E-02  3.443870E-02  3.485395E-04                                 112
 4.017500E+02  3.666087E-02  3.443870E-02  3.494054E-04                                 112
 4.020000E+02  3.666408E-02  3.443870E-02  3.502748E-04                                 112
 4.022500E+02  3.666729E-02  3.443870E-02  3.511477E-04                                 112
 4.025000E+02  3.667052E-02  3.443870E-02  3.520241E-04                                 112
 4.027500E+02  3.667375E-02  3.443870E-02  3.529040E-04                                 112
 4.030000E+02  3.667699E-02  3.443870E-02  3.537874E-04                                 112
 4.032500E+02  3.668024E-02  3.443870E-02  3.546744E-04                                 112
 4.035000E+02  3.668349E-02  3.443870E-02  3.555648E-04                                 112
 4.037500E+02  3.668676E-02  3.443870E-02  3.564588E-04                                 112
 4.040000E+02  3.669003E-02  3.443870E-02  3.573563E-04                                 112
 4.042500E+02  3.669331E-02  3.443870E-02  3.582574E-04                                 112
 4.045000E+02  3.669660E-02  3.443870E-02  3.591620E-04                                 112
 4.047500E+02  3.669990E-02  3.443870E-02  3.600701E-04                                 112
 4.050000E+02  3.670321E-02  3.443870E-02  3.609817E-04                                 112
 4.052500E+02  3.670653E-02  3.443870E-02  3.618969E-04                                 112
 4.055000E+02  3.670985E-02  3.443870E-02  3.628157E-04                                 112
 4.057500E+02  3.671319E-02  3.443870E-02  3.637380E-04                                 112
 4.060000E+02  3.671653E-02  3.443870E-02  3.646638E-04                                 112
 4.062500E+02  3.671988E-02  3.443870E-02  3.655932E-04                                 112
 4.065000E+02  3.672324E-02  3.443870E-02  3.665262E-04                                 112
 4.067500E+02  3.672661E-02  3.443870E-02  3.674627E-04                                 112
 4.070000E+02  3.672999E-02  3.443870E-02  3.684028E-04                                 112
 4.072500E+02  3.673338E-02  3.443870E-02  3.693464E-04                                 112
 4.075000E+02  3.673677E-02  3.443870E-02  3.702936E-04                                 112
 4.077500E+02  3.674018E-02  3.443870E-02  3.712444E-04                                 112
 4.080000E+02  3.674359E-02  3.443870E-02  3.721987E-04                                 112
 4.082500E+02  3.674702E-02  3.443870E-02  3.731566E-04                                 112
 4.085000E+02  3.675045E-02  3.443870E-02  3.741181E-04                                 112
 4.087500E+02  3.675389E-02  3.443870E-02  3.750831E-04                                 112
 4.090000E+02  3.675734E-02  3.443870E-02  3.760517E-04                                 112
 4.092500E+02  3.676080E-02  3.443870E-02  3.770238E-04                                 112
 4.095000E+02  3.676427E-02  3.443870E-02  3.779996E-04                                 112
 4.097500E+02  3.676775E-02  3.443870E-02  3.789789E-04                                 112
 4.100000E+02  3.677124E-02  3.443870E-02  3.799617E-04                                 112
 4.102500E+02  3.677474E-02  3.443870E-02  3.809482E-04                                 112
 4.105000E+02  3.677824E-02  3.443870E-02  3.819382E-04                                 112
 4.107500E+02  3.678176E-02  3.443870E-02  3.829318E-04                                 112
 4.110000E+02  3.678529E-02  3.443870E-02  3.839289E-04                                 112
 4.112500E+02  3.678882E-02  3.443870E-02  3.849296E-04                                 112
 4.115000E+02  3.679237E-02  3.443870E-02  3.859339E-04                                 112
 4.117500E+02  3.679592E-02  3.443870E-02  3.869418E-04                                 112
 4.120000E+02  3.679949E-02  3.443870E-02  3.879532E-04                                 112
 4.122500E+02  3.680306E-02  3.443870E-02  3.889681E-04                                 112
 4.125000E+02  3.680664E-02  3.443870E-02  3.899866E-04                                 112
 4.127500E+02  3.681024E-02  3.443870E-02  3.910087E-04                                 112
 4.130000E+02  3.681384E-02  3.443870E-02  3.920344E-04                                 112
 4.132500E+02  3.681745E-02  3.443870E-02  3.930635E-04                                 112
 4.135000E+02  3.682108E-02  3.443870E-02  3.940963E-04                                 112
 4.137500E+02  3.682471E-02  3.443870E-02  3.951325E-04                                 112
 4.140000E+02  3.682835E-02  3.443870E-02  3.961724E-04                                 112
 4.142500E+02  3.683200E-02  3.443870E-02  3.972157E-04                                 112
 4.145000E+02  3.683567E-02  3.443870E-02  3.982626E-04                                 112
 4.147500E+02  3.683934E-02  3.443870E-02  3.993130E-04                                 112
 4.150000E+02  3.684302E-02  3.443870E-02  4.003670E-04                                 112
 4.152500E+02  3.684671E-02  3.443870E-02  4.014244E-04                                 112
 4.155000E+02  3.685042E-02  3.443870E-02  4.024854E-04                                 112
 4.157500E+02  3.685413E-02  3.443870E-02  4.035499E-04                                 112
 4.160000E+02  3.685785E-02  3.443870E-02  4.046179E-04                                 112
 4.162500E+02  3.686159E-02  3.443870E-02  4.056894E-04                                 112
 4.165000E+02  3.686533E-02  3.443870E-02  4.067644E-04                                 112
 4.167500E+02  3.686908E-02  3.443870E-02  4.078429E-04                                 112
 4.170000E+02  3.687285E-02  3.443870E-02  4.089249E-04                                 112
 4.172500E+02  3.687662E-02  3.443870E-02  4.100104E-04                                 112
 4.175000E+02  3.688041E-02  3.443870E-02  4.110993E-04                                 112
 4.177500E+02  3.688420E-02  3.443870E-02  4.121917E-04                                 112
 4.180000E+02  3.688801E-02  3.443870E-02  4.132875E-04                                 112
 4.182500E+02  3.689183E-02  3.443870E-02  4.143868E-04                                 112
 4.185000E+02  3.689565E-02  3.443870E-02  4.154896E-04                                 112
 4.187500E+02  3.689949E-02  3.443870E-02  4.165957E-04                                 112
 4.190000E+02  3.690334E-02  3.443870E-02  4.177053E-04                                 112
 4.192500E+02  3.690720E-02  3.443870E-02  4.188183E-04                                 112
 4.195000E+02  3.691107E-02  3.443870E-02  4.199348E-04                                 112
 4.197500E+02  3.691495E-02  3.443870E-02  4.210546E-04                                 112
 4.200000E+02  3.691884E-02  3.443870E-02  4.221778E-04                                 112
 4.202500E+02  3.692274E-02  3.443870E-02  4.233044E-04                                 112
 4.205000E+02  3.692666E-02  3.443870E-02  4.244343E-04                                 112
 4.207500E+02  3.693058E-02  3.443870E-02  4.255676E-04                                 112
 4.210000E+02  3.693451E-02  3.443870E-02  4.267043E-04                                 112
 4.212500E+02  3.693846E-02  3.443870E-02  4.278443E-04                                 112
 4.215000E+02  3.694242E-02  3.443870E-02  4.289876E-04                                 112
 4.217500E+02  3.694638E-02  3.443870E-02  4.301342E-04                                 112
 4.220000E+02  3.695036E-02  3.443870E-02  4.312841E-04                                 112
 4.222500E+02  3.695435E-02  3.443870E-02  4.324373E-04                                 112
 4.225000E+02  3.695835E-02  3.443870E-02  4.335938E-04                                 112
 4.227500E+02  3.696236E-02  3.443870E-02  4.347535E-04                                 112
 4.230000E+02  3.696639E-02  3.443870E-02  4.359165E-04                                 112
 4.232500E+02  3.697042E-02  3.443870E-02  4.370827E-04                                 112
 4.235000E+02  3.697447E-02  3.443870E-02  4.382522E-04                                 112
 4.237500E+02  3.697852E-02  3.443870E-02  1.866164E+03                                 112
 4.240000E+02  3.454097E+01  3.443870E-02  1.999058E+00                                 111
 4.242500E+02  3.456168E+01  3.443870E-02  2.395837E-03                                 111
 4.245000E+02  3.458238E+01  3.443870E-02  2.394369E-03                                 111
 4.247500E+02  3.460308E+01  3.443870E-02  2.392903E-03                                 111
 4.250000E+02  3.462378E+01  3.443870E-02  2.391439E-03                                 111
 4.252500E+02  3.464448E+01  3.443870E-02  2.389976E-03                                 111
 4.255000E+02  3.466518E+01  3.443870E-02  2.388516E-03                                 111
 4.257500E+02  3.468588E+01  3.443870E-02  2.387057E-03                                 111
 4.260000E+02  3.470658E+01  3.443870E-02  2.385601E-03                                 111
 4.262500E+02  3.472727E+01  3.443870E-02  2.384146E-03                                 111
 4.265000E+02  3.474797E+01  3.443870E-02  2.382693E-03                                 111
 4.267500E+02  3.476867E+01  3.443870E-02  2.381242E-03                                 111
 4.270000E+02  3.478937E+01  3.443870E-02  2.379792E-03                                 111
 4.272500E+02  3.481007E+01  3.443870E-02  2.378345E-03                                 111
 4.275000E+02  3.483077E+01  3.443870E-02  2.376899E-03                                 111
 4.277500E+02  3.485146E+01  3.443870E-02  2.375455E-03                                 111
 4.280000E+02  3.487216E+01  3.443870E-02  2.374013E-03                                 111
 4.282500E+02  3.489286E+01  3.443870E-02  2.372573E-03                                 111
 4.285000E+02  3.491355E+01  3.443870E-02  2.371135E-03                                 111
 4.287500E+02  3.493425E+01  3.443870E-02  2.369698E-03                                 111
 4.290000E+02  3.495494E+01  3.443870E-02  2.368264E-03                                 111
 4.292500E+02  3.497564E+01  3.443870E-02  2.366831E-03                                 111
 4.295000E+02  3.499633E+01  3.443870E-02  2.365399E-03                                 111
 4.297500E+02  3.501703E+01  3.443870E-02  2.363970E-03                                 111
 4.300000E+02  3.503772E+01  3.443870E-02  2.362543E-03                                 111
 4.302500E+02  3.505842E+01  3.443870E-02  2.361117E-03                                 111
 4.305000E+02  3.507911E+01  3.443870E-02  2.359693E-03                                 111
 4.307500E+02  3.509981E+01  3.443870E-02  2.358271E-03                                 111
 4.310000E+02  3.512050E+01  3.443870E-02  2.356850E-03                                 111
 4.312500E+02  3.514119E+01  3.443870E-02  2.355432E-03                                 111
 4.315000E+02  3.516189E+01  3.443870E-02  2.354015E-03                                 111
 4.317500E+02  3.518258E+01  3.443870E-02  2.352600E-03                                 111
 4.320000E+02  3.520327E+01  3.443870E-02  2.351187E-03                                 111
 4.322500E+02  3.522396E+01  3.443870E-02  2.349775E-03                                 111
 4.325000E+02  3.524466E+01  3.443870E-02  2.348365E-03                                 111
 4.327500E+02  3.526535E+01  3.443870E-02  2.346957E-03                                 111
 4.330000E+02  3.528604E+01  3.443870E-02  2.345551E-03                                 111
 4.332500E+02  3.530673E+01  3.443870E-02  2.344146E-03                                 111
 4.335000E+02  3.532742E+01  3.443870E-02  2.342744E-03                                 111
 4.337500E+02  3.534811E+01  3.443870E-02  2.341343E-03                                 111
 4.340000E+02  3.536880E+01  3.443870E-02  2.339943E-03                                 111
 4.342500E+02  3.538949E+01  3.443870E-02  2.338546E-03                                 111
 4.345000E+02  3.541018E+01  3.443870E-02  2.337150E-03                                 111
 4.347500E+02  3.543087E+01  3.443870E-02  2.335756E-03                                 111
 4.350000E+02  3.545156E+01  3.443870E-02  2.334363E-03                                 111
 4.352500E+02  3.547225E+01  3.443870E-02  2.332973E-03                                 111
 4.355000E+02  3.549294E+01  3.443870E-02  2.331584E-03                                 111
 4.357500E+02  3.551363E+01  3.443870E-02  2.330196E-03                                 111
 4.360000E+02  3.553432E+01  3.443870E-02  2.328811E-03                                 111
 4.362500E+02  3.555500E+01  3.443870E-02  2.327427E-03                                 111
 4.365000E+02  3.557569E+01  3.443870E-02  2.326045E-03                                 111
 4.367500E+02  3.559638E+01  3.443870E-02  2.324665E-03                                 111
 4.370000E+02  3.561707E+01  3.443870E-02  2.323286E-03                                 111
 4.372500E+02  3.563775E+01  3.443870E-02  2.321909E-03                                 111
 4.375000E+02  3.565844E+01  3.443870E-02  2.320534E-03                                 111
 4.377500E+02  3.567913E+01  3.443870E-02  2.319160E-03                                 111
 4.380000E+02  3.569981E+01  3.443870E-02  2.317788E-03                                 111
 4.382500E+02  3.572050E+01  3.443870E-02  2.316418E-03                                 111
 4.385000E+02  3.574118E+01  3.443870E-02  2.315049E-03                                 111
 4.387500E+02  3.576187E+01  3.443870E-02  2.313682E-03                                 111
 4.390000E+02  3.578256E+01  3.443870E-02  2.312317E-03                                 111
 4.392500E+02  3.580324E+01  3.443870E-02  2.310953E-03                                 111
 4.395000E+02  3.582393E+01  3.443870E-02  2.309591E-03                                 111
 4.397500E+02  3.584461E+01  3.443870E-02  2.308231E-03                                 111
 4.400000E+02  3.586529E+01  3.443870E-02  2.306872E-03                                 111
 4.402500E+02  3.588598E+01  3.443870E-02  2.305515E-03                                 111
 4.405000E+02  3.590666E+01  3.443870E-02  2.304160E-03                                 111
 4.407500E+02  3.592735E+01  3.443870E-02  2.302806E-03                                 111
 4.410000E+02  3.594803E+01  3.443870E-02  2.301454E-03                                 111
 4.412500E+02  3.596871E+01  3.443870E-02  2.300104E-03                                 111
 4.415000E+02  3.598939E+01  3.443870E-02  2.298755E-03                                 111
 4.417500E+02  3.601008E+01  3.443870E-02  2.297408E-03                                 111
 4.420000E+02  3.603076E+01  3.443870E-02  2.296063E-03                                 111
 4.422500E+02  3.605144E+01  3.443870E-02  2.294719E-03                                 111
 4.425000E+02  3.607212E+01  3.443870E-02  2.293377E-03                                 111
 4.427500E+02  3.609281E+01  3.443870E-02  2.292036E-03                                 111
 4.430000E+02  3.611349E+01  3.443870E-02  2.290697E-03                                 111
 4.432500E+02  3.613417E+01  3.443870E-02  2.289360E-03                                 111
 4.435000E+02  3.615485E+01  3.443870E-02  2.288024E-03                                 111
 4.437500E+02  3.617553E+01  3.443870E-02  2.286690E-03                                 111
 4.440000E+02  3.619621E+01  3.443870E-02  2.285357E-03                                 111
 4.442500E+02  3.621689E+01  3.443870E-02  2.284026E-03                                 111
 4.445000E+02  3.623757E+01  3.443870E-02  2.282697E-03                                 111
 4.447500E+02  3.625825E+01  3.443870E-02  2.281369E-03                                 111
 4.450000E+02  3.627893E+01  3.443870E-02  2.280043E-03                                 111
 4.452500E+02  3.629961E+01  3.443870E-02  2.278719E-03                                 111
 4.455000E+02  3.632029E+01  3.443870E-02  2.277396E-03                                 111
 4.457500E+02  3.634097E+01  3.443870E-02  2.276074E-03                                 111
 4.460000E+02  3.636164E+01  3.443870E-02  2.274755E-03                                 111
 4.462500E+02  3.638232E+01  3.443870E-02  2.273436E-03                                 111
 4.465000E+02  3.640300E+01  3.443870E-02  2.272120E-03                                 111
 4.467500E+02  3.642368E+01  3.443870E-02  2.270805E-03                                 111
 4.470000E+02  3.644436E+01  3.443870E-02  2.269491E-03                                 111
 4.472500E+02  3.646503E+01  3.443870E-02  2.268179E-03                                 111
 4.475000E+02  3.648571E+01  3.443870E-02  2.266869E-03                                 111
 4.477500E+02  3.650639E+01  3.443870E-02  2.265560E-03                                 111
 4.480000E+02  3.652707E+01  3.443870E-02  2.264253E-03                                 111
 4.482500E+02  3.654774E+01  3.443870E-02  2.262947E-03                                 111
 4.485000E+02  3.656842E+01  3.443870E-02  2.261643E-03                                 111
 4.487500E+02  3.658909E+01  3.443870E-02  2.260340E-03                                 111
 4.490000E+02  3.660977E+01  3.443870E-02  2.259039E-03                                 111
 4.492500E+02  3.663045E+01  3.443870E-02  2.257740E-03                                 111
 4.495000E+02  3.665112E+01  3.443870E-02  2.256442E-03                                 111
 4.497500E+02  3.667180E+01  3.443870E-02  2.255146E-03                                 111
 4.500000E+02  3.669247E+01  3.443870E-02  2.253851E-03                                 111
 4.502500E+02  3.671315E+01  3.443870E-02  2.252557E-03                                 111
 4.505000E+02  3.673382E+01  3.443870E-02  2.251265E-03                                 111
 4.507500E+02  3.675449E+01  3.443870E-02  2.249975E-03                                 111
 4.510000E+02  3.677517E+01  3.443870E-02  2.248686E-03                                 111
 4.512500E+02  3.679584E+01  3.443870E-02  2.247399E-03                                 111
 4.515000E+02  3.681652E+01  3.443870E-02  2.246113E-03                                 111
 4.517500E+02  3.683719E+01  3.443870E-02  2.244829E-03                                 111
 4.520000E+02  3.685786E+01  3.443870E-02  2.243546E-03                                 111
 4.522500E+02  3.687854E+01  3.443870E-02  2.242265E-03                                 111
 4.525000E+02  3.689921E+01  3.443870E-02  2.240986E-03                                 111
 4.527500E+02  3.691988E+01  3.443870E-02  2.239707E-03                                 111
 4.530000E+02  3.694055E+01  3.443870E-02  2.238431E-03                                 111
 4.532500E+02  3.696123E+01  3.443870E-02  2.237155E-03                                 111
 4.535000E+02  3.698190E+01  3.443870E-02  2.235882E-03                                 111
 4.537500E+02  3.700257E+01  3.443870E-02  2.234610E-03                                 111
 4.540000E+02  3.702324E+01  3.443870E-02  2.233339E-03                                 111
 4.542500E+02  3.704391E+01  3.443870E-02  2.232070E-03                                 111
 4.545000E+02  3.706458E+01  3.443870E-02  2.230802E-03                                 111
 4.547500E+02  3.708525E+01  3.443870E-02  2.229536E-03                                 111
 4.550000E+02  3.710592E+01  3.443870E-02  2.228271E-03                                 111
 4.552500E+02  3.712659E+01  3.443870E-02  2.227008E-03                                 111
 4.555000E+02  3.714726E+01  3.443870E-02  2.225746E-03                                 111
 4.557500E+02  3.716793E+01  3.443870E-02  2.224485E-03                                 111
 4.560000E+02  3.718860E+01  3.443870E-02  2.223226E-03                                 111
 4.562500E+02  3.720927E+01  3.443870E-02  2.221969E-03                                 111
 4.565000E+02  3.722994E+01  3.443870E-02  2.220713E-03                                 111
 4.567500E+02  3.725061E+01  3.443870E-02  2.219458E-03                                 111
 4.570000E+02  3.727128E+01  3.443870E-02  2.218205E-03                                 111
 4.572500E+02  3.729195E+01  3.443870E-02  2.216954E-03                                 111
 4.575000E+02  3.731262E+01  3.443870E-02  2.215704E-03                                 111
 4.577500E+02  3.733329E+01  3.443870E-02  2.214455E-03                                 111
 4.580000E+02  3.735396E+01  3.443870E-02  2.213208E-03                                 111
 4.582500E+02  3.737462E+01  3.443870E-02  2.211962E-03                                 111
 4.585000E+02  3.739529E+01  3.443870E-02  2.210718E-03                                 111
 4.587500E+02  3.741596E+01  3.443870E-02  2.209475E-03                                 111
 4.590000E+02  3.743663E+01  3.443870E-02  2.208233E-03                                 111
 4.592500E+02  3.745729E+01  3.443870E-02  2.206993E-03                                 111
 4.595000E+02  3.747796E+01  3.443870E-02  2.205754E-03                                 111
 4.597500E+02  3.749863E+01  3.443870E-02  2.204517E-03                                 111
 4.600000E+02  3.751929E+01  3.443870E-02  2.203281E-03                                 111
 4.602500E+02  3.753996E+01  3.443870E-02  2.202047E-03                                 111
 4.605000E+02  3.756063E+01  3.443870E-02  2.200814E-03                                 111
 4.607500E+02  3.758129E+01  3.443870E-02  2.199583E-03                                 111
 4.610000E+02  3.760196E+01  3.443870E-02  2.198352E-03                                 111
 4.612500E+02  3.762262E+01  3.443870E-02  2.197124E-03                                 111
 4.615000E+02  3.764329E+01  3.443870E-02  2.195896E-03                                 111
 4.617500E+02  3.766395E+01  3.443870E-02  2.194671E-03                                 111
 4.620000E+02  3.768462E+01  3.443870E-02  2.193446E-03                                 111
 4.622500E+02  3.770528E+01  3.443870E-02  2.192223E-03                                 111
 4.625000E+02  3.772595E+01  3.443870E-02  2.191001E-03                                 111
 4.627500E+02  3.774661E+01  3.443870E-02  2.189781E-03                                 111
 4.630000E+02  3.776728E+01  3.443870E-02  2.188562E-03                                 111
 4.632500E+02  3.778794E+01  3.443870E-02  2.187345E-03                                 111
 4.635000E+02  3.780860E+01  3.443870E-02  2.186129E-03                                 111
 4.637500E+02  3.782927E+01  3.443870E-02  2.184914E-03                                 111
 4.640000E+02  3.784993E+01  3.443870E-02  2.183701E-03                                 111
 4.642500E+02  3.787059E+01  3.443870E-02  2.182489E-03                                 111
 4.645000E+02  3.789126E+01  3.443870E-02  2.181278E-03                                 111
 4.647500E+02  3.791192E+01  3.443870E-02  2.180069E-03                                 111
 4.650000E+02  3.793258E+01  3.443870E-02  2.178861E-03                                 111
 4.652500E+02  3.795324E+01  3.443870E-02  2.177655E-03                                 111
 4.655000E+02  3.797391E+01  3.443870E-02  2.176450E-03                                 111
 4.657500E+02  3.799457E+01  3.443870E-02  2.175246E-03                                 111
 4.660000E+02  3.801523E+01  3.443870E-02  2.174043E-03                                 111
 4.662500E+02  3.803589E+01  3.443870E-02  2.172842E-03                                 111
 4.665000E+02  3.805655E+01  3.443870E-02  2.171643E-03                                 111
 4.667500E+02  3.807721E+01  3.443870E-02  2.170445E-03                                 111
 4.670000E+02  3.809787E+01  3.443870E-02  2.169248E-03                                 111
 4.672500E+02  3.811854E+01  3.443870E-02  2.168052E-03                                 111
 4.675000E+02  3.813920E+01  3.443870E-02  2.166858E-03                                 111
 4.677500E+02  3.815986E+01  3.443870E-02  2.165665E-03                                 111
 4.680000E+02  3.818052E+01  3.443870E-02  2.164474E-03                                 111
 4.682500E+02  3.820118E+01  3.443870E-02  2.163283E-03                                 111
 4.685000E+02  3.822184E+01  3.443870E-02  2.162095E-03                                 111
 4.687500E+02  3.824250E+01  3.443870E-02  2.160907E-03                                 111
 4.690000E+02  3.826316E+01  3.443870E-02  2.159721E-03                                 111
 4.692500E+02  3.828382E+01  3.443870E-02  2.158536E-03                                 111
 4.695000E+02  3.830447E+01  3.443870E-02  2.157353E-03                                 111
 4.697500E+02  3.832513E+01  3.443870E-02  2.156170E-03                                 111
 4.700000E+02  3.834579E+01  3.443870E-02  2.154990E-03                                 111
 4.702500E+02  3.836645E+01  3.443870E-02  2.153810E-03                                 111
 4.705000E+02  3.838711E+01  3.443870E-02  2.152632E-03                                 111
 4.707500E+02  3.840777E+01  3.443870E-02  2.151455E-03                                 111
 4.710000E+02  3.842843E+01  3.443870E-02  2.150280E-03                                 111
 4.712500E+02  3.844908E+01  3.443870E-02  2.149105E-03                                 111
 4.715000E+02  3.846974E+01  3.443870E-02  2.147932E-03                                 111
 4.717500E+02  3.849040E+01  3.443870E-02  2.146761E-03                                 111
 4.720000E+02  3.851106E+01  3.443870E-02  2.145590E-03                                 111
 4.722500E+02  3.853171E+01  3.443870E-02  2.144421E-03                                 111
 4.725000E+02  3.855237E+01  3.443870E-02  2.143254E-03                                 111
 4.727500E+02  3.857303E+01  3.443870E-02  2.142087E-03                                 111
 4.730000E+02  3.859368E+01  3.443870E-02  2.140922E-03                                 111
 4.732500E+02  3.861434E+01  3.443870E-02  2.139758E-03                                 111
 4.735000E+02  3.863500E+01  3.443870E-02  2.138596E-03                                 111
 4.737500E+02  3.865565E+01  3.443870E-02  2.137435E-03                                 111
 4.740000E+02  3.867631E+01  3.443870E-02  2.136275E-03                                 111
 4.742500E+02  3.869696E+01  3.443870E-02  2.135116E-03                                 111
 4.745000E+02  3.871762E+01  3.443870E-02  2.133959E-03                                 111
 4.747500E+02  3.873827E+01  3.443870E-02  2.132803E-03                                 111
 4.750000E+02  3.875893E+01  3.443870E-02  2.131648E-03                                 111
 4.752500E+02  3.877959E+01  3.443870E-02  2.130495E-03                                 111
 4.755000E+02  3.880024E+01  3.443870E-02  2.129342E-03                                 111
 4.757500E+02  3.882089E+01  3.443870E-02  2.128191E-03                                 111
 4.760000E+02  3.884155E+01  3.443870E-02  2.127042E-03                                 111
 4.762500E+02  3.886220E+01  3.443870E-02  2.125893E-03                                 111
 4.765000E+02  3.888286E+01  3.443870E-02  2.124746E-03                                 111
 4.767500E+02  3.890351E+01  3.443870E-02  2.123600E-03                                 111
 4.770000E+02  3.892417E+01  3.443870E-02  2.122456E-03                                 111
 4.772500E+02  3.894482E+01  3.443870E-02  2.121312E-03                                 111
 4.775000E+02  3.896547E+01  3.443870E-02  2.120170E-03                                 111
 4.777500E+02  3.898613E+01  3.443870E-02  2.119029E-03                                 111
 4.780000E+02  3.900678E+01  3.443870E-02  2.117890E-03                                 111
 4.782500E+02  3.902743E+01  3.443870E-02  2.116751E-03                                 111
 4.785000E+02  3.904808E+01  3.443870E-02  2.115614E-03                                 111
 4.787500E+02  3.906874E+01  3.443870E-02  2.114479E-03                                 111
 4.790000E+02  3.908939E+01  3.443870E-02  2.113344E-03                                 111
 4.792500E+02  3.911004E+01  3.443870E-02  2.112211E-03                                 111
 4.795000E+02  3.913069E+01  3.443870E-02  2.111079E-03                                 111
 4.797500E+02  3.915135E+01  3.443870E-02  2.109948E-03                                 111
 4.800000E+02  3.917200E+01  3.443870E-02  2.108818E-03                                 111
 4.802500E+02  3.919265E+01  3.443870E-02  2.107690E-03                                 111
 4.805000E+02  3.921330E+01  3.443870E-02  2.106563E-03                                 111
 4.807500E+02  3.923395E+01  3.443870E-02  2.105437E-03                                 111
 4.810000E+02  3.925460E+01  3.443870E-02  2.104312E-03                                 111
 4.812500E+02  3.927525E+01  3.443870E-02  2.103188E-03                                 111
 4.815000E+02  3.929590E+01  3.443870E-02  2.102066E-03                                 111
 4.817500E+02  3.931655E+01  3.443870E-02  2.100945E-03                                 111
 4.820000E+02  3.933721E+01  3.443870E-02  2.099825E-03                                 111
 4.822500E+02  3.935786E+01  3.443870E-02  2.098707E-03                                 111
 4.825000E+02  3.937851E+01  3.443870E-02  2.097590E-03                                 111
 4.827500E+02  3.939916E+01  3.443870E-02  2.096473E-03                                 111
 4.830000E+02  3.941981E+01  3.443870E-02  2.095358E-03                                 111
 4.832500E+02  3.944045E+01  3.443870E-02  2.094245E-03                                 111
 4.835000E+02  3.946110E+01  3.443870E-02  2.093132E-03                                 111
 4.837500E+02  3.948175E+01  3.443870E-02  2.092021E-03                                 111
 4.840000E+02  3.950240E+01  3.443870E-02  2.090911E-03                                 111
 4.842500E+02  3.952305E+01  3.443870E-02  2.089802E-03                                 111
 4.845000E+02  3.954370E+01  3.443870E-02  2.088694E-03                                 111
 4.847500E+02  3.956435E+01  3.443870E-02  2.087588E-03                                 111
 4.850000E+02  3.958500E+01  3.443870E-02  2.086482E-03                                 111
 4.852500E+02  3.960565E+01  3.443870E-02  2.085378E-03                                 111
 4.855000E+02  3.962629E+01  3.443870E-02  2.084275E-03                                 111
 4.857500E+02  3.964694E+01  3.443870E-02  2.083174E-03                                 111
 4.860000E+02  3.966759E+01  3.443870E-02  2.082073E-03                                 111
 4.862500E+02  3.968824E+01  3.443870E-02  2.080974E-03                                 111
 4.865000E+02  3.970888E+01  3.443870E-02  2.079876E-03                                 111
 4.867500E+02  3.972953E+01  3.443870E-02  2.078779E-03                                 111
 4.870000E+02  3.975018E+01  3.443870E-02  2.077683E-03                                 111
 4.872500E+02  3.977083E+01  3.443870E-02  2.076588E-03                                 111
 4.875000E+02  3.979147E+01  3.443870E-02  2.075495E-03                                 111
 4.877500E+02  3.981212E+01  3.443870E-02  2.074403E-03                                 111
 4.880000E+02  3.983277E+01  3.443870E-02  2.073312E-03                                 111
 4.882500E+02  3.985341E+01  3.443870E-02  2.072222E-03                                 111
 4.885000E+02  3.987406E+01  3.443870E-02  2.071133E-03                                 111
 4.887500E+02  3.989470E+01  3.443870E-02  2.070045E-03                                 111
 4.890000E+02  3.991535E+01  3.443870E-02  2.068959E-03                                 111
 4.892500E+02  3.993600E+01  3.443870E-02  2.067874E-03                                 111
 4.895000E+02  3.995664E+01  3.443870E-02  2.066789E-03                                 111
 4.897500E+02  3.997729E+01  3.443870E-02  2.065707E-03                                 111
 4.900000E+02  3.999793E+01  3.443870E-02  2.064625E-03                                 111
 4.902500E+02  4.001858E+01  3.443870E-02  2.063544E-03                                 111
 4.905000E+02  4.003922E+01  3.443870E-02  2.062465E-03                                 111
 4.907500E+02  4.005987E+01  3.443870E-02  2.061386E-03                                 111
 4.910000E+02  4.008051E+01  3.443870E-02  2.060309E-03                                 111
 4.912500E+02  4.010116E+01  3.443870E-02  2.059233E-03                                 111
 4.915000E+02  4.012180E+01  3.443870E-02  2.058158E-03                                 111
 4.917500E+02  4.014244E+01  3.443870E-02  2.057085E-03                                 111
 4.920000E+02  4.016309E+01  3.443870E-02  2.056012E-03                                 111
 4.922500E+02  4.018373E+01  3.443870E-02  2.054941E-03                                 111
 4.925000E+02  4.020438E+01  3.443870E-02  2.053870E-03                                 111
 4.927500E+02  4.022502E+01  3.443870E-02  2.052801E-03                                 111
 4.930000E+02  4.024566E+01  3.443870E-02  2.051733E-03                                 111
 4.932500E+02  4.026631E+01  3.443870E-02  2.050666E-03                                 111
 4.935000E+02  4.028695E+01  3.443870E-02  2.049600E-03                                 111
 4.937500E+02  4.030759E+01  3.443870E-02  2.048536E-03                                 111
 4.940000E+02  4.032824E+01  3.443870E-02  2.047472E-03                                 111
 4.942500E+02  4.034888E+01  3.443870E-02  2.046410E-03                                 111
 4.945000E+02  4.036952E+01  3.443870E-02  2.045348E-03                                 111
 4.947500E+02  4.039016E+01  3.443870E-02  2.044288E-03                                 111
 4.950000E+02  4.041081E+01  3.443870E-02  2.043229E-03                                 111
 4.952500E+02  4.043145E+01  3.443870E-02  2.042171E-03                                 111
 4.955000E+02  4.045209E+01  3.443870E-02  2.041115E-03                                 111
 4.957500E+02  4.047273E+01  3.443870E-02  2.040059E-03                                 111
 4.960000E+02  4.049337E+01  3.443870E-02  2.039004E-03                                 111
 4.962500E+02  4.051401E+01  3.443870E-02  2.037951E-03                                 111
 4.965000E+02  4.053466E+01  3.443870E-02  2.036898E-03                                 111
 4.967500E+02  4.055530E+01  3.443870E-02  2.035847E-03                                 111
 4.970000E+02  4.057594E+01  3.443870E-02  2.034797E-03                                 111
 4.972500E+02  4.059658E+01  3.443870E-02  2.033748E-03                                 111
 4.975000E+02  4.061722E+01  3.443870E-02  2.032700E-03                                 111
 4.977500E+02  4.063786E+01  3.443870E-02  2.031653E-03                                 111
 4.980000E+02  4.065850E+01  3.443870E-02  2.030608E-03                                 111
 4.982500E+02  4.067914E+01  3.443870E-02  2.029563E-03                                 111
 4.985000E+02  4.069978E+01  3.443870E-02  2.028519E-03                                 111
 4.987500E+02  4.072042E+01  3.443870E-02  2.027477E-03                                 111
 4.990000E+02  4.074106E+01  3.443870E-02  2.026436E-03                                 111
 4.992500E+02  4.076170E+01  3.443870E-02  2.025395E-03                                 111
 4.995000E+02  4.078234E+01  3.443870E-02  2.024356E-03                                 111
 4.997500E+02  4.080298E+01  3.443870E-02  2.023318E-03                                 111
 5.000000E+02  4.082362E+01  3.443870E-02  2.022288E-03                                 111
