#         T/K          A/kJ          G/kJ
 2.500000E+02  1.009629E+02  1.009689E+02
 2.502500E+02  1.009159E+02  1.009219E+02
 2.505000E+02  1.008688E+02  1.008748E+02
 2.507500E+02  1.008218E+02  1.008278E+02
 2.510000E+02  1.007747E+02  1.007807E+02
 2.512500E+02  1.007275E+02  1.007335E+02
 2.515000E+02  1.006804E+02  1.006864E+02
 2.517500E+02  1.006332E+02  1.006392E+02
 2.520000E+02  1.005860E+02  1.005920E+02
 2.522500E+02  1.005387E+02  1.005447E+02
 2.525000E+02  1.004914E+02  1.004975E+02
 2.527500E+02  1.004441E+02  1.004502E+02
 2.530000E+02  1.003968E+02  1.004028E+02
 2.532500E+02  1.003494E+02  1.003555E+02
 2.535000E+02  1.003021E+02  1.003081E+02
 2.537500E+02  1.002546E+02  1.002607E+02
 2.540000E+02  1.002072E+02  1.002132E+02
 2.542500E+02  1.001597E+02  1.001657E+02
 2.545000E+02  1.001122E+02  1.001182E+02
 2.547500E+02  1.000647E+02  1.000707E+02
 2.550000E+02  1.000171E+02  1.000232E+02
 2.552500E+02  9.996955E+01  9.997557E+01
 2.555000E+02  9.992194E+01  9.992796E+01
 2.557500E+02  9.987429E+01  9.988032E+01
 2.560000E+02  9.982662E+01  9.983265E+01
 2.562500E+02  9.977893E+01  9.978495E+01
 2.565000E+02  9.973120E+01  9.973723E+01
 2.567500E+02  9.968345E+01  9.968947E+01
 2.570000E+02  9.963566E+01  9.964169E+01
 2.572500E+02  9.958785E+01  9.959388E+01
 2.575000E+02  9.954002E+01  9.954604E+01
 2.577500E+02  9.949215E+01  9.949818E+01
 2.580000E+02  9.944426E+01  9.945029E+01
 2.582500E+02  9.939634E+01  9.940237E+01
 2.585000E+02  9.934839E+01  9.935442E+01
 2.587500E+02  9.930041E+01  9.930644E+01
 2.590000E+02  9.925241E+01  9.925844E+01
 2.592500E+02  9.920437E+01  9.921041E+01
 2.595000E+02  9.915632E+01  9.916235E+01
 2.597500E+02  9.910823E+01  9.911426E+01
 2.600000E+02  9.906011E+01  9.906615E+01
 2.602500E+02  9.901197E+01  9.901801E+01
 2.605000E+02  9.896380E+01  9.896984E+01
 2.607500E+02  9.891561E+01  9.892164E+01
 2.610000E+02  9.886738E+01  9.887342E+01
 2.612500E+02  9.881913E+01  9.882517E+01
 2.615000E+02  9.877085E+01  9.877689E+01
 2.617500E+02  9.872254E+01  9.872858E+01
 2.620000E+02  9.867421E+01  9.868025E+01
 2.622500E+02  9.862585E+01  9.863189E+01
 2.625000E+02  9.857746E+01  9.858350E+01
 2.627500E+02  9.852905E+01  9.853509E+01
 2.630000E+02  9.848061E+01  9.848665E+01
 2.632500E+02  9.843214E+01  9.843818E+01
 2.635000E+02  9.838364E+01  9.838968E+01
 2.637500E+02  9.833512E+01  9.834116E+01
 2.640000E+02  9.828657E+01  9.829261E+01
 2.642500E+02  9.823799E+01  9.824404E+01
 2.645000E+02  9.818939E+01  9.819543E+01
 2.647500E+02  9.814076E+01  9.814680E+01
 2.650000E+02  9.809210E+01  9.809815E+01
 2.652500E+02  9.804341E+01  9.804946E+01
 2.655000E+02  9.799470E+01  9.800075E+01
 2.657500E+02  9.794597E+01  9.795201E+01
 2.660000E+02  9.789720E+01  9.790325E+01
 2.662500E+02  9.784841E+01  9.785446E+01
 2.665000E+02  9.779959E+01  9.780564E+01
 2.667500E+02  9.775075E+01  9.775680E+01
 2.670000E+02  9.770188E+01  9.770793E+01
 2.672500E+02  9.765298E+01  9.765903E+01
 2.675000E+02  9.760406E+01  9.761011E+01
 2.677500E+02  9.755511E+01  9.756116E+01
 2.680000E+02  9.750613E+01  9.751218E+01
 2.682500E+02  9.745713E+01  9.746318E+01
 2.685000E+02  9.740810E+01  9.741415E+01
 2.687500E+02  9.735904E+01  9.736510E+01
 2.690000E+02  9.730996E+01  9.731602E+01
 2.692500E+02  9.726085E+01  9.726691E+01
 2.695000E+02  9.721172E+01  9.721777E+01
 2.697500E+02  9.716256E+01  9.716861E+01
 2.700000E+02  9.711337E+01  9.711943E+01
 2.702500E+02  9.706416E+01  9.707022E+01
 2.705000E+02  9.701492E+01  9.702098E+01
 2.707500E+02  9.696565E+01  9.697171E+01
 2.710000E+02  9.691636E+01  9.692242E+01
 2.712500E+02  9.686705E+01  9.687311E+01
 2.715000E+02  9.681770E+01  9.682376E+01
 2.717500E+02  9.676833E+01  9.677440E+01
 2.720000E+02  9.671894E+01  9.672500E+01
 2.722500E+02  9.666952E+01  9.667558E+01
 2.725000E+02  9.662007E+01  9.662614E+01
 2.727500E+02  9.657060E+01  9.657667E+01
 2.730000E+02  9.652110E+01  9.652717E+01
 2.732500E+02  9.647158E+01  9.647765E+01
 2.735000E+02  9.642203E+01  9.642810E+01
 2.737500E+02  9.637246E+01  9.637852E+01
 2.740000E+02  9.632286E+01  9.632893E+01
 2.742500E+02  9.627323E+01  9.627930E+01
 2.745000E+02  9.622358E+01  9.622965E+01
 2.747500E+02  9.617390E+01  9.617997E+01
 2.750000E+02  9.612420E+01  9.613027E+01
 2.752500E+02  9.607448E+01  9.608055E+01
 2.755000E+02  9.602472E+01  9.603079E+01
 2.757500E+02  9.597494E+01  9.598102E+01
 2.760000E+02  9.592514E+01  9.593121E+01
 2.762500E+02  9.587531E+01  9.588138E+01
 2.765000E+02  9.582546E+01  9.583153E+01
 2.767500E+02  9.577558E+01  9.578165E+01
 2.770000E+02  9.572567E+01  9.573175E+01
 2.772500E+02  9.567574E+01  9.568182E+01
 2.775000E+02  9.562579E+01  9.563187E+01
 2.777500E+02  9.557581E+01  9.558189E+01
 2.780000E+02  9.552580E+01  9.553188E+01
 2.782500E+02  9.547577E+01  9.548185E+01
 2.785000E+02  9.542572E+01  9.543180E+01
 2.787500E+02  9.537564E+01  9.538172E+01
 2.790000E+02  9.532554E+01  9.533161E+01
 2.792500E+02  9.527541E+01  9.528149E+01
 2.795000E+02  9.522525E+01  9.523133E+01
 2.797500E+02  9.517507E+01  9.518115E+01
 2.800000E+02  9.512487E+01  9.513095E+01
 2.802500E+02  9.507464E+01  9.508072E+01
 2.805000E+02  9.502439E+01  9.503047E+01
 2.807500E+02  9.497411E+01  9.498019E+01
 2.810000E+02  9.492380E+01  9.492989E+01
 2.812500E+02  9.487348E+01  9.487956E+01
 2.815000E+02  9.482312E+01  9.482921E+01
 2.817500E+02  9.477275E+01  9.477883E+01
 2.820000E+02  9.472235E+01  9.472843E+01
 2.822500E+02  9.467192E+01  9.467801E+01
 2.825000E+02  9.462147E+01  9.462756E+01
 2.827500E+02  9.457099E+01  9.457708E+01
 2.830000E+02  9.452050E+01  9.452658E+01
 2.832500E+02  9.446997E+01  9.447606E+01
 2.835000E+02  9.441942E+01  9.442551E+01
 2.837500E+02  9.436885E+01  9.437494E+01
 2.840000E+02  9.431825E+01  9.432435E+01
 2.842500E+02  9.426763E+01  9.427373E+01
 2.845000E+02  9.421699E+01  9.422308E+01
 2.847500E+02  9.416632E+01  9.417241E+01
 2.850000E+02  9.411563E+01  9.412172E+01
 2.852500E+02  9.406491E+01  9.407100E+01
 2.855000E+02  9.401417E+01  9.402026E+01
 2.857500E+02  9.396340E+01  9.396950E+01
 2.860000E+02  9.391261E+01  9.391871E+01
 2.862500E+02  9.386180E+01  9.386789E+01
 2.865000E+02  9.381096E+01  9.381706E+01
 2.867500E+02  9.376010E+01  9.376619E+01
 2.870000E+02  9.370921E+01  9.371531E+01
 2.872500E+02  9.365830E+01  9.366440E+01
 2.875000E+02  9.360737E+01  9.361347E+01
 2.877500E+02  9.355641E+01  9.356251E+01
 2.880000E+02  9.350543E+01  9.351153E+01
 2.882500E+02  9.345442E+01  9.346052E+01
 2.885000E+02  9.340339E+01  9.340950E+01
 2.887500E+02  9.335234E+01  9.335844E+01
 2.890000E+02  9.330127E+01  9.330737E+01
 2.892500E+02  9.325017E+01  9.325627E+01
 2.895000E+02  9.319904E+01  9.320515E+01
 2.897500E+02  9.314790E+01  9.315400E+01
 2.900000E+02  9.309672E+01  9.310283E+01
 2.902500E+02  9.304553E+01  9.305164E+01
 2.905000E+02  9.299431E+01  9.300042E+01
 2.907500E+02  9.294307E+01  9.294918E+01
 2.910000E+02  9.289181E+01  9.289791E+01
 2.912500E+02  9.284052E+01  9.284663E+01
 2.915000E+02  9.278921E+01  9.279531E+01
 2.917500E+02  9.273787E+01  9.274398E+01
 2.920000E+02  9.268651E+01  9.269262E+01
 2.922500E+02  9.263513E+01  9.264124E+01
 2.925000E+02  9.258372E+01  9.258984E+01
 2.927500E+02  9.253230E+01  9.253841E+01
 2.930000E+02  9.248084E+01  9.248696E+01
 2.932500E+02  9.242937E+01  9.243548E+01
 2.935000E+02  9.237787E+01  9.238398E+01
 2.937500E+02  9.232635E+01  9.233246E+01
 2.940000E+02  9.227481E+01  9.228092E+01
 2.942500E+02  9.222324E+01  9.222935E+01
 2.945000E+02  9.217165E+01  9.217776E+01
 2.947500E+02  9.212003E+01  9.212615E+01
 2.950000E+02  9.206840E+01  9.207451E+01
 2.952500E+02  9.201674E+01  9.202285E+01
 2.955000E+02  9.196505E+01  9.197117E+01
 2.957500E+02  9.191335E+01  9.191947E+01
 2.960000E+02  9.186162E+01  9.186774E+01
 2.962500E+02  9.180987E+01  9.181599E+01
 2.965000E+02  9.175809E+01  9.176421E+01
 2.967500E+02  9.170629E+01  9.171242E+01
 2.970000E+02  9.165447E+01  9.166060E+01
 2.972500E+02  9.160263E+01  9.160875E+01
 2.975000E+02  9.155077E+01  9.155689E+01
 2.977500E+02  9.149888E+01  9.150500E+01
 2.980000E+02  9.144697E+01  9.145309E+01
 2.982500E+02  9.139503E+01  9.140116E+01
 2.985000E+02  9.134307E+01  9.134920E+01
 2.987500E+02  9.129109E+01  9.129722E+01
 2.990000E+02  9.123909E+01  9.124522E+01
 2.992500E+02  9.118707E+01  9.119319E+01
 2.995000E+02  9.113502E+01  9.114115E+01
 2.997500E+02  9.108295E+01  9.108908E+01
 3.000000E+02  9.103086E+01  9.103699E+01
 3.002500E+02  9.097874E+01  9.098487E+01
 3.005000E+02  9.092660E+01  9.093273E+01
 3.007500E+02  9.087444E+01  9.088057E+01
 3.010000E+02  9.082226E+01  9.082839E+01
 3.012500E+02  9.077006E+01  9.077619E+01
 3.015000E+02  9.071783E+01  9.072396E+01
 3.017500E+02  9.066558E+01  9.067171E+01
 3.020000E+02  9.061331E+01  9.061944E+01
 3.022500E+02  9.056101E+01  9.056715E+01
 3.025000E+02  9.050870E+01  9.051483E+01
 3.027500E+02  9.045636E+01  9.046249E+01
 3.030000E+02  9.040400E+01  9.041013E+01
 3.032500E+02  9.035161E+01  9.035775E+01
 3.035000E+02  9.029921E+01  9.030534E+01
 3.037500E+02  9.024678E+01  9.025292E+01
 3.040000E+02  9.019433E+01  9.020047E+01
 3.042500E+02  9.014186E+01  9.014799E+01
 3.045000E+02  9.008936E+01  9.009550E+01
 3.047500E+02  9.003685E+01  9.004298E+01
 3.050000E+02  8.998431E+01  8.999045E+01
 3.052500E+02  8.993175E+01  8.993789E+01
 3.055000E+02  8.987916E+01  8.988530E+01
 3.057500E+02  8.982656E+01  8.983270E+01
 3.060000E+02  8.977393E+01  8.978007E+01
 3.062500E+02  8.972128E+01  8.972743E+01
 3.065000E+02  8.966861E+01  8.967476E+01
 3.067500E+02  8.961592E+01  8.962206E+01
 3.070000E+02  8.956320E+01  8.956935E+01
 3.072500E+02  8.951047E+01  8.951661E+01
 3.075000E+02  8.945771E+01  8.946385E+01
 3.077500E+02  8.940493E+01  8.941108E+01
 3.080000E+02  8.935213E+01  8.935827E+01
 3.082500E+02  8.929930E+01  8.930545E+01
 3.085000E+02  8.924646E+01  8.925260E+01
 3.087500E+02  8.919359E+01  8.919974E+01
 3.090000E+02  8.914070E+01  8.914685E+01
 3.092500E+02  8.908779E+01  8.909394E+01
 3.095000E+02  8.903486E+01  8.904101E+01
 3.097500E+02  8.898190E+01  8.898805E+01
 3.100000E+02  8.892893E+01  8.893508E+01
 3.102500E+02  8.887593E+01  8.888208E+01
 3.105000E+02  8.882291E+01  8.882906E+01
 3.107500E+02  8.876987E+01  8.877602E+01
 3.110000E+02  8.871680E+01  8.872296E+01
 3.112500E+02  8.866372E+01  8.866987E+01
 3.115000E+02  8.861061E+01  8.861677E+01
 3.117500E+02  8.855749E+01  8.856364E+01
 3.120000E+02  8.850434E+01  8.851049E+01
 3.122500E+02  8.845117E+01  8.845732E+01
 3.125000E+02  8.839797E+01  8.840413E+01
 3.127500E+02  8.834476E+01  8.835092E+01
 3.130000E+02  8.829153E+01  8.829768E+01
 3.132500E+02  8.823827E+01  8.824443E+01
 3.135000E+02  8.818499E+01  8.819115E+01
 3.137500E+02  8.813169E+01  8.813785E+01
 3.140000E+02  8.807837E+01  8.808453E+01
 3.142500E+02  8.802503E+01  8.803119E+01
 3.145000E+02  8.797167E+01  8.797783E+01
 3.147500E+02  8.791828E+01  8.792445E+01
 3.150000E+02  8.786488E+01  8.787104E+01
 3.152500E+02  8.781145E+01  8.781761E+01
 3.155000E+02  8.775800E+01  8.776417E+01
 3.157500E+02  8.770453E+01  8.771070E+01
 3.160000E+02  8.765104E+01  8.765721E+01
 3.162500E+02  8.759753E+01  8.760369E+01
 3.165000E+02  8.754400E+01  8.755016E+01
 3.167500E+02  8.749044E+01  8.749661E+01
 3.170000E+02  8.743686E+01  8.744303E+01
 3.172500E+02  8.738327E+01  8.738944E+01
 3.175000E+02  8.732965E+01  8.733582E+01
 3.177500E+02  8.727601E+01  8.728218E+01
 3.180000E+02  8.722235E+01  8.722852E+01
 3.182500E+02  8.716867E+01  8.717484E+01
 3.185000E+02  8.711497E+01  8.712114E+01
 3.187500E+02  8.706124E+01  8.706741E+01
 3.190000E+02  8.700750E+01  8.701367E+01
 3.192500E+02  8.695373E+01  8.695991E+01
 3.195000E+02  8.689995E+01  8.690612E+01
 3.197500E+02  8.684614E+01  8.685231E+01
 3.200000E+02  8.679231E+01  8.679848E+01
 3.202500E+02  8.673846E+01  8.674464E+01
 3.205000E+02  8.668459E+01  8.669077E+01
 3.207500E+02  8.663070E+01  8.663687E+01
 3.210000E+02  8.657679E+01  8.658296E+01
 3.212500E+02  8.652285E+01  8.652903E+01
 3.215000E+02  8.646890E+01  8.647508E+01
 3.217500E+02  8.641492E+01  8.642110E+01
 3.220000E+02  8.636093E+01  8.636711E+01
 3.222500E+02  8.630691E+01  8.631309E+01
 3.225000E+02  8.625287E+01  8.625905E+01
 3.227500E+02  8.619881E+01  8.620500E+01
 3.230000E+02  8.614474E+01  8.615092E+01
 3.232500E+02  8.609064E+01  8.609682E+01
 3.235000E+02  8.603651E+01  8.604270E+01
 3.237500E+02  8.598237E+01  8.598856E+01
 3.240000E+02  8.592821E+01  8.593440E+01
 3.242500E+02  8.587403E+01  8.588021E+01
 3.245000E+02  8.581982E+01  8.582601E+01
 3.247500E+02  8.576560E+01  8.577179E+01
 3.250000E+02  8.571135E+01  8.571754E+01
 3.252500E+02  8.565709E+01  8.566328E+01
 3.255000E+02  8.560280E+01  8.560899E+01
 3.257500E+02  8.554850E+01  8.555468E+01
 3.260000E+02  8.549417E+01  8.550036E+01
 3.262500E+02  8.543982E+01  8.544601E+01
 3.265000E+02  8.538545E+01  8.539164E+01
 3.267500E+02  8.533106E+01  8.533725E+01
 3.270000E+02  8.527665E+01  8.528284E+01
 3.272500E+02  8.522222E+01  8.522841E+01
 3.275000E+02  8.516777E+01  8.517396E+01
 3.277500E+02  8.511330E+01  8.511949E+01
 3.280000E+02  8.505881E+01  8.506500E+01
 3.282500E+02  8.500429E+01  8.501049E+01
 3.285000E+02  8.494976E+01  8.495595E+01
 3.287500E+02  8.489521E+01  8.490140E+01
 3.290000E+02  8.484063E+01  8.484683E+01
 3.292500E+02  8.478604E+01  8.479223E+01
 3.295000E+02  8.473142E+01  8.473762E+01
 3.297500E+02  8.467679E+01  8.468298E+01
 3.300000E+02  8.462213E+01  8.462833E+01
 3.302500E+02  8.456745E+01  8.457365E+01
 3.305000E+02  8.451276E+01  8.451896E+01
 3.307500E+02  8.445804E+01  8.446424E+01
 3.310000E+02  8.440330E+01  8.440950E+01
 3.312500E+02  8.434854E+01  8.435474E+01
 3.315000E+02  8.429377E+01  8.429997E+01
 3.317500E+02  8.423897E+01  8.424517E+01
 3.320000E+02  8.418415E+01  8.419035E+01
 3.322500E+02  8.412931E+01  8.413551E+01
 3.325000E+02  8.407445E+01  8.408065E+01
 3.327500E+02  8.401957E+01  8.402577E+01
 3.330000E+02  8.396467E+01  8.397087E+01
 3.332500E+02  8.390975E+01  8.391595E+01
 3.335000E+02  8.385481E+01  8.386101E+01
 3.337500E+02  8.379985E+01  8.380605E+01
 3.340000E+02  8.374487E+01  8.375107E+01
 3.342500E+02  8.368986E+01  8.369607E+01
 3.345000E+02  8.363484E+01  8.364105E+01
 3.347500E+02  8.357980E+01  8.358601E+01
 3.350000E+02  8.352474E+01  8.353095E+01
 3.352500E+02  8.346966E+01  8.347587E+01
 3.355000E+02  8.341455E+01  8.342076E+01
 3.357500E+02  8.335943E+01  8.336564E+01
 3.360000E+02  8.330429E+01  8.331050E+01
 3.362500E+02  8.324913E+01  8.325534E+01
 3.365000E+02  8.319394E+01  8.320016E+01
 3.367500E+02  8.313874E+01  8.314495E+01
 3.370000E+02  8.308352E+01  8.308973E+01
 3.372500E+02  8.302827E+01  8.303449E+01
 3.375000E+02  8.297301E+01  8.297922E+01
 3.377500E+02  8.291773E+01  8.292394E+01
 3.380000E+02  8.286242E+01  8.286864E+01
 3.382500E+02  8.280710E+01  8.281332E+01
 3.385000E+02  8.275175E+01  8.275797E+01
 3.387500E+02  8.269639E+01  8.270261E+01
 3.390000E+02  8.264101E+01  8.264723E+01
 3.392500E+02  8.258560E+01  8.259182E+01
 3.395000E+02  8.253018E+01  8.253640E+01
 3.397500E+02  8.247474E+01  8.248096E+01
 3.400000E+02  8.241927E+01  8.242549E+01
 3.402500E+02  8.236379E+01  8.237001E+01
 3.405000E+02  8.230828E+01  8.231451E+01
 3.407500E+02  8.225276E+01  8.225898E+01
 3.410000E+02  8.219722E+01  8.220344E+01
 3.412500E+02  8.214165E+01  8.214788E+01
 3.415000E+02  8.208607E+01  8.209229E+01
 3.417500E+02  8.203047E+01  8.203669E+01
 3.420000E+02  8.197484E+01  8.198107E+01
 3.422500E+02  8.191920E+01  8.192543E+01
 3.425000E+02  8.186354E+01  8.186976E+01
 3.427500E+02  8.180785E+01  8.181408E+01
 3.430000E+02  8.175215E+01  8.175838E+01
 3.432500E+02  8.169643E+01  8.170266E+01
 3.435000E+02  8.164068E+01  8.164691E+01
 3.437500E+02  8.158492E+01  8.159115E+01
 3.440000E+02  8.152914E+01  8.153537E+01
 3.442500E+02  8.147334E+01  8.147957E+01
 3.445000E+02  8.141752E+01  8.142375E+01
 3.447500E+02  8.136167E+01  8.136791E+01
 3.450000E+02  8.130581E+01  8.131205E+01
 3.452500E+02  8.124993E+01  8.125616E+01
 3.455000E+02  8.119403E+01  8.120026E+01
 3.457500E+02  8.113811E+01  8.114434E+01
 3.460000E+02  8.108217E+01  8.108840E+01
 3.462500E+02  8.102621E+01  8.103244E+01
 3.465000E+02  8.097023E+01  8.097646E+01
 3.467500E+02  8.091423E+01  8.092046E+01
 3.470000E+02  8.085821E+01  8.086444E+01
 3.472500E+02  8.080217E+01  8.080841E+01
 3.475000E+02  8.074611E+01  8.075235E+01
 3.477500E+02  8.069003E+01  8.069627E+01
 3.480000E+02  8.063393E+01  8.064017E+01
 3.482500E+02  8.057781E+01  8.058405E+01
 3.485000E+02  8.052167E+01  8.052791E+01
 3.487500E+02  8.046551E+01  8.047176E+01
 3.490000E+02  8.040934E+01  8.041558E+01
 3.492500E+02  8.035314E+01  8.035938E+01
 3.495000E+02  8.029692E+01  8.030317E+01
 3.497500E+02  8.024069E+01  8.024693E+01
 3.500000E+02  8.018443E+01  8.019068E+01
 3.502500E+02  8.012815E+01  8.013440E+01
 3.505000E+02  8.007186E+01  8.007811E+01
 3.507500E+02  8.001554E+01  8.002179E+01
 3.510000E+02  7.995921E+01  7.996546E+01
 3.512500E+02  7.990285E+01  7.990910E+01
 3.515000E+02  7.984648E+01  7.985273E+01
 3.517500E+02  7.979009E+01  7.979634E+01
 3.520000E+02  7.973367E+01  7.973992E+01
 3.522500E+02  7.967724E+01  7.968349E+01
 3.525000E+02  7.962079E+01  7.962704E+01
 3.527500E+02  7.956432E+01  7.957057E+01
 3.530000E+02  7.950783E+01  7.951408E+01
 3.532500E+02  7.945131E+01  7.945757E+01
 3.535000E+02  7.939478E+01  7.940104E+01
 3.537500E+02  7.933823E+01  7.934449E+01
 3.540000E+02  7.928166E+01  7.928792E+01
 3.542500E+02  7.922507E+01  7.923133E+01
 3.545000E+02  7.916847E+01  7.917472E+01
 3.547500E+02  7.911184E+01  7.911809E+01
 3.550000E+02  7.905519E+01  7.906145E+01
 3.552500E+02  7.899852E+01  7.900478E+01
 3.555000E+02  7.894184E+01  7.894809E+01
 3.557500E+02  7.888513E+01  7.889139E+01
 3.560000E+02  7.882840E+01  7.883466E+01
 3.562500E+02  7.877166E+01  7.877792E+01
 3.565000E+02  7.871489E+01  7.872116E+01
 3.567500E+02  7.865811E+01  7.866437E+01
 3.570000E+02  7.860131E+01  7.860757E+01
 3.572500E+02  7.854448E+01  7.855075E+01
 3.575000E+02  7.848764E+01  7.849390E+01
 3.577500E+02  7.843078E+01  7.843704E+01
 3.580000E+02  7.837390E+01  7.838016E+01
 3.582500E+02  7.831700E+01  7.832326E+01
 3.585000E+02  7.826008E+01  7.826634E+01
 3.587500E+02  7.820314E+01  7.820940E+01
 3.590000E+02  7.814618E+01  7.815245E+01
 3.592500E+02  7.808920E+01  7.809547E+01
 3.595000E+02  7.803220E+01  7.803847E+01
 3.597500E+02  7.797519E+01  7.798145E+01
 3.600000E+02  7.791815E+01  7.792442E+01
 3.602500E+02  7.786109E+01  7.786736E+01
 3.605000E+02  7.780402E+01  7.781029E+01
 3.607500E+02  7.774692E+01  7.775319E+01
 3.610000E+02  7.768981E+01  7.769608E+01
 3.612500E+02  7.763268E+01  7.763895E+01
 3.615000E+02  7.757552E+01  7.758180E+01
 3.617500E+02  7.751835E+01  7.752463E+01
 3.620000E+02  7.746116E+01  7.746743E+01
 3.622500E+02  7.740395E+01  7.741022E+01
 3.625000E+02  7.734672E+01  7.735300E+01
 3.627500E+02  7.728947E+01  7.729575E+01
 3.630000E+02  7.723220E+01  7.723848E+01
 3.632500E+02  7.717491E+01  7.718119E+01
 3.635000E+02  7.711761E+01  7.712389E+01
 3.637500E+02  7.706028E+01  7.706656E+01
 3.640000E+02  7.700293E+01  7.700921E+01
 3.642500E+02  7.694557E+01  7.695185E+01
 3.645000E+02  7.688819E+01  7.689447E+01
 3.647500E+02  7.683078E+01  7.683706E+01
 3.650000E+02  7.677336E+01  7.677964E+01
 3.652500E+02  7.671592E+01  7.672220E+01
 3.655000E+02  7.665846E+01  7.666474E+01
 3.657500E+02  7.660097E+01  7.660726E+01
 3.660000E+02  7.654348E+01  7.654976E+01
 3.662500E+02  7.648596E+01  7.649224E+01
 3.665000E+02  7.642842E+01  7.643470E+01
 3.667500E+02  7.637086E+01  7.637715E+01
 3.670000E+02  7.631328E+01  7.631957E+01
 3.672500E+02  7.625569E+01  7.626198E+01
 3.675000E+02  7.619807E+01  7.620436E+01
 3.677500E+02  7.614044E+01  7.614673E+01
 3.680000E+02  7.608279E+01  7.608907E+01
 3.682500E+02  7.602511E+01  7.603140E+01
 3.685000E+02  7.596742E+01  7.597371E+01
 3.687500E+02  7.590971E+01  7.591600E+01
 3.690000E+02  7.585198E+01  7.585827E+01
 3.692500E+02  7.579423E+01  7.580052E+01
 3.695000E+02  7.573646E+01  7.574275E+01
 3.697500E+02  7.567867E+01  7.568497E+01
 3.700000E+02  7.562087E+01  7.562716E+01
 3.702500E+02  7.556304E+01  7.556934E+01
 3.705000E+02  7.550520E+01  7.551149E+01
 3.707500E+02  7.544733E+01  7.545363E+01
 3.710000E+02  7.538945E+01  7.539575E+01
 3.712500E+02  7.533155E+01  7.533784E+01
 3.715000E+02  7.527362E+01  7.527992E+01
 3.717500E+02  7.521568E+01  7.522198E+01
 3.720000E+02  7.515772E+01  7.516402E+01
 3.722500E+02  7.509975E+01  7.510605E+01
 3.725000E+02  7.504175E+01  7.504805E+01
 3.727500E+02  7.498373E+01  7.499003E+01
 3.730000E+02  7.492569E+01  7.493200E+01
 3.732500E+02  7.486764E+01  7.487394E+01
 3.735000E+02  7.480956E+01  7.481587E+01
 3.737500E+02  7.475147E+01  7.475778E+01
 3.740000E+02  7.469336E+01  7.469966E+01
 3.742500E+02  7.463523E+01  7.464153E+01
 3.745000E+02  7.457708E+01  7.458338E+01
 3.747500E+02  7.451891E+01  7.452521E+01
 3.750000E+02  7.446072E+01  7.446703E+01
 3.752500E+02  7.440251E+01  7.440882E+01
 3.755000E+02  7.434428E+01  7.435059E+01
 3.757500E+02  7.428604E+01  7.429235E+01
 3.760000E+02  7.422777E+01  7.423408E+01
 3.762500E+02  7.416949E+01  7.417580E+01
 3.765000E+02  7.411119E+01  7.411750E+01
 3.767500E+02  7.405287E+01  7.405918E+01
 3.770000E+02  7.399452E+01  7.400084E+01
 3.772500E+02  7.393616E+01  7.394248E+01
 3.775000E+02  7.387779E+01  7.388410E+01
 3.777500E+02  7.381939E+01  7.382570E+01
 3.780000E+02  7.376097E+01  7.376729E+01
 3.782500E+02  7.370254E+01  7.370885E+01
 3.785000E+02  7.364408E+01  7.365040E+01
 3.787500E+02  7.358561E+01  7.359192E+01
 3.790000E+02  7.352712E+01  7.353343E+01
 3.792500E+02  7.346860E+01  7.347492E+01
 3.795000E+02  7.341007E+01  7.341639E+01
 3.797500E+02  7.335152E+01  7.335784E+01
 3.800000E+02  7.329296E+01  7.329928E+01
 3.802500E+02  7.323437E+01  7.324069E+01
 3.805000E+02  7.317576E+01  7.318208E+01
 3.807500E+02  7.311714E+01  7.312346E+01
 3.810000E+02  7.305849E+01  7.306482E+01
 3.812500E+02  7.299983E+01  7.300615E+01
 3.815000E+02  7.294115E+01  7.294747E+01
 3.817500E+02  7.288245E+01  7.288877E+01
 3.820000E+02  7.282373E+01  7.283005E+01
 3.822500E+02  7.276499E+01  7.277132E+01
 3.825000E+02  7.270623E+01  7.271256E+01
 3.827500E+02  7.264746E+01  7.265378E+01
 3.830000E+02  7.258866E+01  7.259499E+01
 3.832500E+02  7.252985E+01  7.253617E+01
 3.835000E+02  7.247101E+01  7.247734E+01
 3.837500E+02  7.241216E+01  7.241849E+01
 3.840000E+02  7.235329E+01  7.235962E+01
 3.842500E+02  7.229440E+01  7.230073E+01
 3.845000E+02  7.223549E+01  7.224182E+01
 3.847500E+02  7.217657E+01  7.218290E+01
 3.850000E+02  7.211762E+01  7.212395E+01
 3.852500E+02  7.205865E+01  7.206499E+01
 3.855000E+02  7.199967E+01  7.200601E+01
 3.857500E+02  7.194067E+01  7.194700E+01
 3.860000E+02  7.188165E+01  7.188798E+01
 3.862500E+02  7.182261E+01  7.182894E+01
 3.865000E+02  7.176355E+01  7.176989E+01
 3.867500E+02  7.170447E+01  7.171081E+01
 3.870000E+02  7.164537E+01  7.165171E+01
 3.872500E+02  7.158626E+01  7.159260E+01
 3.875000E+02  7.152713E+01  7.153347E+01
 3.877500E+02  7.146797E+01  7.147431E+01
 3.880000E+02  7.140880E+01  7.141514E+01
 3.882500E+02  7.134961E+01  7.135595E+01
 3.885000E+02  7.129040E+01  7.129674E+01
 3.887500E+02  7.123117E+01  7.123752E+01
 3.890000E+02  7.117193E+01  7.117827E+01
 3.892500E+02  7.111266E+01  7.111901E+01
 3.895000E+02  7.105338E+01  7.105972E+01
 3.897500E+02  7.099407E+01  7.100042E+01
 3.900000E+02  7.093475E+01  7.094110E+01
 3.902500E+02  7.087541E+01  7.088176E+01
 3.905000E+02  7.081605E+01  7.082240E+01
 3.907500E+02  7.075668E+01  7.076302E+01
 3.910000E+02  7.069728E+01  7.070363E+01
 3.912500E+02  7.063786E+01  7.064421E+01
 3.915000E+02  7.057843E+01  7.058478E+01
 3.917500E+02  7.051898E+01  7.052533E+01
 3.920000E+02  7.045951E+01  7.046586E+01
 3.922500E+02  7.040002E+01  7.040637E+01
 3.925000E+02  7.034051E+01  7.034686E+01
 3.927500E+02  7.028098E+01  7.028734E+01
 3.930000E+02  7.022144E+01  7.022779E+01
 3.932500E+02  7.016187E+01  7.016823E+01
 3.935000E+02  7.010229E+01  7.010864E+01
 3.937500E+02  7.004269E+01  7.004904E+01
 3.940000E+02  6.998307E+01  6.998942E+01
 3.942500E+02  6.992343E+01  6.992978E+01
 3.945000E+02  6.986377E+01  6.987013E+01
 3.947500E+02  6.980409E+01  6.981045E+01
 3.950000E+02  6.974440E+01  6.975076E+01
 3.952500E+02  6.968468E+01  6.969104E+01
 3.955000E+02  6.962495E+01  6.963131E+01
 3.957500E+02  6.956520E+01  6.957156E+01
 3.960000E+02  6.950543E+01  6.951179E+01
 3.962500E+02  6.944564E+01  6.945201E+01
 3.965000E+02  6.938584E+01  6.939220E+01
 3.967500E+02  6.932601E+01  6.933238E+01
 3.970000E+02  6.926617E+01  6.927253E+01
 3.972500E+02  6.920631E+01  6.921267E+01
 3.975000E+02  6.914642E+01  6.915279E+01
 3.977500E+02  6.908653E+01  6.909289E+01
 3.980000E+02  6.902661E+01  6.903298E+01
 3.982500E+02  6.896667E+01  6.897304E+01
 3.985000E+02  6.890672E+01  6.891309E+01
 3.987500E+02  6.884674E+01  6.885311E+01
 3.990000E+02  6.878675E+01  6.879312E+01
 3.992500E+02  6.872674E+01  6.873311E+01
 3.995000E+02  6.866671E+01  6.867308E+01
 3.997500E+02  6.860666E+01  6.861304E+01
 4.000000E+02  6.854660E+01  6.855297E+01
 4.002500E+02  6.848651E+01  6.849289E+01
 4.005000E+02  6.842641E+01  6.843278E+01
 4.007500E+02  6.836629E+01  6.837266E+01
 4.010000E+02  6.830615E+01  6.831252E+01
 4.012500E+02  6.824599E+01  6.825237E+01
 4.015000E+02  6.818581E+01  6.819219E+01
 4.017500E+02  6.812562E+01  6.813199E+01
 4.020000E+02  6.806540E+01  6.807178E+01
 4.022500E+02  6.800517E+01  6.801155E+01
 4.025000E+02  6.794492E+01  6.795130E+01
 4.027500E+02  6.788465E+01  6.789103E+01
 4.030000E+02  6.782436E+01  6.783074E+01
 4.032500E+02  6.776405E+01  6.777044E+01
 4.035000E+02  6.770373E+01  6.771011E+01
 4.037500E+02  6.764339E+01  6.764977E+01
 4.040000E+02  6.758302E+01  6.758941E+01
 4.042500E+02  6.752264E+01  6.752903E+01
 4.045000E+02  6.746225E+01  6.746863E+01
 4.047500E+02  6.740183E+01  6.740822E+01
 4.050000E+02  6.734139E+01  6.734778E+01
 4.052500E+02  6.728094E+01  6.728733E+01
 4.055000E+02  6.722047E+01  6.722686E+01
 4.057500E+02  6.715998E+01  6.716637E+01
 4.060000E+02  6.709947E+01  6.710586E+01
 4.062500E+02  6.703894E+01  6.704533E+01
 4.065000E+02  6.697840E+01  6.698479E+01
 4.067500E+02  6.691783E+01  6.692423E+01
 4.070000E+02  6.685725E+01  6.686364E+01
 4.072500E+02  6.679665E+01  6.680304E+01
 4.075000E+02  6.673603E+01  6.674243E+01
 4.077500E+02  6.667540E+01  6.668179E+01
 4.080000E+02  6.661474E+01  6.662114E+01
 4.082500E+02  6.655407E+01  6.656046E+01
 4.085000E+02  6.649337E+01  6.649977E+01
 4.087500E+02  6.643266E+01  6.643906E+01
 4.090000E+02  6.637193E+01  6.637833E+01
 4.092500E+02  6.631119E+01  6.631759E+01
 4.095000E+02  6.625042E+01  6.625682E+01
 4.097500E+02  6.618964E+01  6.619604E+01
 4.100000E+02  6.612884E+01  6.613524E+01
 4.102500E+02  6.606802E+01  6.607442E+01
 4.105000E+02  6.600718E+01  6.601358E+01
 4.107500E+02  6.594632E+01  6.595273E+01
 4.110000E+02  6.588545E+01  6.589185E+01
 4.112500E+02  6.582455E+01  6.583096E+01
 4.115000E+02  6.576364E+01  6.577005E+01
 4.117500E+02  6.570271E+01  6.570912E+01
 4.120000E+02  6.564177E+01  6.564817E+01
 4.122500E+02  6.558080E+01  6.558721E+01
 4.125000E+02  6.551982E+01  6.552623E+01
 4.127500E+02  6.545881E+01  6.546522E+01
 4.130000E+02  6.539779E+01  6.540420E+01
 4.132500E+02  6.533676E+01  6.534317E+01
 4.135000E+02  6.527570E+01  6.528211E+01
 4.137500E+02  6.521462E+01  6.522104E+01
 4.140000E+02  6.515353E+01  6.515994E+01
 4.142500E+02  6.509242E+01  6.509883E+01
 4.145000E+02  6.503129E+01  6.503770E+01
 4.147500E+02  6.497014E+01  6.497656E+01
 4.150000E+02  6.490898E+01  6.491539E+01
 4.152500E+02  6.484779E+01  6.485421E+01
 4.155000E+02  6.478659E+01  6.479301E+01
 4.157500E+02  6.472537E+01  6.473179E+01
 4.160000E+02  6.466413E+01  6.467055E+01
 4.162500E+02  6.460287E+01  6.460929E+01
 4.165000E+02  6.454160E+01  6.454802E+01
 4.167500E+02  6.448031E+01  6.448673E+01
 4.170000E+02  6.441900E+01  6.442542E+01
 4.172500E+02  6.435767E+01  6.436409E+01
 4.175000E+02  6.429632E+01  6.430274E+01
 4.177500E+02  6.423496E+01  6.424138E+01
 4.180000E+02  6.417357E+01  6.418000E+01
 4.182500E+02  6.411217E+01  6.411860E+01
 4.185000E+02  6.405075E+01  6.405718E+01
 4.187500E+02  6.398931E+01  6.399574E+01
 4.190000E+02  6.392786E+01  6.393429E+01
 4.192500E+02  6.386639E+01  6.387281E+01
 4.195000E+02  6.380489E+01  6.381132E+01
 4.197500E+02  6.374339E+01  6.374982E+01
 4.200000E+02  6.368186E+01  6.368829E+01
 4.202500E+02  6.362031E+01  6.362674E+01
 4.205000E+02  6.355875E+01  6.356518E+01
 4.207500E+02  6.349717E+01  6.350360E+01
 4.210000E+02  6.343557E+01  6.344200E+01
 4.212500E+02  6.337395E+01  6.338039E+01
 4.215000E+02  6.331232E+01  6.331875E+01
 4.217500E+02  6.325066E+01  6.325710E+01
 4.220000E+02  6.318899E+01  6.319543E+01
 4.222500E+02  6.312730E+01  6.313374E+01
 4.225000E+02  6.306560E+01  6.307203E+01
 4.227500E+02  6.300387E+01  6.301031E+01
 4.230000E+02  6.294213E+01  6.294857E+01
 4.232500E+02  6.288037E+01  6.288681E+01
 4.235000E+02  6.281859E+01  6.282503E+01
 4.237500E+02  6.275679E+01  6.276323E+01
 4.240000E+02  6.269498E+01  6.270142E+01
 4.242500E+02  6.263314E+01  6.263959E+01
 4.245000E+02  6.257129E+01  6.257774E+01
 4.247500E+02  6.250942E+01  6.251587E+01
 4.250000E+02  6.244754E+01  6.245398E+01
 4.252500E+02  6.238563E+01  6.239208E+01
 4.255000E+02  6.232371E+01  6.233016E+01
 4.257500E+02  6.226177E+01  6.226822E+01
 4.260000E+02  6.219982E+01  6.220626E+01
 4.262500E+02  6.213784E+01  6.214429E+01
 4.265000E+02  6.207585E+01  6.208230E+01
 4.267500E+02  6.201384E+01  6.202029E+01
 4.270000E+02  6.195181E+01  6.195826E+01
 4.272500E+02  6.188976E+01  6.189621E+01
 4.275000E+02  6.182770E+01  6.183415E+01
 4.277500E+02  6.176561E+01  6.177207E+01
 4.280000E+02  6.170351E+01  6.170997E+01
 4.282500E+02  6.164139E+01  6.164785E+01
 4.285000E+02  6.157926E+01  6.158571E+01
 4.287500E+02  6.151711E+01  6.152356E+01
 4.290000E+02  6.145493E+01  6.146139E+01
 4.292500E+02  6.139275E+01  6.139920E+01
 4.295000E+02  6.133054E+01  6.133700E+01
 4.297500E+02  6.126831E+01  6.127477E+01
 4.300000E+02  6.120607E+01  6.121253E+01
 4.302500E+02  6.114381E+01  6.115027E+01
 4.305000E+02  6.108153E+01  6.108800E+01
 4.307500E+02  6.101924E+01  6.102570E+01
 4.310000E+02  6.095693E+01  6.096339E+01
 4.312500E+02  6.089459E+01  6.090106E+01
 4.315000E+02  6.083225E+01  6.083871E+01
 4.317500E+02  6.076988E+01  6.077635E+01
 4.320000E+02  6.070750E+01  6.071396E+01
 4.322500E+02  6.064509E+01  6.065156E+01
 4.325000E+02  6.058268E+01  6.058914E+01
 4.327500E+02  6.052024E+01  6.052671E+01
 4.330000E+02  6.045778E+01  6.046425E+01
 4.332500E+02  6.039531E+01  6.040178E+01
 4.335000E+02  6.033282E+01  6.033929E+01
 4.337500E+02  6.027031E+01  6.027679E+01
 4.340000E+02  6.020779E+01  6.021426E+01
 4.342500E+02  6.014525E+01  6.015172E+01
 4.345000E+02  6.008269E+01  6.008916E+01
 4.347500E+02  6.002011E+01  6.002658E+01
 4.350000E+02  5.995751E+01  5.996399E+01
 4.352500E+02  5.989490E+01  5.990138E+01
 4.355000E+02  5.983227E+01  5.983875E+01
 4.357500E+02  5.976962E+01  5.977610E+01
 4.360000E+02  5.970696E+01  5.971343E+01
 4.362500E+02  5.964427E+01  5.965075E+01
 4.365000E+02  5.958157E+01  5.958805E+01
 4.367500E+02  5.951885E+01  5.952533E+01
 4.370000E+02  5.945612E+01  5.946260E+01
 4.372500E+02  5.939336E+01  5.939985E+01
 4.375000E+02  5.933059E+01  5.933708E+01
 4.377500E+02  5.926780E+01  5.927429E+01
 4.380000E+02  5.920500E+01  5.921148E+01
 4.382500E+02  5.914218E+01  5.914866E+01
 4.385000E+02  5.907933E+01  5.908582E+01
 4.387500E+02  5.901648E+01  5.902296E+01
 4.390000E+02  5.895360E+01  5.896009E+01
 4.392500E+02  5.889071E+01  5.889719E+01
 4.395000E+02  5.882780E+01  5.883428E+01
 4.397500E+02  5.876487E+01  5.877136E+01
 4.400000E+02  5.870192E+01  5.870841E+01
 4.402500E+02  5.863896E+01  5.864545E+01
 4.405000E+02  5.857598E+01  5.858247E+01
 4.407500E+02  5.851298E+01  5.851947E+01
 4.410000E+02  5.844996E+01  5.845646E+01
 4.412500E+02  5.838693E+01  5.839343E+01
 4.415000E+02  5.832388E+01  5.833038E+01
 4.417500E+02  5.826081E+01  5.826731E+01
 4.420000E+02  5.819773E+01  5.820423E+01
 4.422500E+02  5.813463E+01  5.814112E+01
 4.425000E+02  5.807151E+01  5.807800E+01
 4.427500E+02  5.800837E+01  5.801487E+01
 4.430000E+02  5.794522E+01  5.795171E+01
 4.432500E+02  5.788204E+01  5.788854E+01
 4.435000E+02  5.781885E+01  5.782536E+01
 4.437500E+02  5.775565E+01  5.776215E+01
 4.440000E+02  5.769242E+01  5.769893E+01
 4.442500E+02  5.762918E+01  5.763569E+01
 4.445000E+02  5.756592E+01  5.757243E+01
 4.447500E+02  5.750265E+01  5.750915E+01
 4.450000E+02  5.743936E+01  5.744586E+01
 4.452500E+02  5.737605E+01  5.738255E+01
 4.455000E+02  5.731272E+01  5.731922E+01
 4.457500E+02  5.724937E+01  5.725588E+01
 4.460000E+02  5.718601E+01  5.719252E+01
 4.462500E+02  5.712263E+01  5.712914E+01
 4.465000E+02  5.705923E+01  5.706574E+01
 4.467500E+02  5.699582E+01  5.700233E+01
 4.470000E+02  5.693239E+01  5.693890E+01
 4.472500E+02  5.686894E+01  5.687545E+01
 4.475000E+02  5.680548E+01  5.681199E+01
 4.477500E+02  5.674199E+01  5.674851E+01
 4.480000E+02  5.667849E+01  5.668501E+01
 4.482500E+02  5.661498E+01  5.662149E+01
 4.485000E+02  5.655144E+01  5.655796E+01
 4.487500E+02  5.648789E+01  5.649441E+01
 4.490000E+02  5.642432E+01  5.643084E+01
 4.492500E+02  5.636074E+01  5.636725E+01
 4.495000E+02  5.629713E+01  5.630365E+01
 4.497500E+02  5.623351E+01  5.624003E+01
 4.500000E+02  5.616987E+01  5.617640E+01
 4.502500E+02  5.610622E+01  5.611274E+01
 4.505000E+02  5.604255E+01  5.604907E+01
 4.507500E+02  5.597886E+01  5.598538E+01
 4.510000E+02  5.591515E+01  5.592168E+01
 4.512500E+02  5.585143E+01  5.585796E+01
 4.515000E+02  5.578769E+01  5.579422E+01
 4.517500E+02  5.572393E+01  5.573046E+01
 4.520000E+02  5.566016E+01  5.566669E+01
 4.522500E+02  5.559637E+01  5.560290E+01
 4.525000E+02  5.553256E+01  5.553909E+01
 4.527500E+02  5.174802E+01  5.546977E+01
 4.530000E+02  5.166375E+01  5.538760E+01
 4.532500E+02  5.157946E+01  5.530542E+01
 4.535000E+02  5.149516E+01  5.522323E+01
 4.537500E+02  5.141085E+01  5.514102E+01
 4.540000E+02  5.132652E+01  5.505880E+01
 4.542500E+02  5.124217E+01  5.497656E+01
 4.545000E+02  5.115782E+01  5.489431E+01
 4.547500E+02  5.107345E+01  5.481205E+01
 4.550000E+02  5.098906E+01  5.472977E+01
 4.552500E+02  5.090466E+01  5.464748E+01
 4.555000E+02  5.082025E+01  5.456517E+01
 4.557500E+02  5.073582E+01  5.448285E+01
 4.560000E+02  5.065138E+01  5.440051E+01
 4.562500E+02  5.056693E+01  5.431816E+01
 4.565000E+02  5.048246E+01  5.423580E+01
 4.567500E+02  5.039797E+01  5.415342E+01
 4.570000E+02  5.031348E+01  5.407103E+01
 4.572500E+02  5.022896E+01  5.398862E+01
 4.575000E+02  5.014444E+01  5.390620E+01
 4.577500E+02  5.005990E+01  5.382377E+01
 4.580000E+02  4.997534E+01  5.374132E+01
 4.582500E+02  4.989077E+01  5.365886E+01
 4.585000E+02  4.980619E+01  5.357638E+01
 4.587500E+02  4.972160E+01  5.349389E+01
 4.590000E+02  4.963699E+01  5.341139E+01
 4.592500E+02  4.955236E+01  5.332887E+01
 4.595000E+02  4.946772E+01  5.324633E+01
 4.597500E+02  4.938307E+01  5.316379E+01
 4.600000E+02  4.929840E+01  5.308122E+01
 4.602500E+02  4.921372E+01  5.299865E+01
 4.605000E+02  4.912903E+01  5.291606E+01
 4.607500E+02  4.904432E+01  5.283346E+01
 4.610000E+02  4.895959E+01  5.275084E+01
 4.612500E+02  4.887486E+01  5.266821E+01
 4.615000E+02  4.879011E+01  5.258556E+01
 4.617500E+02  4.870534E+01  5.250290E+01
 4.620000E+02  4.862056E+01  5.242023E+01
 4.622500E+02  4.853577E+01  5.233754E+01
 4.625000E+02  4.845096E+01  5.225484E+01
 4.627500E+02  4.836614E+01  5.217212E+01
 4.630000E+02  4.828130E+01  5.208939E+01
 4.632500E+02  4.819645E+01  5.200664E+01
 4.635000E+02  4.811159E+01  5.192389E+01
 4.637500E+02  4.802671E+01  5.184111E+01
 4.640000E+02  4.794182E+01  5.175833E+01
 4.642500E+02  4.785691E+01  5.167553E+01
 4.645000E+02  4.777199E+01  5.159271E+01
 4.647500E+02  4.768706E+01  5.150988E+01
 4.650000E+02  4.760211E+01  5.142704E+01
 4.652500E+02  4.751715E+01  5.134418E+01
 4.655000E+02  4.743218E+01  5.126131E+01
 4.657500E+02  4.734719E+01  5.117843E+01
 4.660000E+02  4.726218E+01  5.109553E+01
 4.662500E+02  4.717716E+01  5.101261E+01
 4.665000E+02  4.709213E+01  5.092969E+01
 4.667500E+02  4.700709E+01  5.084675E+01
 4.670000E+02  4.692203E+01  5.076379E+01
 4.672500E+02  4.683695E+01  5.068082E+01
 4.675000E+02  4.675187E+01  5.059784E+01
 4.677500E+02  4.666676E+01  5.051484E+01
 4.680000E+02  4.658165E+01  5.043183E+01
 4.682500E+02  4.649652E+01  5.034881E+01
 4.685000E+02  4.641138E+01  5.026577E+01
 4.687500E+02  4.632622E+01  5.018271E+01
 4.690000E+02  4.624105E+01  5.009965E+01
 4.692500E+02  4.615586E+01  5.001657E+01
 4.695000E+02  4.607066E+01  4.993347E+01
 4.697500E+02  4.598545E+01  4.985036E+01
 4.700000E+02  4.590022E+01  4.976724E+01
 4.702500E+02  4.581498E+01  4.968410E+01
 4.705000E+02  4.572973E+01  4.960095E+01
 4.707500E+02  4.564446E+01  4.951779E+01
 4.710000E+02  4.555917E+01  4.943461E+01
 4.712500E+02  4.547388E+01  4.935142E+01
 4.715000E+02  4.538857E+01  4.926821E+01
 4.717500E+02  4.530324E+01  4.918499E+01
 4.720000E+02  4.521790E+01  4.910175E+01
 4.722500E+02  4.513255E+01  4.901850E+01
 4.725000E+02  4.504718E+01  4.893524E+01
 4.727500E+02  4.496180E+01  4.885197E+01
 4.730000E+02  4.487641E+01  4.876868E+01
 4.732500E+02  4.479100E+01  4.868537E+01
 4.735000E+02  4.470558E+01  4.860205E+01
 4.737500E+02  4.462014E+01  4.851872E+01
 4.740000E+02  4.453469E+01  4.843537E+01
 4.742500E+02  4.444923E+01  4.835201E+01
 4.745000E+02  4.436375E+01  4.826864E+01
 4.747500E+02  4.427826E+01  4.818525E+01
 4.750000E+02  4.419275E+01  4.810185E+01
 4.752500E+02  4.410723E+01  4.801844E+01
 4.755000E+02  4.402170E+01  4.793501E+01
 4.757500E+02  4.393615E+01  4.785156E+01
 4.760000E+02  4.385059E+01  4.776810E+01
 4.762500E+02  4.376502E+01  4.768463E+01
 4.765000E+02  4.367943E+01  4.760115E+01
 4.767500E+02  4.359383E+01  4.751765E+01
 4.770000E+02  4.350821E+01  4.743414E+01
 4.772500E+02  4.342258E+01  4.735061E+01
 4.775000E+02  4.333694E+01  4.726707E+01
 4.777500E+02  4.325128E+01  4.718351E+01
 4.780000E+02  4.316561E+01  4.709995E+01
 4.782500E+02  4.307992E+01  4.701636E+01
 4.785000E+02  4.299422E+01  4.693277E+01
 4.787500E+02  4.290851E+01  4.684916E+01
 4.790000E+02  4.282278E+01  4.676553E+01
 4.792500E+02  4.273704E+01  4.668190E+01
 4.795000E+02  4.265128E+01  4.659824E+01
 4.797500E+02  4.256552E+01  4.651458E+01
 4.800000E+02  4.247973E+01  4.643090E+01
 4.802500E+02  4.239394E+01  4.634721E+01
 4.805000E+02  4.230813E+01  4.626350E+01
 4.807500E+02  4.222230E+01  4.617978E+01
 4.810000E+02  4.213646E+01  4.609604E+01
 4.812500E+02  4.205061E+01  4.601230E+01
 4.815000E+02  4.196475E+01  4.592853E+01
 4.817500E+02  4.187887E+01  4.584476E+01
 4.820000E+02  4.179298E+01  4.576097E+01
 4.822500E+02  4.170707E+01  4.567716E+01
 4.825000E+02  4.162115E+01  4.559335E+01
 4.827500E+02  4.153521E+01  4.550951E+01
 4.830000E+02  4.144927E+01  4.542567E+01
 4.832500E+02  4.136330E+01  4.534181E+01
 4.835000E+02  4.127733E+01  4.525794E+01
 4.837500E+02  4.119134E+01  4.517405E+01
 4.840000E+02  4.110534E+01  4.509015E+01
 4.842500E+02  4.101932E+01  4.500624E+01
 4.845000E+02  4.093329E+01  4.492231E+01
 4.847500E+02  4.084724E+01  4.483837E+01
 4.850000E+02  4.076119E+01  4.475441E+01
 4.852500E+02  4.067511E+01  4.467044E+01
 4.855000E+02  4.058903E+01  4.458646E+01
 4.857500E+02  4.050293E+01  4.450246E+01
 4.860000E+02  4.041682E+01  4.441845E+01
 4.862500E+02  4.033069E+01  4.433443E+01
 4.865000E+02  4.024455E+01  4.425039E+01
 4.867500E+02  4.015839E+01  4.416634E+01
 4.870000E+02  4.007223E+01  4.408227E+01
 4.872500E+02  3.998604E+01  4.399819E+01
 4.875000E+02  3.989985E+01  4.391410E+01
 4.877500E+02  3.981364E+01  4.382999E+01
 4.880000E+02  3.972742E+01  4.374587E+01
 4.882500E+02  3.964118E+01  4.366173E+01
 4.885000E+02  3.955493E+01  4.357759E+01
 4.887500E+02  3.946866E+01  4.349342E+01
 4.890000E+02  3.938239E+01  4.340925E+01
 4.892500E+02  3.929610E+01  4.332506E+01
 4.895000E+02  3.920979E+01  4.324086E+01
 4.897500E+02  3.912347E+01  4.315664E+01
 4.900000E+02  3.903714E+01  4.307241E+01
 4.902500E+02  3.895079E+01  4.298816E+01
 4.905000E+02  3.886443E+01  4.290391E+01
 4.907500E+02  3.877806E+01  4.281964E+01
 4.910000E+02  3.869167E+01  4.273535E+01
 4.912500E+02  3.860527E+01  4.265105E+01
 4.915000E+02  3.851886E+01  4.256674E+01
 4.917500E+02  3.843243E+01  4.248241E+01
 4.920000E+02  3.834598E+01  4.239807E+01
 4.922500E+02  3.825953E+01  4.231372E+01
 4.925000E+02  3.817306E+01  4.222935E+01
 4.927500E+02  3.808658E+01  4.214497E+01
 4.930000E+02  3.800008E+01  4.206057E+01
 4.932500E+02  3.791357E+01  4.197616E+01
 4.935000E+02  3.782704E+01  4.189174E+01
 4.937500E+02  3.774051E+01  4.180731E+01
 4.940000E+02  3.765396E+01  4.172286E+01
 4.942500E+02  3.756739E+01  4.163839E+01
 4.945000E+02  3.748081E+01  4.155392E+01
 4.947500E+02  3.739422E+01  4.146943E+01
 4.950000E+02  3.730761E+01  4.138492E+01
 4.952500E+02  3.722099E+01  4.130040E+01
 4.955000E+02  3.713436E+01  4.121587E+01
 4.957500E+02  3.704771E+01  4.113133E+01
 4.960000E+02  3.696105E+01  4.104677E+01
 4.962500E+02  3.687438E+01  4.096219E+01
 4.965000E+02  3.678769E+01  4.087761E+01
 4.967500E+02  3.670099E+01  4.079301E+01
 4.970000E+02  3.661428E+01  4.070840E+01
 4.972500E+02  3.652755E+01  4.062377E+01
 4.975000E+02  3.644081E+01  4.053913E+01
 4.977500E+02  3.635405E+01  4.045447E+01
 4.980000E+02  3.626728E+01  4.036980E+01
 4.982500E+02  3.618050E+01  4.028512E+01
 4.985000E+02  3.609370E+01  4.020043E+01
 4.987500E+02  3.600689E+01  4.011572E+01
 4.990000E+02  3.592007E+01  4.003100E+01
 4.992500E+02  3.583323E+01  3.994626E+01
 4.995000E+02  3.574638E+01  3.986151E+01
 4.997500E+02  3.565952E+01  3.977675E+01
 5.000000E+02  3.557264E+01  3.969197E+01
