#         T/K          U/kJ          H/kJ      S/J*K^-1
 2.500000E+02  1.479640E+02  1.479701E+02  1.880046E+02
 2.502500E+02  1.479928E+02  1.479988E+02  1.881194E+02
 2.505000E+02  1.480216E+02  1.480276E+02  1.882346E+02
 2.507500E+02  1.480504E+02  1.480564E+02  1.883495E+02
 2.510000E+02  1.480792E+02  1.480852E+02  1.884644E+02
 2.512500E+02  1.481080E+02  1.481140E+02  1.885791E+02
 2.515000E+02  1.481368E+02  1.481429E+02  1.886938E+02
 2.517500E+02  1.481656E+02  1.481717E+02  1.888082E+02
 2.520000E+02  1.481944E+02  1.482005E+02  1.889226E+02
 2.522500E+02  1.482232E+02  1.482293E+02  1.890368E+02
 2.525000E+02  1.482520E+02  1.482580E+02  1.891509E+02
 2.527500E+02  1.482808E+02  1.482868E+02  1.892648E+02
 2.530000E+02  1.483096E+02  1.483156E+02  1.893786E+02
 2.532500E+02  1.483384E+02  1.483444E+02  1.894923E+02
 2.535000E+02  1.483671E+02  1.483732E+02  1.896058E+02
 2.537500E+02  1.483959E+02  1.484019E+02  1.897193E+02
 2.540000E+02  1.484247E+02  1.484307E+02  1.898325E+02
 2.542500E+02  1.484534E+02  1.484594E+02  1.899457E+02
 2.545000E+02  1.484822E+02  1.484882E+02  1.900587E+02
 2.547500E+02  1.485109E+02  1.485169E+02  1.901716E+02
 2.550000E+02  1.485396E+02  1.485457E+02  1.902843E+02
 2.552500E+02  1.485684E+02  1.485744E+02  1.903969E+02
 2.555000E+02  1.485971E+02  1.486031E+02  1.905094E+02
 2.557500E+02  1.486258E+02  1.486318E+02  1.906217E+02
 2.560000E+02  1.486545E+02  1.486605E+02  1.907339E+02
 2.562500E+02  1.486832E+02  1.486892E+02  1.908460E+02
 2.565000E+02  1.487119E+02  1.487179E+02  1.909579E+02
 2.567500E+02  1.487406E+02  1.487466E+02  1.910697E+02
 2.570000E+02  1.487693E+02  1.487753E+02  1.911813E+02
 2.572500E+02  1.487979E+02  1.488040E+02  1.912928E+02
 2.575000E+02  1.488266E+02  1.488326E+02  1.914042E+02
 2.577500E+02  1.488553E+02  1.488613E+02  1.915155E+02
 2.580000E+02  1.488839E+02  1.488899E+02  1.916266E+02
 2.582500E+02  1.489126E+02  1.489186E+02  1.917375E+02
 2.585000E+02  1.489412E+02  1.489472E+02  1.918484E+02
 2.587500E+02  1.489698E+02  1.489758E+02  1.919590E+02
 2.590000E+02  1.489984E+02  1.490045E+02  1.920696E+02
 2.592500E+02  1.490270E+02  1.490331E+02  1.921800E+02
 2.595000E+02  1.490556E+02  1.490617E+02  1.922903E+02
 2.597500E+02  1.490842E+02  1.490903E+02  1.924004E+02
 2.600000E+02  1.491128E+02  1.491189E+02  1.925104E+02
 2.602500E+02  1.491414E+02  1.491474E+02  1.926203E+02
 2.605000E+02  1.491700E+02  1.491760E+02  1.927300E+02
 2.607500E+02  1.491985E+02  1.492046E+02  1.928396E+02
 2.610000E+02  1.492271E+02  1.492331E+02  1.929490E+02
 2.612500E+02  1.492556E+02  1.492617E+02  1.930583E+02
 2.615000E+02  1.492842E+02  1.492902E+02  1.931675E+02
 2.617500E+02  1.493127E+02  1.493187E+02  1.932765E+02
 2.620000E+02  1.493412E+02  1.493472E+02  1.933854E+02
 2.622500E+02  1.493697E+02  1.493757E+02  1.934942E+02
 2.625000E+02  1.493982E+02  1.494042E+02  1.936028E+02
 2.627500E+02  1.494267E+02  1.494327E+02  1.937112E+02
 2.630000E+02  1.494552E+02  1.494612E+02  1.938196E+02
 2.632500E+02  1.494836E+02  1.494897E+02  1.939277E+02
 2.635000E+02  1.495121E+02  1.495181E+02  1.940358E+02
 2.637500E+02  1.495405E+02  1.495466E+02  1.941437E+02
 2.640000E+02  1.495690E+02  1.495750E+02  1.942515E+02
 2.642500E+02  1.495974E+02  1.496034E+02  1.943591E+02
 2.645000E+02  1.496258E+02  1.496319E+02  1.944666E+02
 2.647500E+02  1.496542E+02  1.496603E+02  1.945740E+02
 2.650000E+02  1.496826E+02  1.496887E+02  1.946812E+02
 2.652500E+02  1.497110E+02  1.497170E+02  1.947883E+02
 2.655000E+02  1.497394E+02  1.497454E+02  1.948952E+02
 2.657500E+02  1.497677E+02  1.497738E+02  1.950020E+02
 2.660000E+02  1.497961E+02  1.498022E+02  1.951087E+02
 2.662500E+02  1.498245E+02  1.498305E+02  1.952152E+02
 2.665000E+02  1.498528E+02  1.498588E+02  1.953216E+02
 2.667500E+02  1.498811E+02  1.498872E+02  1.954278E+02
 2.670000E+02  1.499094E+02  1.499155E+02  1.955339E+02
 2.672500E+02  1.499377E+02  1.499438E+02  1.956399E+02
 2.675000E+02  1.499660E+02  1.499721E+02  1.957457E+02
 2.677500E+02  1.499943E+02  1.500004E+02  1.958514E+02
 2.680000E+02  1.500226E+02  1.500286E+02  1.959569E+02
 2.682500E+02  1.500508E+02  1.500569E+02  1.960623E+02
 2.685000E+02  1.500791E+02  1.500852E+02  1.961676E+02
 2.687500E+02  1.501073E+02  1.501134E+02  1.962727E+02
 2.690000E+02  1.501356E+02  1.501416E+02  1.963777E+02
 2.692500E+02  1.501638E+02  1.501698E+02  1.964826E+02
 2.695000E+02  1.501920E+02  1.501981E+02  1.965873E+02
 2.697500E+02  1.502202E+02  1.502263E+02  1.966919E+02
 2.700000E+02  1.502484E+02  1.502544E+02  1.967963E+02
 2.702500E+02  1.502766E+02  1.502826E+02  1.969007E+02
 2.705000E+02  1.503047E+02  1.503108E+02  1.970048E+02
 2.707500E+02  1.503329E+02  1.503389E+02  1.971089E+02
 2.710000E+02  1.503610E+02  1.503671E+02  1.972128E+02
 2.712500E+02  1.503892E+02  1.503952E+02  1.973165E+02
 2.715000E+02  1.504173E+02  1.504233E+02  1.974201E+02
 2.717500E+02  1.504454E+02  1.504514E+02  1.975236E+02
 2.720000E+02  1.504735E+02  1.504795E+02  1.976270E+02
 2.722500E+02  1.505016E+02  1.505076E+02  1.977302E+02
 2.725000E+02  1.505296E+02  1.505357E+02  1.978333E+02
 2.727500E+02  1.505577E+02  1.505638E+02  1.979362E+02
 2.730000E+02  1.505858E+02  1.505918E+02  1.980390E+02
 2.732500E+02  1.506138E+02  1.506199E+02  1.981417E+02
 2.735000E+02  1.506418E+02  1.506479E+02  1.982442E+02
 2.737500E+02  1.506699E+02  1.506759E+02  1.983467E+02
 2.740000E+02  1.506979E+02  1.507039E+02  1.984489E+02
 2.742500E+02  1.507259E+02  1.507319E+02  1.985511E+02
 2.745000E+02  1.507538E+02  1.507599E+02  1.986531E+02
 2.747500E+02  1.507818E+02  1.507879E+02  1.987549E+02
 2.750000E+02  1.508098E+02  1.508159E+02  1.988567E+02
 2.752500E+02  1.508377E+02  1.508438E+02  1.989583E+02
 2.755000E+02  1.508657E+02  1.508718E+02  1.990597E+02
 2.757500E+02  1.508936E+02  1.508997E+02  1.991611E+02
 2.760000E+02  1.509215E+02  1.509276E+02  1.992623E+02
 2.762500E+02  1.509494E+02  1.509555E+02  1.993634E+02
 2.765000E+02  1.509773E+02  1.509834E+02  1.994643E+02
 2.767500E+02  1.510052E+02  1.510113E+02  1.995651E+02
 2.770000E+02  1.510331E+02  1.510392E+02  1.996658E+02
 2.772500E+02  1.510610E+02  1.510670E+02  1.997663E+02
 2.775000E+02  1.510888E+02  1.510949E+02  1.998667E+02
 2.777500E+02  1.511167E+02  1.511227E+02  1.999670E+02
 2.780000E+02  1.511445E+02  1.511506E+02  2.000672E+02
 2.782500E+02  1.511723E+02  1.511784E+02  2.001672E+02
 2.785000E+02  1.512001E+02  1.512062E+02  2.002671E+02
 2.787500E+02  1.512279E+02  1.512340E+02  2.003669E+02
 2.790000E+02  1.512557E+02  1.512618E+02  2.004665E+02
 2.792500E+02  1.512835E+02  1.512895E+02  2.005660E+02
 2.795000E+02  1.513112E+02  1.513173E+02  2.006654E+02
 2.797500E+02  1.513390E+02  1.513451E+02  2.007646E+02
 2.800000E+02  1.513667E+02  1.513728E+02  2.008638E+02
 2.802500E+02  1.513945E+02  1.514005E+02  2.009628E+02
 2.805000E+02  1.514222E+02  1.514283E+02  2.010616E+02
 2.807500E+02  1.514499E+02  1.514560E+02  2.011604E+02
 2.810000E+02  1.514776E+02  1.514837E+02  2.012590E+02
 2.812500E+02  1.515053E+02  1.515114E+02  2.013575E+02
 2.815000E+02  1.515329E+02  1.515390E+02  2.014558E+02
 2.817500E+02  1.515606E+02  1.515667E+02  2.015541E+02
 2.820000E+02  1.515883E+02  1.515944E+02  2.016522E+02
 2.822500E+02  1.516159E+02  1.516220E+02  2.017502E+02
 2.825000E+02  1.516435E+02  1.516496E+02  2.018481E+02
 2.827500E+02  1.516712E+02  1.516773E+02  2.019458E+02
 2.830000E+02  1.516988E+02  1.517049E+02  2.020434E+02
 2.832500E+02  1.517264E+02  1.517325E+02  2.021409E+02
 2.835000E+02  1.517540E+02  1.517601E+02  2.022383E+02
 2.837500E+02  1.517816E+02  1.517876E+02  2.023355E+02
 2.840000E+02  1.518091E+02  1.518152E+02  2.024326E+02
 2.842500E+02  1.518367E+02  1.518428E+02  2.025297E+02
 2.845000E+02  1.518642E+02  1.518703E+02  2.026265E+02
 2.847500E+02  1.518918E+02  1.518979E+02  2.027233E+02
 2.850000E+02  1.519193E+02  1.519254E+02  2.028199E+02
 2.852500E+02  1.519468E+02  1.519529E+02  2.029165E+02
 2.855000E+02  1.519743E+02  1.519804E+02  2.030129E+02
 2.857500E+02  1.520018E+02  1.520079E+02  2.031091E+02
 2.860000E+02  1.520293E+02  1.520354E+02  2.032053E+02
 2.862500E+02  1.520568E+02  1.520629E+02  2.033014E+02
 2.865000E+02  1.520843E+02  1.520904E+02  2.033973E+02
 2.867500E+02  1.521117E+02  1.521178E+02  2.034931E+02
 2.870000E+02  1.521392E+02  1.521453E+02  2.035888E+02
 2.872500E+02  1.521666E+02  1.521727E+02  2.036843E+02
 2.875000E+02  1.521941E+02  1.522002E+02  2.037798E+02
 2.877500E+02  1.522215E+02  1.522276E+02  2.038751E+02
 2.880000E+02  1.522489E+02  1.522550E+02  2.039704E+02
 2.882500E+02  1.522763E+02  1.522824E+02  2.040655E+02
 2.885000E+02  1.523037E+02  1.523098E+02  2.041605E+02
 2.887500E+02  1.523311E+02  1.523372E+02  2.042553E+02
 2.890000E+02  1.523584E+02  1.523645E+02  2.043501E+02
 2.892500E+02  1.523858E+02  1.523919E+02  2.044448E+02
 2.895000E+02  1.524132E+02  1.524193E+02  2.045393E+02
 2.897500E+02  1.524405E+02  1.524466E+02  2.046337E+02
 2.900000E+02  1.524679E+02  1.524740E+02  2.047280E+02
 2.902500E+02  1.524952E+02  1.525013E+02  2.048222E+02
 2.905000E+02  1.525225E+02  1.525286E+02  2.049163E+02
 2.907500E+02  1.525498E+02  1.525559E+02  2.050103E+02
 2.910000E+02  1.525771E+02  1.525832E+02  2.051042E+02
 2.912500E+02  1.526044E+02  1.526105E+02  2.051979E+02
 2.915000E+02  1.526317E+02  1.526378E+02  2.052915E+02
 2.917500E+02  1.526590E+02  1.526651E+02  2.053851E+02
 2.920000E+02  1.526862E+02  1.526923E+02  2.054785E+02
 2.922500E+02  1.527135E+02  1.527196E+02  2.055718E+02
 2.925000E+02  1.527407E+02  1.527469E+02  2.056650E+02
 2.927500E+02  1.527680E+02  1.527741E+02  2.057581E+02
 2.930000E+02  1.527952E+02  1.528013E+02  2.058511E+02
 2.932500E+02  1.528224E+02  1.528286E+02  2.059440E+02
 2.935000E+02  1.528497E+02  1.528558E+02  2.060368E+02
 2.937500E+02  1.528769E+02  1.528830E+02  2.061294E+02
 2.940000E+02  1.529041E+02  1.529102E+02  2.062220E+02
 2.942500E+02  1.529313E+02  1.529374E+02  2.063145E+02
 2.945000E+02  1.529585E+02  1.529646E+02  2.064068E+02
 2.947500E+02  1.529856E+02  1.529917E+02  2.064991E+02
 2.950000E+02  1.530128E+02  1.530189E+02  2.065912E+02
 2.952500E+02  1.530400E+02  1.530461E+02  2.066833E+02
 2.955000E+02  1.530671E+02  1.530732E+02  2.067752E+02
 2.957500E+02  1.530943E+02  1.531004E+02  2.068670E+02
 2.960000E+02  1.531214E+02  1.531275E+02  2.069588E+02
 2.962500E+02  1.531485E+02  1.531547E+02  2.070504E+02
 2.965000E+02  1.531757E+02  1.531818E+02  2.071419E+02
 2.967500E+02  1.532028E+02  1.532089E+02  2.072333E+02
 2.970000E+02  1.532299E+02  1.532360E+02  2.073247E+02
 2.972500E+02  1.532570E+02  1.532631E+02  2.074159E+02
 2.975000E+02  1.532841E+02  1.532902E+02  2.075070E+02
 2.977500E+02  1.533112E+02  1.533173E+02  2.075981E+02
 2.980000E+02  1.533383E+02  1.533444E+02  2.076890E+02
 2.982500E+02  1.533654E+02  1.533715E+02  2.077798E+02
 2.985000E+02  1.533924E+02  1.533986E+02  2.078705E+02
 2.987500E+02  1.534195E+02  1.534256E+02  2.079612E+02
 2.990000E+02  1.534466E+02  1.534527E+02  2.080517E+02
 2.992500E+02  1.534736E+02  1.534797E+02  2.081422E+02
 2.995000E+02  1.535007E+02  1.535068E+02  2.082325E+02
 2.997500E+02  1.535277E+02  1.535338E+02  2.083228E+02
 3.000000E+02  1.535547E+02  1.535609E+02  2.084129E+02
 3.002500E+02  1.535818E+02  1.535879E+02  2.085030E+02
 3.005000E+02  1.536088E+02  1.536149E+02  2.085929E+02
 3.007500E+02  1.536358E+02  1.536419E+02  2.086828E+02
 3.010000E+02  1.536628E+02  1.536689E+02  2.087726E+02
 3.012500E+02  1.536898E+02  1.536959E+02  2.088623E+02
 3.015000E+02  1.537168E+02  1.537229E+02  2.089518E+02
 3.017500E+02  1.537438E+02  1.537499E+02  2.090413E+02
 3.020000E+02  1.537708E+02  1.537769E+02  2.091307E+02
 3.022500E+02  1.537978E+02  1.538039E+02  2.092201E+02
 3.025000E+02  1.538248E+02  1.538309E+02  2.093093E+02
 3.027500E+02  1.538517E+02  1.538579E+02  2.093984E+02
 3.030000E+02  1.538787E+02  1.538848E+02  2.094875E+02
 3.032500E+02  1.539057E+02  1.539118E+02  2.095764E+02
 3.035000E+02  1.539326E+02  1.539388E+02  2.096653E+02
 3.037500E+02  1.539596E+02  1.539657E+02  2.097540E+02
 3.040000E+02  1.539865E+02  1.539927E+02  2.098427E+02
 3.042500E+02  1.540135E+02  1.540196E+02  2.099313E+02
 3.045000E+02  1.540404E+02  1.540465E+02  2.100198E+02
 3.047500E+02  1.540673E+02  1.540735E+02  2.101083E+02
 3.050000E+02  1.540943E+02  1.541004E+02  2.101966E+02
 3.052500E+02  1.541212E+02  1.541273E+02  2.102849E+02
 3.055000E+02  1.541481E+02  1.541543E+02  2.103730E+02
 3.057500E+02  1.541750E+02  1.541812E+02  2.104611E+02
 3.060000E+02  1.542020E+02  1.542081E+02  2.105491E+02
 3.062500E+02  1.542289E+02  1.542350E+02  2.106370E+02
 3.065000E+02  1.542558E+02  1.542619E+02  2.107248E+02
 3.067500E+02  1.542827E+02  1.542888E+02  2.108126E+02
 3.070000E+02  1.543096E+02  1.543157E+02  2.109002E+02
 3.072500E+02  1.543365E+02  1.543426E+02  2.109878E+02
 3.075000E+02  1.543634E+02  1.543695E+02  2.110753E+02
 3.077500E+02  1.543903E+02  1.543964E+02  2.111627E+02
 3.080000E+02  1.544171E+02  1.544233E+02  2.112500E+02
 3.082500E+02  1.544440E+02  1.544502E+02  2.113373E+02
 3.085000E+02  1.544709E+02  1.544770E+02  2.114244E+02
 3.087500E+02  1.544978E+02  1.545039E+02  2.115115E+02
 3.090000E+02  1.545246E+02  1.545308E+02  2.115985E+02
 3.092500E+02  1.545515E+02  1.545577E+02  2.116855E+02
 3.095000E+02  1.545784E+02  1.545845E+02  2.117723E+02
 3.097500E+02  1.546053E+02  1.546114E+02  2.118591E+02
 3.100000E+02  1.546321E+02  1.546383E+02  2.119458E+02
 3.102500E+02  1.546590E+02  1.546651E+02  2.120324E+02
 3.105000E+02  1.546858E+02  1.546920E+02  2.121189E+02
 3.107500E+02  1.547127E+02  1.547188E+02  2.122054E+02
 3.110000E+02  1.547395E+02  1.547457E+02  2.122918E+02
 3.112500E+02  1.547664E+02  1.547726E+02  2.123781E+02
 3.115000E+02  1.547932E+02  1.547994E+02  2.124643E+02
 3.117500E+02  1.548201E+02  1.548263E+02  2.125505E+02
 3.120000E+02  1.548469E+02  1.548531E+02  2.126366E+02
 3.122500E+02  1.548738E+02  1.548799E+02  2.127226E+02
 3.125000E+02  1.549006E+02  1.549068E+02  2.128085E+02
 3.127500E+02  1.549275E+02  1.549336E+02  2.128944E+02
 3.130000E+02  1.549543E+02  1.549605E+02  2.129801E+02
 3.132500E+02  1.549811E+02  1.549873E+02  2.130659E+02
 3.135000E+02  1.550080E+02  1.550141E+02  2.131515E+02
 3.137500E+02  1.550348E+02  1.550410E+02  2.132371E+02
 3.140000E+02  1.550617E+02  1.550678E+02  2.133226E+02
 3.142500E+02  1.550885E+02  1.550947E+02  2.134080E+02
 3.145000E+02  1.551153E+02  1.551215E+02  2.134933E+02
 3.147500E+02  1.551422E+02  1.551483E+02  2.135786E+02
 3.150000E+02  1.551690E+02  1.551751E+02  2.136638E+02
 3.152500E+02  1.551958E+02  1.552020E+02  2.137490E+02
 3.155000E+02  1.552226E+02  1.552288E+02  2.138341E+02
 3.157500E+02  1.552495E+02  1.552556E+02  2.139191E+02
 3.160000E+02  1.552763E+02  1.552825E+02  2.140040E+02
 3.162500E+02  1.553031E+02  1.553093E+02  2.140889E+02
 3.165000E+02  1.553300E+02  1.553361E+02  2.141737E+02
 3.167500E+02  1.553568E+02  1.553630E+02  2.142584E+02
 3.170000E+02  1.553836E+02  1.553898E+02  2.143431E+02
 3.172500E+02  1.554104E+02  1.554166E+02  2.144277E+02
 3.175000E+02  1.554373E+02  1.554434E+02  2.145122E+02
 3.177500E+02  1.554641E+02  1.554703E+02  2.145967E+02
 3.180000E+02  1.554909E+02  1.554971E+02  2.146811E+02
 3.182500E+02  1.555178E+02  1.555239E+02  2.147654E+02
 3.185000E+02  1.555446E+02  1.555508E+02  2.148497E+02
 3.187500E+02  1.555714E+02  1.555776E+02  2.149339E+02
 3.190000E+02  1.555983E+02  1.556044E+02  2.150181E+02
 3.192500E+02  1.556251E+02  1.556313E+02  2.151021E+02
 3.195000E+02  1.556519E+02  1.556581E+02  2.151862E+02
 3.197500E+02  1.556788E+02  1.556849E+02  2.152701E+02
 3.200000E+02  1.557056E+02  1.557118E+02  2.153540E+02
 3.202500E+02  1.557324E+02  1.557386E+02  2.154378E+02
 3.205000E+02  1.557593E+02  1.557654E+02  2.155216E+02
 3.207500E+02  1.557861E+02  1.557923E+02  2.156053E+02
 3.210000E+02  1.558129E+02  1.558191E+02  2.156890E+02
 3.212500E+02  1.558398E+02  1.558460E+02  2.157726E+02
 3.215000E+02  1.558666E+02  1.558728E+02  2.158561E+02
 3.217500E+02  1.558935E+02  1.558997E+02  2.159395E+02
 3.220000E+02  1.559203E+02  1.559265E+02  2.160230E+02
 3.222500E+02  1.559472E+02  1.559533E+02  2.161063E+02
 3.225000E+02  1.559740E+02  1.559802E+02  2.161896E+02
 3.227500E+02  1.560009E+02  1.560070E+02  2.162728E+02
 3.230000E+02  1.560277E+02  1.560339E+02  2.163560E+02
 3.232500E+02  1.560546E+02  1.560608E+02  2.164391E+02
 3.235000E+02  1.560814E+02  1.560876E+02  2.165222E+02
 3.237500E+02  1.561083E+02  1.561145E+02  2.166052E+02
 3.240000E+02  1.561352E+02  1.561413E+02  2.166881E+02
 3.242500E+02  1.561620E+02  1.561682E+02  2.167710E+02
 3.245000E+02  1.561889E+02  1.561951E+02  2.168538E+02
 3.247500E+02  1.562158E+02  1.562219E+02  2.169366E+02
 3.250000E+02  1.562426E+02  1.562488E+02  2.170193E+02
 3.252500E+02  1.562695E+02  1.562757E+02  2.171020E+02
 3.255000E+02  1.562964E+02  1.563026E+02  2.171846E+02
 3.257500E+02  1.563233E+02  1.563295E+02  2.172671E+02
 3.260000E+02  1.563502E+02  1.563563E+02  2.173496E+02
 3.262500E+02  1.563770E+02  1.563832E+02  2.174321E+02
 3.265000E+02  1.564039E+02  1.564101E+02  2.175145E+02
 3.267500E+02  1.564308E+02  1.564370E+02  2.175968E+02
 3.270000E+02  1.564577E+02  1.564639E+02  2.176791E+02
 3.272500E+02  1.564846E+02  1.564908E+02  2.177614E+02
 3.275000E+02  1.565115E+02  1.565177E+02  2.178435E+02
 3.277500E+02  1.565384E+02  1.565446E+02  2.179257E+02
 3.280000E+02  1.565653E+02  1.565715E+02  2.180077E+02
 3.282500E+02  1.565923E+02  1.565985E+02  2.180898E+02
 3.285000E+02  1.566192E+02  1.566254E+02  2.181718E+02
 3.287500E+02  1.566461E+02  1.566523E+02  2.182537E+02
 3.290000E+02  1.566730E+02  1.566792E+02  2.183356E+02
 3.292500E+02  1.567000E+02  1.567062E+02  2.184174E+02
 3.295000E+02  1.567269E+02  1.567331E+02  2.184992E+02
 3.297500E+02  1.567538E+02  1.567600E+02  2.185809E+02
 3.300000E+02  1.567808E+02  1.567870E+02  2.186626E+02
 3.302500E+02  1.568077E+02  1.568139E+02  2.187442E+02
 3.305000E+02  1.568347E+02  1.568409E+02  2.188258E+02
 3.307500E+02  1.568616E+02  1.568678E+02  2.189073E+02
 3.310000E+02  1.568886E+02  1.568948E+02  2.189888E+02
 3.312500E+02  1.569156E+02  1.569218E+02  2.190702E+02
 3.315000E+02  1.569425E+02  1.569487E+02  2.191516E+02
 3.317500E+02  1.569695E+02  1.569757E+02  2.192330E+02
 3.320000E+02  1.569965E+02  1.570027E+02  2.193143E+02
 3.322500E+02  1.570235E+02  1.570297E+02  2.193955E+02
 3.325000E+02  1.570505E+02  1.570567E+02  2.194767E+02
 3.327500E+02  1.570775E+02  1.570837E+02  2.195579E+02
 3.330000E+02  1.571045E+02  1.571107E+02  2.196390E+02
 3.332500E+02  1.571315E+02  1.571377E+02  2.197201E+02
 3.335000E+02  1.571585E+02  1.571647E+02  2.198011E+02
 3.337500E+02  1.571855E+02  1.571917E+02  2.198821E+02
 3.340000E+02  1.572125E+02  1.572187E+02  2.199630E+02
 3.342500E+02  1.572395E+02  1.572457E+02  2.200439E+02
 3.345000E+02  1.572666E+02  1.572728E+02  2.201247E+02
 3.347500E+02  1.572936E+02  1.572998E+02  2.202055E+02
 3.350000E+02  1.573206E+02  1.573269E+02  2.202863E+02
 3.352500E+02  1.573477E+02  1.573539E+02  2.203670E+02
 3.355000E+02  1.573748E+02  1.573810E+02  2.204477E+02
 3.357500E+02  1.574018E+02  1.574080E+02  2.205283E+02
 3.360000E+02  1.574289E+02  1.574351E+02  2.206089E+02
 3.362500E+02  1.574560E+02  1.574622E+02  2.206894E+02
 3.365000E+02  1.574830E+02  1.574892E+02  2.207700E+02
 3.367500E+02  1.575101E+02  1.575163E+02  2.208504E+02
 3.370000E+02  1.575372E+02  1.575434E+02  2.209308E+02
 3.372500E+02  1.575643E+02  1.575705E+02  2.210112E+02
 3.375000E+02  1.575914E+02  1.575976E+02  2.210916E+02
 3.377500E+02  1.576185E+02  1.576247E+02  2.211719E+02
 3.380000E+02  1.576456E+02  1.576519E+02  2.212521E+02
 3.382500E+02  1.576728E+02  1.576790E+02  2.213323E+02
 3.385000E+02  1.576999E+02  1.577061E+02  2.214125E+02
 3.387500E+02  1.577270E+02  1.577332E+02  2.214927E+02
 3.390000E+02  1.577542E+02  1.577604E+02  2.215728E+02
 3.392500E+02  1.577813E+02  1.577875E+02  2.216528E+02
 3.395000E+02  1.578085E+02  1.578147E+02  2.217328E+02
 3.397500E+02  1.578356E+02  1.578419E+02  2.218128E+02
 3.400000E+02  1.578628E+02  1.578690E+02  2.218928E+02
 3.402500E+02  1.578900E+02  1.578962E+02  2.219727E+02
 3.405000E+02  1.579172E+02  1.579234E+02  2.220526E+02
 3.407500E+02  1.579444E+02  1.579506E+02  2.221324E+02
 3.410000E+02  1.579716E+02  1.579778E+02  2.222122E+02
 3.412500E+02  1.579988E+02  1.580050E+02  2.222919E+02
 3.415000E+02  1.580260E+02  1.580322E+02  2.223717E+02
 3.417500E+02  1.580532E+02  1.580594E+02  2.224514E+02
 3.420000E+02  1.580804E+02  1.580867E+02  2.225310E+02
 3.422500E+02  1.581077E+02  1.581139E+02  2.226106E+02
 3.425000E+02  1.581349E+02  1.581412E+02  2.226902E+02
 3.427500E+02  1.581622E+02  1.581684E+02  2.227697E+02
 3.430000E+02  1.581894E+02  1.581957E+02  2.228492E+02
 3.432500E+02  1.582167E+02  1.582229E+02  2.229287E+02
 3.435000E+02  1.582440E+02  1.582502E+02  2.230081E+02
 3.437500E+02  1.582713E+02  1.582775E+02  2.230875E+02
 3.440000E+02  1.582986E+02  1.583048E+02  2.231669E+02
 3.442500E+02  1.583259E+02  1.583321E+02  2.232462E+02
 3.445000E+02  1.583532E+02  1.583594E+02  2.233255E+02
 3.447500E+02  1.583805E+02  1.583867E+02  2.234048E+02
 3.450000E+02  1.584078E+02  1.584140E+02  2.234840E+02
 3.452500E+02  1.584351E+02  1.584414E+02  2.235632E+02
 3.455000E+02  1.584625E+02  1.584687E+02  2.236424E+02
 3.457500E+02  1.584898E+02  1.584961E+02  2.237215E+02
 3.460000E+02  1.585172E+02  1.585234E+02  2.238006E+02
 3.462500E+02  1.585445E+02  1.585508E+02  2.238797E+02
 3.465000E+02  1.585719E+02  1.585782E+02  2.239587E+02
 3.467500E+02  1.585993E+02  1.586055E+02  2.240377E+02
 3.470000E+02  1.586267E+02  1.586329E+02  2.241167E+02
 3.472500E+02  1.586541E+02  1.586603E+02  2.241956E+02
 3.475000E+02  1.586815E+02  1.586877E+02  2.242745E+02
 3.477500E+02  1.587089E+02  1.587151E+02  2.243534E+02
 3.480000E+02  1.587363E+02  1.587426E+02  2.244322E+02
 3.482500E+02  1.587638E+02  1.587700E+02  2.245110E+02
 3.485000E+02  1.587912E+02  1.587974E+02  2.245898E+02
 3.487500E+02  1.588187E+02  1.588249E+02  2.246685E+02
 3.490000E+02  1.588461E+02  1.588524E+02  2.247472E+02
 3.492500E+02  1.588736E+02  1.588798E+02  2.248259E+02
 3.495000E+02  1.589011E+02  1.589073E+02  2.249046E+02
 3.497500E+02  1.589286E+02  1.589348E+02  2.249832E+02
 3.500000E+02  1.589560E+02  1.589623E+02  2.250618E+02
 3.502500E+02  1.589836E+02  1.589898E+02  2.251403E+02
 3.505000E+02  1.590111E+02  1.590173E+02  2.252189E+02
 3.507500E+02  1.590386E+02  1.590448E+02  2.252974E+02
 3.510000E+02  1.590661E+02  1.590724E+02  2.253758E+02
 3.512500E+02  1.590937E+02  1.590999E+02  2.254543E+02
 3.515000E+02  1.591212E+02  1.591275E+02  2.255327E+02
 3.517500E+02  1.591488E+02  1.591550E+02  2.256111E+02
 3.520000E+02  1.591763E+02  1.591826E+02  2.256894E+02
 3.522500E+02  1.592039E+02  1.592102E+02  2.257677E+02
 3.525000E+02  1.592315E+02  1.592378E+02  2.258460E+02
 3.527500E+02  1.592591E+02  1.592654E+02  2.259243E+02
 3.530000E+02  1.592867E+02  1.592930E+02  2.260025E+02
 3.532500E+02  1.593143E+02  1.593206E+02  2.260807E+02
 3.535000E+02  1.593420E+02  1.593482E+02  2.261589E+02
 3.537500E+02  1.593696E+02  1.593759E+02  2.262371E+02
 3.540000E+02  1.593972E+02  1.594035E+02  2.263152E+02
 3.542500E+02  1.594249E+02  1.594312E+02  2.263933E+02
 3.545000E+02  1.594526E+02  1.594588E+02  2.264714E+02
 3.547500E+02  1.594802E+02  1.594865E+02  2.265494E+02
 3.550000E+02  1.595079E+02  1.595142E+02  2.266274E+02
 3.552500E+02  1.595356E+02  1.595419E+02  2.267054E+02
 3.555000E+02  1.595633E+02  1.595696E+02  2.267834E+02
 3.557500E+02  1.595911E+02  1.595973E+02  2.268613E+02
 3.560000E+02  1.596188E+02  1.596250E+02  2.269393E+02
 3.562500E+02  1.596465E+02  1.596528E+02  2.270171E+02
 3.565000E+02  1.596743E+02  1.596805E+02  2.270950E+02
 3.567500E+02  1.597020E+02  1.597083E+02  2.271728E+02
 3.570000E+02  1.597298E+02  1.597360E+02  2.272506E+02
 3.572500E+02  1.597576E+02  1.597638E+02  2.273284E+02
 3.575000E+02  1.597853E+02  1.597916E+02  2.274062E+02
 3.577500E+02  1.598131E+02  1.598194E+02  2.274839E+02
 3.580000E+02  1.598409E+02  1.598472E+02  2.275616E+02
 3.582500E+02  1.598688E+02  1.598750E+02  2.276393E+02
 3.585000E+02  1.598966E+02  1.599029E+02  2.277169E+02
 3.587500E+02  1.599244E+02  1.599307E+02  2.277945E+02
 3.590000E+02  1.599523E+02  1.599585E+02  2.278721E+02
 3.592500E+02  1.599801E+02  1.599864E+02  2.279497E+02
 3.595000E+02  1.600080E+02  1.600143E+02  2.280273E+02
 3.597500E+02  1.600359E+02  1.600422E+02  2.281048E+02
 3.600000E+02  1.600638E+02  1.600700E+02  2.281823E+02
 3.602500E+02  1.600917E+02  1.600979E+02  2.282598E+02
 3.605000E+02  1.601196E+02  1.601259E+02  2.283372E+02
 3.607500E+02  1.601475E+02  1.601538E+02  2.284146E+02
 3.610000E+02  1.601754E+02  1.601817E+02  2.284920E+02
 3.612500E+02  1.602034E+02  1.602097E+02  2.285694E+02
 3.615000E+02  1.602313E+02  1.602376E+02  2.286468E+02
 3.617500E+02  1.602593E+02  1.602656E+02  2.287241E+02
 3.620000E+02  1.602873E+02  1.602935E+02  2.288014E+02
 3.622500E+02  1.603153E+02  1.603215E+02  2.288787E+02
 3.625000E+02  1.603432E+02  1.603495E+02  2.289559E+02
 3.627500E+02  1.603713E+02  1.603775E+02  2.290332E+02
 3.630000E+02  1.603993E+02  1.604055E+02  2.291104E+02
 3.632500E+02  1.604273E+02  1.604336E+02  2.291876E+02
 3.635000E+02  1.604553E+02  1.604616E+02  2.292647E+02
 3.637500E+02  1.604834E+02  1.604897E+02  2.293419E+02
 3.640000E+02  1.605114E+02  1.605177E+02  2.294190E+02
 3.642500E+02  1.605395E+02  1.605458E+02  2.294961E+02
 3.645000E+02  1.605676E+02  1.605739E+02  2.295731E+02
 3.647500E+02  1.605957E+02  1.606020E+02  2.296502E+02
 3.650000E+02  1.606238E+02  1.606301E+02  2.297272E+02
 3.652500E+02  1.606519E+02  1.606582E+02  2.298042E+02
 3.655000E+02  1.606800E+02  1.606863E+02  2.298812E+02
 3.657500E+02  1.607082E+02  1.607145E+02  2.299582E+02
 3.660000E+02  1.607363E+02  1.607426E+02  2.300351E+02
 3.662500E+02  1.607645E+02  1.607708E+02  2.301120E+02
 3.665000E+02  1.607926E+02  1.607989E+02  2.301889E+02
 3.667500E+02  1.608208E+02  1.608271E+02  2.302657E+02
 3.670000E+02  1.608490E+02  1.608553E+02  2.303426E+02
 3.672500E+02  1.608772E+02  1.608835E+02  2.304194E+02
 3.675000E+02  1.609054E+02  1.609117E+02  2.304962E+02
 3.677500E+02  1.609337E+02  1.609399E+02  2.305730E+02
 3.680000E+02  1.609619E+02  1.609682E+02  2.306497E+02
 3.682500E+02  1.609901E+02  1.609964E+02  2.307265E+02
 3.685000E+02  1.610184E+02  1.610247E+02  2.308032E+02
 3.687500E+02  1.610467E+02  1.610529E+02  2.308799E+02
 3.690000E+02  1.610749E+02  1.610812E+02  2.309565E+02
 3.692500E+02  1.611032E+02  1.611095E+02  2.310332E+02
 3.695000E+02  1.611315E+02  1.611378E+02  2.311098E+02
 3.697500E+02  1.611598E+02  1.611661E+02  2.311864E+02
 3.700000E+02  1.611882E+02  1.611945E+02  2.312630E+02
 3.702500E+02  1.612165E+02  1.612228E+02  2.313395E+02
 3.705000E+02  1.612448E+02  1.612511E+02  2.314160E+02
 3.707500E+02  1.612732E+02  1.612795E+02  2.314926E+02
 3.710000E+02  1.613016E+02  1.613079E+02  2.315691E+02
 3.712500E+02  1.613299E+02  1.613362E+02  2.316455E+02
 3.715000E+02  1.613583E+02  1.613646E+02  2.317220E+02
 3.717500E+02  1.613867E+02  1.613930E+02  2.317984E+02
 3.720000E+02  1.614151E+02  1.614214E+02  2.318748E+02
 3.722500E+02  1.614436E+02  1.614499E+02  2.319512E+02
 3.725000E+02  1.614720E+02  1.614783E+02  2.320275E+02
 3.727500E+02  1.615005E+02  1.615068E+02  2.321039E+02
 3.730000E+02  1.615289E+02  1.615352E+02  2.321802E+02
 3.732500E+02  1.615574E+02  1.615637E+02  2.322565E+02
 3.735000E+02  1.615859E+02  1.615922E+02  2.323328E+02
 3.737500E+02  1.616143E+02  1.616207E+02  2.324090E+02
 3.740000E+02  1.616429E+02  1.616492E+02  2.324853E+02
 3.742500E+02  1.616714E+02  1.616777E+02  2.325615E+02
 3.745000E+02  1.616999E+02  1.617062E+02  2.326377E+02
 3.747500E+02  1.617284E+02  1.617347E+02  2.327139E+02
 3.750000E+02  1.617570E+02  1.617633E+02  2.327900E+02
 3.752500E+02  1.617855E+02  1.617918E+02  2.328661E+02
 3.755000E+02  1.618141E+02  1.618204E+02  2.329422E+02
 3.757500E+02  1.618427E+02  1.618490E+02  2.330183E+02
 3.760000E+02  1.618713E+02  1.618776E+02  2.330944E+02
 3.762500E+02  1.618999E+02  1.619062E+02  2.331704E+02
 3.765000E+02  1.619285E+02  1.619348E+02  2.332465E+02
 3.767500E+02  1.619571E+02  1.619634E+02  2.333225E+02
 3.770000E+02  1.619857E+02  1.619921E+02  2.333985E+02
 3.772500E+02  1.620144E+02  1.620207E+02  2.334744E+02
 3.775000E+02  1.620430E+02  1.620494E+02  2.335504E+02
 3.777500E+02  1.620717E+02  1.620780E+02  2.336263E+02
 3.780000E+02  1.621004E+02  1.621067E+02  2.337022E+02
 3.782500E+02  1.621291E+02  1.621354E+02  2.337781E+02
 3.785000E+02  1.621578E+02  1.621641E+02  2.338539E+02
 3.787500E+02  1.621865E+02  1.621928E+02  2.339298E+02
 3.790000E+02  1.622152E+02  1.622215E+02  2.340056E+02
 3.792500E+02  1.622440E+02  1.622503E+02  2.340814E+02
 3.795000E+02  1.622727E+02  1.622790E+02  2.341571E+02
 3.797500E+02  1.623015E+02  1.623078E+02  2.342329E+02
 3.800000E+02  1.623302E+02  1.623366E+02  2.343086E+02
 3.802500E+02  1.623590E+02  1.623653E+02  2.343843E+02
 3.805000E+02  1.623878E+02  1.623941E+02  2.344600E+02
 3.807500E+02  1.624166E+02  1.624229E+02  2.345357E+02
 3.810000E+02  1.624454E+02  1.624517E+02  2.346114E+02
 3.812500E+02  1.624742E+02  1.624806E+02  2.346870E+02
 3.815000E+02  1.625031E+02  1.625094E+02  2.347626E+02
 3.817500E+02  1.625319E+02  1.625382E+02  2.348382E+02
 3.820000E+02  1.625608E+02  1.625671E+02  2.349138E+02
 3.822500E+02  1.625896E+02  1.625960E+02  2.349893E+02
 3.825000E+02  1.626185E+02  1.626249E+02  2.350648E+02
 3.827500E+02  1.626474E+02  1.626537E+02  2.351403E+02
 3.830000E+02  1.626763E+02  1.626826E+02  2.352158E+02
 3.832500E+02  1.627052E+02  1.627116E+02  2.352913E+02
 3.835000E+02  1.627342E+02  1.627405E+02  2.353667E+02
 3.837500E+02  1.627631E+02  1.627694E+02  2.354422E+02
 3.840000E+02  1.627920E+02  1.627984E+02  2.355176E+02
 3.842500E+02  1.628210E+02  1.628273E+02  2.355929E+02
 3.845000E+02  1.628500E+02  1.628563E+02  2.356683E+02
 3.847500E+02  1.628789E+02  1.628853E+02  2.357436E+02
 3.850000E+02  1.629079E+02  1.629143E+02  2.358190E+02
 3.852500E+02  1.629369E+02  1.629433E+02  2.358943E+02
 3.855000E+02  1.629659E+02  1.629723E+02  2.359695E+02
 3.857500E+02  1.629949E+02  1.630013E+02  2.360448E+02
 3.860000E+02  1.630240E+02  1.630303E+02  2.361200E+02
 3.862500E+02  1.630530E+02  1.630594E+02  2.361952E+02
 3.865000E+02  1.630821E+02  1.630884E+02  2.362704E+02
 3.867500E+02  1.631111E+02  1.631175E+02  2.363456E+02
 3.870000E+02  1.631402E+02  1.631465E+02  2.364208E+02
 3.872500E+02  1.631693E+02  1.631756E+02  2.364959E+02
 3.875000E+02  1.631984E+02  1.632047E+02  2.365710E+02
 3.877500E+02  1.632275E+02  1.632338E+02  2.366461E+02
 3.880000E+02  1.632566E+02  1.632630E+02  2.367212E+02
 3.882500E+02  1.632857E+02  1.632921E+02  2.367962E+02
 3.885000E+02  1.633149E+02  1.633212E+02  2.368712E+02
 3.887500E+02  1.633440E+02  1.633504E+02  2.369462E+02
 3.890000E+02  1.633732E+02  1.633795E+02  2.370212E+02
 3.892500E+02  1.634023E+02  1.634087E+02  2.370962E+02
 3.895000E+02  1.634315E+02  1.634379E+02  2.371711E+02
 3.897500E+02  1.634607E+02  1.634671E+02  2.372460E+02
 3.900000E+02  1.634899E+02  1.634963E+02  2.373209E+02
 3.902500E+02  1.635191E+02  1.635255E+02  2.373958E+02
 3.905000E+02  1.635484E+02  1.635547E+02  2.374707E+02
 3.907500E+02  1.635776E+02  1.635839E+02  2.375455E+02
 3.910000E+02  1.636068E+02  1.636132E+02  2.376203E+02
 3.912500E+02  1.636361E+02  1.636424E+02  2.376951E+02
 3.915000E+02  1.636653E+02  1.636717E+02  2.377699E+02
 3.917500E+02  1.636946E+02  1.637010E+02  2.378446E+02
 3.920000E+02  1.637239E+02  1.637302E+02  2.379194E+02
 3.922500E+02  1.637532E+02  1.637595E+02  2.379941E+02
 3.925000E+02  1.637825E+02  1.637888E+02  2.380688E+02
 3.927500E+02  1.638118E+02  1.638182E+02  2.381434E+02
 3.930000E+02  1.638411E+02  1.638475E+02  2.382181E+02
 3.932500E+02  1.638705E+02  1.638768E+02  2.382927E+02
 3.935000E+02  1.638998E+02  1.639062E+02  2.383673E+02
 3.937500E+02  1.639292E+02  1.639355E+02  2.384419E+02
 3.940000E+02  1.639585E+02  1.639649E+02  2.385164E+02
 3.942500E+02  1.639879E+02  1.639943E+02  2.385909E+02
 3.945000E+02  1.640173E+02  1.640236E+02  2.386655E+02
 3.947500E+02  1.640467E+02  1.640530E+02  2.387399E+02
 3.950000E+02  1.640761E+02  1.640824E+02  2.388144E+02
 3.952500E+02  1.641055E+02  1.641119E+02  2.388889E+02
 3.955000E+02  1.641349E+02  1.641413E+02  2.389633E+02
 3.957500E+02  1.641644E+02  1.641707E+02  2.390377E+02
 3.960000E+02  1.641938E+02  1.642002E+02  2.391121E+02
 3.962500E+02  1.642233E+02  1.642296E+02  2.391864E+02
 3.965000E+02  1.642527E+02  1.642591E+02  2.392607E+02
 3.967500E+02  1.642822E+02  1.642886E+02  2.393351E+02
 3.970000E+02  1.643117E+02  1.643180E+02  2.394094E+02
 3.972500E+02  1.643412E+02  1.643475E+02  2.394836E+02
 3.975000E+02  1.643707E+02  1.643770E+02  2.395579E+02
 3.977500E+02  1.644002E+02  1.644066E+02  2.396321E+02
 3.980000E+02  1.644297E+02  1.644361E+02  2.397063E+02
 3.982500E+02  1.644592E+02  1.644656E+02  2.397805E+02
 3.985000E+02  1.644888E+02  1.644952E+02  2.398546E+02
 3.987500E+02  1.645183E+02  1.645247E+02  2.399288E+02
 3.990000E+02  1.645479E+02  1.645543E+02  2.400029E+02
 3.992500E+02  1.645775E+02  1.645838E+02  2.400770E+02
 3.995000E+02  1.646070E+02  1.646134E+02  2.401510E+02
 3.997500E+02  1.646366E+02  1.646430E+02  2.402251E+02
 4.000000E+02  1.646662E+02  1.646726E+02  2.402991E+02
 4.002500E+02  1.646958E+02  1.647022E+02  2.403731E+02
 4.005000E+02  1.647255E+02  1.647318E+02  2.404471E+02
 4.007500E+02  1.647551E+02  1.647615E+02  2.405210E+02
 4.010000E+02  1.647847E+02  1.647911E+02  2.405949E+02
 4.012500E+02  1.648144E+02  1.648207E+02  2.406688E+02
 4.015000E+02  1.648440E+02  1.648504E+02  2.407427E+02
 4.017500E+02  1.648737E+02  1.648801E+02  2.408166E+02
 4.020000E+02  1.649034E+02  1.649097E+02  2.408904E+02
 4.022500E+02  1.649330E+02  1.649394E+02  2.409642E+02
 4.025000E+02  1.649627E+02  1.649691E+02  2.410380E+02
 4.027500E+02  1.649924E+02  1.649988E+02  2.411118E+02
 4.030000E+02  1.650221E+02  1.650285E+02  2.411855E+02
 4.032500E+02  1.650519E+02  1.650582E+02  2.412593E+02
 4.035000E+02  1.650816E+02  1.650880E+02  2.413330E+02
 4.037500E+02  1.651113E+02  1.651177E+02  2.414066E+02
 4.040000E+02  1.651411E+02  1.651474E+02  2.414803E+02
 4.042500E+02  1.651708E+02  1.651772E+02  2.415539E+02
 4.045000E+02  1.652006E+02  1.652070E+02  2.416275E+02
 4.047500E+02  1.652303E+02  1.652367E+02  2.417011E+02
 4.050000E+02  1.652601E+02  1.652665E+02  2.417746E+02
 4.052500E+02  1.652899E+02  1.652963E+02  2.418482E+02
 4.055000E+02  1.653197E+02  1.653261E+02  2.419217E+02
 4.057500E+02  1.653495E+02  1.653559E+02  2.419952E+02
 4.060000E+02  1.653793E+02  1.653857E+02  2.420686E+02
 4.062500E+02  1.654092E+02  1.654155E+02  2.421421E+02
 4.065000E+02  1.654390E+02  1.654454E+02  2.422155E+02
 4.067500E+02  1.654688E+02  1.654752E+02  2.422889E+02
 4.070000E+02  1.654987E+02  1.655051E+02  2.423622E+02
 4.072500E+02  1.655285E+02  1.655349E+02  2.424356E+02
 4.075000E+02  1.655584E+02  1.655648E+02  2.425089E+02
 4.077500E+02  1.655883E+02  1.655947E+02  2.425822E+02
 4.080000E+02  1.656182E+02  1.656246E+02  2.426554E+02
 4.082500E+02  1.656480E+02  1.656544E+02  2.427287E+02
 4.085000E+02  1.656779E+02  1.656843E+02  2.428019E+02
 4.087500E+02  1.657079E+02  1.657143E+02  2.428751E+02
 4.090000E+02  1.657378E+02  1.657442E+02  2.429482E+02
 4.092500E+02  1.657677E+02  1.657741E+02  2.430214E+02
 4.095000E+02  1.657976E+02  1.658040E+02  2.430945E+02
 4.097500E+02  1.658276E+02  1.658340E+02  2.431676E+02
 4.100000E+02  1.658575E+02  1.658639E+02  2.432407E+02
 4.102500E+02  1.658875E+02  1.658939E+02  2.433137E+02
 4.105000E+02  1.659174E+02  1.659238E+02  2.433867E+02
 4.107500E+02  1.659474E+02  1.659538E+02  2.434597E+02
 4.110000E+02  1.659774E+02  1.659838E+02  2.435327E+02
 4.112500E+02  1.660074E+02  1.660138E+02  2.436056E+02
 4.115000E+02  1.660374E+02  1.660438E+02  2.436786E+02
 4.117500E+02  1.660674E+02  1.660738E+02  2.437515E+02
 4.120000E+02  1.660974E+02  1.661038E+02  2.438243E+02
 4.122500E+02  1.661274E+02  1.661338E+02  2.438972E+02
 4.125000E+02  1.661574E+02  1.661638E+02  2.439700E+02
 4.127500E+02  1.661875E+02  1.661939E+02  2.440428E+02
 4.130000E+02  1.662175E+02  1.662239E+02  2.441155E+02
 4.132500E+02  1.662476E+02  1.662540E+02  2.441883E+02
 4.135000E+02  1.662776E+02  1.662840E+02  2.442610E+02
 4.137500E+02  1.663077E+02  1.663141E+02  2.443337E+02
 4.140000E+02  1.663378E+02  1.663442E+02  2.444064E+02
 4.142500E+02  1.663678E+02  1.663743E+02  2.444790E+02
 4.145000E+02  1.663979E+02  1.664043E+02  2.445516E+02
 4.147500E+02  1.664280E+02  1.664344E+02  2.446242E+02
 4.150000E+02  1.664581E+02  1.664646E+02  2.446968E+02
 4.152500E+02  1.664882E+02  1.664947E+02  2.447693E+02
 4.155000E+02  1.665184E+02  1.665248E+02  2.448418E+02
 4.157500E+02  1.665485E+02  1.665549E+02  2.449143E+02
 4.160000E+02  1.665786E+02  1.665850E+02  2.449868E+02
 4.162500E+02  1.666088E+02  1.666152E+02  2.450592E+02
 4.165000E+02  1.666389E+02  1.666453E+02  2.451316E+02
 4.167500E+02  1.666691E+02  1.666755E+02  2.452040E+02
 4.170000E+02  1.666992E+02  1.667056E+02  2.452763E+02
 4.172500E+02  1.667294E+02  1.667358E+02  2.453487E+02
 4.175000E+02  1.667596E+02  1.667660E+02  2.454210E+02
 4.177500E+02  1.667898E+02  1.667962E+02  2.454932E+02
 4.180000E+02  1.668199E+02  1.668264E+02  2.455655E+02
 4.182500E+02  1.668501E+02  1.668566E+02  2.456377E+02
 4.185000E+02  1.668803E+02  1.668868E+02  2.457099E+02
 4.187500E+02  1.669106E+02  1.669170E+02  2.457821E+02
 4.190000E+02  1.669408E+02  1.669472E+02  2.458542E+02
 4.192500E+02  1.669710E+02  1.669774E+02  2.459263E+02
 4.195000E+02  1.670012E+02  1.670077E+02  2.459984E+02
 4.197500E+02  1.670315E+02  1.670379E+02  2.460705E+02
 4.200000E+02  1.670617E+02  1.670681E+02  2.461425E+02
 4.202500E+02  1.670920E+02  1.670984E+02  2.462145E+02
 4.205000E+02  1.671222E+02  1.671287E+02  2.462865E+02
 4.207500E+02  1.671525E+02  1.671589E+02  2.463585E+02
 4.210000E+02  1.671828E+02  1.671892E+02  2.464304E+02
 4.212500E+02  1.672130E+02  1.672195E+02  2.465023E+02
 4.215000E+02  1.672433E+02  1.672498E+02  2.465742E+02
 4.217500E+02  1.672736E+02  1.672801E+02  2.466460E+02
 4.220000E+02  1.673039E+02  1.673104E+02  2.467178E+02
 4.222500E+02  1.673342E+02  1.673407E+02  2.467896E+02
 4.225000E+02  1.673645E+02  1.673710E+02  2.468614E+02
 4.227500E+02  1.673948E+02  1.674013E+02  2.469331E+02
 4.230000E+02  1.674252E+02  1.674316E+02  2.470048E+02
 4.232500E+02  1.674555E+02  1.674619E+02  2.470765E+02
 4.235000E+02  1.674858E+02  1.674923E+02  2.471482E+02
 4.237500E+02  1.675162E+02  1.675226E+02  2.472198E+02
 4.240000E+02  1.675465E+02  1.675530E+02  2.472914E+02
 4.242500E+02  1.675769E+02  1.675833E+02  2.473630E+02
 4.245000E+02  1.676072E+02  1.676137E+02  2.474345E+02
 4.247500E+02  1.676376E+02  1.676441E+02  2.475060E+02
 4.250000E+02  1.676680E+02  1.676744E+02  2.475775E+02
 4.252500E+02  1.676984E+02  1.677048E+02  2.476490E+02
 4.255000E+02  1.677288E+02  1.677352E+02  2.477204E+02
 4.257500E+02  1.677591E+02  1.677656E+02  2.477918E+02
 4.260000E+02  1.677895E+02  1.677960E+02  2.478632E+02
 4.262500E+02  1.678199E+02  1.678264E+02  2.479346E+02
 4.265000E+02  1.678504E+02  1.678568E+02  2.480059E+02
 4.267500E+02  1.678808E+02  1.678872E+02  2.480772E+02
 4.270000E+02  1.679112E+02  1.679176E+02  2.481484E+02
 4.272500E+02  1.679416E+02  1.679481E+02  2.482197E+02
 4.275000E+02  1.679720E+02  1.679785E+02  2.482909E+02
 4.277500E+02  1.680025E+02  1.680089E+02  2.483621E+02
 4.280000E+02  1.680329E+02  1.680394E+02  2.484332E+02
 4.282500E+02  1.680634E+02  1.680698E+02  2.485043E+02
 4.285000E+02  1.680938E+02  1.681003E+02  2.485754E+02
 4.287500E+02  1.681243E+02  1.681308E+02  2.486465E+02
 4.290000E+02  1.681548E+02  1.681612E+02  2.487175E+02
 4.292500E+02  1.681852E+02  1.681917E+02  2.487886E+02
 4.295000E+02  1.682157E+02  1.682222E+02  2.488595E+02
 4.297500E+02  1.682462E+02  1.682527E+02  2.489305E+02
 4.300000E+02  1.682767E+02  1.682831E+02  2.490014E+02
 4.302500E+02  1.683072E+02  1.683136E+02  2.490723E+02
 4.305000E+02  1.683377E+02  1.683441E+02  2.491432E+02
 4.307500E+02  1.683682E+02  1.683746E+02  2.492140E+02
 4.310000E+02  1.683987E+02  1.684052E+02  2.492848E+02
 4.312500E+02  1.684292E+02  1.684357E+02  2.493556E+02
 4.315000E+02  1.684597E+02  1.684662E+02  2.494264E+02
 4.317500E+02  1.684903E+02  1.684967E+02  2.494971E+02
 4.320000E+02  1.685208E+02  1.685273E+02  2.495678E+02
 4.322500E+02  1.685513E+02  1.685578E+02  2.496385E+02
 4.325000E+02  1.685819E+02  1.685883E+02  2.497091E+02
 4.327500E+02  1.686124E+02  1.686189E+02  2.497797E+02
 4.330000E+02  1.686430E+02  1.686494E+02  2.498503E+02
 4.332500E+02  1.686735E+02  1.686800E+02  2.499209E+02
 4.335000E+02  1.687041E+02  1.687106E+02  2.499914E+02
 4.337500E+02  1.687347E+02  1.687411E+02  2.500619E+02
 4.340000E+02  1.687652E+02  1.687717E+02  2.501323E+02
 4.342500E+02  1.687958E+02  1.688023E+02  2.502028E+02
 4.345000E+02  1.688264E+02  1.688329E+02  2.502732E+02
 4.347500E+02  1.688570E+02  1.688634E+02  2.503436E+02
 4.350000E+02  1.688876E+02  1.688940E+02  2.504139E+02
 4.352500E+02  1.689182E+02  1.689246E+02  2.504842E+02
 4.355000E+02  1.689488E+02  1.689552E+02  2.505545E+02
 4.357500E+02  1.689794E+02  1.689859E+02  2.506248E+02
 4.360000E+02  1.690100E+02  1.690165E+02  2.506950E+02
 4.362500E+02  1.690406E+02  1.690471E+02  2.507652E+02
 4.365000E+02  1.690712E+02  1.690777E+02  2.508354E+02
 4.367500E+02  1.691018E+02  1.691083E+02  2.509055E+02
 4.370000E+02  1.691325E+02  1.691390E+02  2.509757E+02
 4.372500E+02  1.691631E+02  1.691696E+02  2.510457E+02
 4.375000E+02  1.691938E+02  1.692002E+02  2.511158E+02
 4.377500E+02  1.692244E+02  1.692309E+02  2.511858E+02
 4.380000E+02  1.692550E+02  1.692615E+02  2.512558E+02
 4.382500E+02  1.692857E+02  1.692922E+02  2.513258E+02
 4.385000E+02  1.693164E+02  1.693228E+02  2.513957E+02
 4.387500E+02  1.693470E+02  1.693535E+02  2.514656E+02
 4.390000E+02  1.693777E+02  1.693842E+02  2.515355E+02
 4.392500E+02  1.694084E+02  1.694148E+02  2.516053E+02
 4.395000E+02  1.694390E+02  1.694455E+02  2.516752E+02
 4.397500E+02  1.694697E+02  1.694762E+02  2.517450E+02
 4.400000E+02  1.695004E+02  1.695069E+02  2.518147E+02
 4.402500E+02  1.695311E+02  1.695376E+02  2.518844E+02
 4.405000E+02  1.695618E+02  1.695683E+02  2.519541E+02
 4.407500E+02  1.695925E+02  1.695990E+02  2.520238E+02
 4.410000E+02  1.696232E+02  1.696297E+02  2.520935E+02
 4.412500E+02  1.696539E+02  1.696604E+02  2.521631E+02
 4.415000E+02  1.696846E+02  1.696911E+02  2.522326E+02
 4.417500E+02  1.697153E+02  1.697218E+02  2.523022E+02
 4.420000E+02  1.697460E+02  1.697525E+02  2.523717E+02
 4.422500E+02  1.697767E+02  1.697832E+02  2.524412E+02
 4.425000E+02  1.698075E+02  1.698140E+02  2.525107E+02
 4.427500E+02  1.698382E+02  1.698447E+02  2.525801E+02
 4.430000E+02  1.698689E+02  1.698754E+02  2.526495E+02
 4.432500E+02  1.698997E+02  1.699062E+02  2.527189E+02
 4.435000E+02  1.699304E+02  1.699369E+02  2.527882E+02
 4.437500E+02  1.699612E+02  1.699677E+02  2.528575E+02
 4.440000E+02  1.699919E+02  1.699984E+02  2.529268E+02
 4.442500E+02  1.700227E+02  1.700292E+02  2.529960E+02
 4.445000E+02  1.700534E+02  1.700599E+02  2.530653E+02
 4.447500E+02  1.700842E+02  1.700907E+02  2.531345E+02
 4.450000E+02  1.701150E+02  1.701215E+02  2.532036E+02
 4.452500E+02  1.701457E+02  1.701522E+02  2.532727E+02
 4.455000E+02  1.701765E+02  1.701830E+02  2.533418E+02
 4.457500E+02  1.702073E+02  1.702138E+02  2.534109E+02
 4.460000E+02  1.702381E+02  1.702446E+02  2.534800E+02
 4.462500E+02  1.702689E+02  1.702754E+02  2.535490E+02
 4.465000E+02  1.702996E+02  1.703062E+02  2.536179E+02
 4.467500E+02  1.703304E+02  1.703370E+02  2.536869E+02
 4.470000E+02  1.703612E+02  1.703677E+02  2.537558E+02
 4.472500E+02  1.703920E+02  1.703986E+02  2.538247E+02
 4.475000E+02  1.704228E+02  1.704294E+02  2.538936E+02
 4.477500E+02  1.704537E+02  1.704602E+02  2.539624E+02
 4.480000E+02  1.704845E+02  1.704910E+02  2.540312E+02
 4.482500E+02  1.705153E+02  1.705218E+02  2.541000E+02
 4.485000E+02  1.705461E+02  1.705526E+02  2.541687E+02
 4.487500E+02  1.705769E+02  1.705834E+02  2.542374E+02
 4.490000E+02  1.706077E+02  1.706143E+02  2.543061E+02
 4.492500E+02  1.706386E+02  1.706451E+02  2.543747E+02
 4.495000E+02  1.706694E+02  1.706759E+02  2.544433E+02
 4.497500E+02  1.707002E+02  1.707068E+02  2.545119E+02
 4.500000E+02  1.707311E+02  1.707376E+02  2.545805E+02
 4.502500E+02  1.707619E+02  1.707685E+02  2.546490E+02
 4.505000E+02  1.707928E+02  1.707993E+02  2.547175E+02
 4.507500E+02  1.708236E+02  1.708302E+02  2.547860E+02
 4.510000E+02  1.708545E+02  1.708610E+02  2.548544E+02
 4.512500E+02  1.708853E+02  1.708919E+02  2.549228E+02
 4.515000E+02  1.709162E+02  1.709227E+02  2.549912E+02
 4.517500E+02  1.709471E+02  1.709536E+02  2.550595E+02
 4.520000E+02  1.709779E+02  1.709845E+02  2.551278E+02
 4.522500E+02  1.710088E+02  1.710153E+02  2.551961E+02
 4.525000E+02  1.710397E+02  1.710462E+02  2.552644E+02
 4.527500E+02  2.005363E+02  2.042580E+02  3.286322E+02
 4.530000E+02  2.005599E+02  2.042837E+02  3.286890E+02
 4.532500E+02  2.005835E+02  2.043095E+02  3.287458E+02
 4.535000E+02  2.006071E+02  2.043352E+02  3.288026E+02
 4.537500E+02  2.006308E+02  2.043609E+02  3.288593E+02
 4.540000E+02  2.006544E+02  2.043867E+02  3.289160E+02
 4.542500E+02  2.006781E+02  2.044124E+02  3.289728E+02
 4.545000E+02  2.007017E+02  2.044382E+02  3.290295E+02
 4.547500E+02  2.007254E+02  2.044640E+02  3.290862E+02
 4.550000E+02  2.007491E+02  2.044898E+02  3.291429E+02
 4.552500E+02  2.007728E+02  2.045156E+02  3.291995E+02
 4.555000E+02  2.007964E+02  2.045414E+02  3.292562E+02
 4.557500E+02  2.008202E+02  2.045672E+02  3.293128E+02
 4.560000E+02  2.008439E+02  2.045930E+02  3.293695E+02
 4.562500E+02  2.008676E+02  2.046188E+02  3.294261E+02
 4.565000E+02  2.008913E+02  2.046446E+02  3.294827E+02
 4.567500E+02  2.009150E+02  2.046705E+02  3.295393E+02
 4.570000E+02  2.009388E+02  2.046963E+02  3.295959E+02
 4.572500E+02  2.009625E+02  2.047222E+02  3.296524E+02
 4.575000E+02  2.009863E+02  2.047481E+02  3.297090E+02
 4.577500E+02  2.010101E+02  2.047739E+02  3.297655E+02
 4.580000E+02  2.010338E+02  2.047998E+02  3.298220E+02
 4.582500E+02  2.010576E+02  2.048257E+02  3.298786E+02
 4.585000E+02  2.010814E+02  2.048516E+02  3.299351E+02
 4.587500E+02  2.011052E+02  2.048775E+02  3.299915E+02
 4.590000E+02  2.011290E+02  2.049034E+02  3.300480E+02
 4.592500E+02  2.011528E+02  2.049293E+02  3.301045E+02
 4.595000E+02  2.011767E+02  2.049553E+02  3.301609E+02
 4.597500E+02  2.012005E+02  2.049812E+02  3.302173E+02
 4.600000E+02  2.012243E+02  2.050072E+02  3.302738E+02
 4.602500E+02  2.012482E+02  2.050331E+02  3.303302E+02
 4.605000E+02  2.012720E+02  2.050591E+02  3.303866E+02
 4.607500E+02  2.012959E+02  2.050850E+02  3.304429E+02
 4.610000E+02  2.013198E+02  2.051110E+02  3.304993E+02
 4.612500E+02  2.013437E+02  2.051370E+02  3.305557E+02
 4.615000E+02  2.013675E+02  2.051630E+02  3.306120E+02
 4.617500E+02  2.013914E+02  2.051890E+02  3.306683E+02
 4.620000E+02  2.014153E+02  2.052150E+02  3.307246E+02
 4.622500E+02  2.014393E+02  2.052410E+02  3.307809E+02
 4.625000E+02  2.014632E+02  2.052671E+02  3.308372E+02
 4.627500E+02  2.014871E+02  2.052931E+02  3.308935E+02
 4.630000E+02  2.015110E+02  2.053191E+02  3.309498E+02
 4.632500E+02  2.015350E+02  2.053452E+02  3.310060E+02
 4.635000E+02  2.015589E+02  2.053712E+02  3.310622E+02
 4.637500E+02  2.015829E+02  2.053973E+02  3.311185E+02
 4.640000E+02  2.016069E+02  2.054234E+02  3.311747E+02
 4.642500E+02  2.016308E+02  2.054495E+02  3.312309E+02
 4.645000E+02  2.016548E+02  2.054755E+02  3.312870E+02
 4.647500E+02  2.016788E+02  2.055016E+02  3.313432E+02
 4.650000E+02  2.017028E+02  2.055277E+02  3.313994E+02
 4.652500E+02  2.017268E+02  2.055539E+02  3.314555E+02
 4.655000E+02  2.017508E+02  2.055800E+02  3.315116E+02
 4.657500E+02  2.017749E+02  2.056061E+02  3.315678E+02
 4.660000E+02  2.017989E+02  2.056322E+02  3.316239E+02
 4.662500E+02  2.018229E+02  2.056584E+02  3.316799E+02
 4.665000E+02  2.018470E+02  2.056845E+02  3.317360E+02
 4.667500E+02  2.018710E+02  2.057107E+02  3.317921E+02
 4.670000E+02  2.018951E+02  2.057369E+02  3.318481E+02
 4.672500E+02  2.019192E+02  2.057630E+02  3.319042E+02
 4.675000E+02  2.019433E+02  2.057892E+02  3.319602E+02
 4.677500E+02  2.019673E+02  2.058154E+02  3.320162E+02
 4.680000E+02  2.019914E+02  2.058416E+02  3.320722E+02
 4.682500E+02  2.020155E+02  2.058678E+02  3.321282E+02
 4.685000E+02  2.020397E+02  2.058940E+02  3.321842E+02
 4.687500E+02  2.020638E+02  2.059203E+02  3.322401E+02
 4.690000E+02  2.020879E+02  2.059465E+02  3.322961E+02
 4.692500E+02  2.021120E+02  2.059727E+02  3.323520E+02
 4.695000E+02  2.021362E+02  2.059990E+02  3.324079E+02
 4.697500E+02  2.021603E+02  2.060252E+02  3.324638E+02
 4.700000E+02  2.021845E+02  2.060515E+02  3.325197E+02
 4.702500E+02  2.022087E+02  2.060778E+02  3.325756E+02
 4.705000E+02  2.022328E+02  2.061041E+02  3.326315E+02
 4.707500E+02  2.022570E+02  2.061303E+02  3.326873E+02
 4.710000E+02  2.022812E+02  2.061566E+02  3.327432E+02
 4.712500E+02  2.023054E+02  2.061829E+02  3.327990E+02
 4.715000E+02  2.023296E+02  2.062093E+02  3.328548E+02
 4.717500E+02  2.023538E+02  2.062356E+02  3.329106E+02
 4.720000E+02  2.023780E+02  2.062619E+02  3.329664E+02
 4.722500E+02  2.024023E+02  2.062882E+02  3.330222E+02
 4.725000E+02  2.024265E+02  2.063146E+02  3.330780E+02
 4.727500E+02  2.024508E+02  2.063409E+02  3.331337E+02
 4.730000E+02  2.024750E+02  2.063673E+02  3.331894E+02
 4.732500E+02  2.024993E+02  2.063936E+02  3.332452E+02
 4.735000E+02  2.025235E+02  2.064200E+02  3.333009E+02
 4.737500E+02  2.025478E+02  2.064464E+02  3.333566E+02
 4.740000E+02  2.025721E+02  2.064728E+02  3.334123E+02
 4.742500E+02  2.025964E+02  2.064992E+02  3.334679E+02
 4.745000E+02  2.026207E+02  2.065256E+02  3.335236E+02
 4.747500E+02  2.026450E+02  2.065520E+02  3.335793E+02
 4.750000E+02  2.026693E+02  2.065784E+02  3.336349E+02
 4.752500E+02  2.026937E+02  2.066049E+02  3.336905E+02
 4.755000E+02  2.027180E+02  2.066313E+02  3.337461E+02
 4.757500E+02  2.027423E+02  2.066577E+02  3.338017E+02
 4.760000E+02  2.027667E+02  2.066842E+02  3.338573E+02
 4.762500E+02  2.027910E+02  2.067106E+02  3.339129E+02
 4.765000E+02  2.028154E+02  2.067371E+02  3.339684E+02
 4.767500E+02  2.028398E+02  2.067636E+02  3.340240E+02
 4.770000E+02  2.028641E+02  2.067901E+02  3.340795E+02
 4.772500E+02  2.028885E+02  2.068166E+02  3.341350E+02
 4.775000E+02  2.029129E+02  2.068431E+02  3.341905E+02
 4.777500E+02  2.029373E+02  2.068696E+02  3.342460E+02
 4.780000E+02  2.029617E+02  2.068961E+02  3.343015E+02
 4.782500E+02  2.029862E+02  2.069226E+02  3.343570E+02
 4.785000E+02  2.030106E+02  2.069491E+02  3.344124E+02
 4.787500E+02  2.030350E+02  2.069757E+02  3.344679E+02
 4.790000E+02  2.030595E+02  2.070022E+02  3.345233E+02
 4.792500E+02  2.030839E+02  2.070288E+02  3.345787E+02
 4.795000E+02  2.031084E+02  2.070553E+02  3.346341E+02
 4.797500E+02  2.031328E+02  2.070819E+02  3.346895E+02
 4.800000E+02  2.031573E+02  2.071085E+02  3.347449E+02
 4.802500E+02  2.031818E+02  2.071350E+02  3.348003E+02
 4.805000E+02  2.032063E+02  2.071616E+02  3.348556E+02
 4.807500E+02  2.032308E+02  2.071882E+02  3.349110E+02
 4.810000E+02  2.032553E+02  2.072148E+02  3.349663E+02
 4.812500E+02  2.032798E+02  2.072415E+02  3.350216E+02
 4.815000E+02  2.033043E+02  2.072681E+02  3.350769E+02
 4.817500E+02  2.033288E+02  2.072947E+02  3.351322E+02
 4.820000E+02  2.033534E+02  2.073213E+02  3.351875E+02
 4.822500E+02  2.033779E+02  2.073480E+02  3.352428E+02
 4.825000E+02  2.034024E+02  2.073746E+02  3.352980E+02
 4.827500E+02  2.034270E+02  2.074013E+02  3.353533E+02
 4.830000E+02  2.034516E+02  2.074280E+02  3.354085E+02
 4.832500E+02  2.034761E+02  2.074546E+02  3.354637E+02
 4.835000E+02  2.035007E+02  2.074813E+02  3.355189E+02
 4.837500E+02  2.035253E+02  2.075080E+02  3.355741E+02
 4.840000E+02  2.035499E+02  2.075347E+02  3.356293E+02
 4.842500E+02  2.035745E+02  2.075614E+02  3.356844E+02
 4.845000E+02  2.035991E+02  2.075881E+02  3.357396E+02
 4.847500E+02  2.036237E+02  2.076149E+02  3.357947E+02
 4.850000E+02  2.036484E+02  2.076416E+02  3.358499E+02
 4.852500E+02  2.036730E+02  2.076683E+02  3.359050E+02
 4.855000E+02  2.036976E+02  2.076951E+02  3.359601E+02
 4.857500E+02  2.037223E+02  2.077218E+02  3.360152E+02
 4.860000E+02  2.037469E+02  2.077486E+02  3.360702E+02
 4.862500E+02  2.037716E+02  2.077753E+02  3.361253E+02
 4.865000E+02  2.037963E+02  2.078021E+02  3.361803E+02
 4.867500E+02  2.038210E+02  2.078289E+02  3.362354E+02
 4.870000E+02  2.038457E+02  2.078557E+02  3.362904E+02
 4.872500E+02  2.038704E+02  2.078825E+02  3.363454E+02
 4.875000E+02  2.038951E+02  2.079093E+02  3.364004E+02
 4.877500E+02  2.039198E+02  2.079361E+02  3.364554E+02
 4.880000E+02  2.039445E+02  2.079629E+02  3.365104E+02
 4.882500E+02  2.039692E+02  2.079898E+02  3.365653E+02
 4.885000E+02  2.039939E+02  2.080166E+02  3.366203E+02
 4.887500E+02  2.040187E+02  2.080434E+02  3.366752E+02
 4.890000E+02  2.040434E+02  2.080703E+02  3.367302E+02
 4.892500E+02  2.040682E+02  2.080972E+02  3.367851E+02
 4.895000E+02  2.040930E+02  2.081240E+02  3.368400E+02
 4.897500E+02  2.041177E+02  2.081509E+02  3.368949E+02
 4.900000E+02  2.041425E+02  2.081778E+02  3.369497E+02
 4.902500E+02  2.041673E+02  2.082047E+02  3.370046E+02
 4.905000E+02  2.041921E+02  2.082316E+02  3.370594E+02
 4.907500E+02  2.042169E+02  2.082585E+02  3.371143E+02
 4.910000E+02  2.042417E+02  2.082854E+02  3.371691E+02
 4.912500E+02  2.042665E+02  2.083123E+02  3.372239E+02
 4.915000E+02  2.042913E+02  2.083392E+02  3.372787E+02
 4.917500E+02  2.043162E+02  2.083662E+02  3.373335E+02
 4.920000E+02  2.043410E+02  2.083931E+02  3.373883E+02
 4.922500E+02  2.043659E+02  2.084201E+02  3.374430E+02
 4.925000E+02  2.043907E+02  2.084470E+02  3.374978E+02
 4.927500E+02  2.044156E+02  2.084740E+02  3.375525E+02
 4.930000E+02  2.044405E+02  2.085010E+02  3.376073E+02
 4.932500E+02  2.044653E+02  2.085279E+02  3.376620E+02
 4.935000E+02  2.044902E+02  2.085549E+02  3.377167E+02
 4.937500E+02  2.045151E+02  2.085819E+02  3.377714E+02
 4.940000E+02  2.045400E+02  2.086089E+02  3.378260E+02
 4.942500E+02  2.045649E+02  2.086359E+02  3.378807E+02
 4.945000E+02  2.045898E+02  2.086629E+02  3.379354E+02
 4.947500E+02  2.046148E+02  2.086900E+02  3.379900E+02
 4.950000E+02  2.046397E+02  2.087170E+02  3.380446E+02
 4.952500E+02  2.046646E+02  2.087440E+02  3.380992E+02
 4.955000E+02  2.046896E+02  2.087711E+02  3.381538E+02
 4.957500E+02  2.047145E+02  2.087982E+02  3.382084E+02
 4.960000E+02  2.047395E+02  2.088252E+02  3.382630E+02
 4.962500E+02  2.047645E+02  2.088523E+02  3.383176E+02
 4.965000E+02  2.047894E+02  2.088794E+02  3.383721E+02
 4.967500E+02  2.048144E+02  2.089064E+02  3.384267E+02
 4.970000E+02  2.048394E+02  2.089335E+02  3.384812E+02
 4.972500E+02  2.048644E+02  2.089606E+02  3.385357E+02
 4.975000E+02  2.048894E+02  2.089878E+02  3.385902E+02
 4.977500E+02  2.049144E+02  2.090149E+02  3.386447E+02
 4.980000E+02  2.049395E+02  2.090420E+02  3.386992E+02
 4.982500E+02  2.049645E+02  2.090691E+02  3.387536E+02
 4.985000E+02  2.049895E+02  2.090963E+02  3.388081E+02
 4.987500E+02  2.050146E+02  2.091234E+02  3.388625E+02
 4.990000E+02  2.050396E+02  2.091506E+02  3.389170E+02
 4.992500E+02  2.050647E+02  2.091777E+02  3.389714E+02
 4.995000E+02  2.050898E+02  2.092049E+02  3.390258E+02
 4.997500E+02  2.051148E+02  2.092321E+02  3.390802E+02
 5.000000E+02  2.051399E+02  2.092592E+02  3.391345E+02
