#         T/K     Cv/J*K^-1     Cp/J*K^-1
 2.500000E+02  6.925964E+01  6.926191E+01
 2.502500E+02  6.929329E+01  6.929556E+01
 2.505000E+02  6.932682E+01  6.932910E+01
 2.507500E+02  6.936035E+01  6.936264E+01
 2.510000E+02  6.939389E+01  6.939618E+01
 2.512500E+02  6.942743E+01  6.942972E+01
 2.515000E+02  6.946098E+01  6.946327E+01
 2.517500E+02  6.949454E+01  6.949683E+01
 2.520000E+02  6.952810E+01  6.953039E+01
 2.522500E+02  6.956167E+01  6.956396E+01
 2.525000E+02  6.959524E+01  6.959753E+01
 2.527500E+02  6.962882E+01  6.963111E+01
 2.530000E+02  6.966240E+01  6.966470E+01
 2.532500E+02  6.969599E+01  6.969829E+01
 2.535000E+02  6.972959E+01  6.973189E+01
 2.537500E+02  6.976319E+01  6.976549E+01
 2.540000E+02  6.979680E+01  6.979911E+01
 2.542500E+02  6.983042E+01  6.983273E+01
 2.545000E+02  6.986405E+01  6.986635E+01
 2.547500E+02  6.989768E+01  6.989999E+01
 2.550000E+02  6.993132E+01  6.993363E+01
 2.552500E+02  6.996496E+01  6.996727E+01
 2.555000E+02  6.999862E+01  7.000093E+01
 2.557500E+02  7.003228E+01  7.003459E+01
 2.560000E+02  7.006595E+01  7.006827E+01
 2.562500E+02  7.009963E+01  7.010195E+01
 2.565000E+02  7.013332E+01  7.013563E+01
 2.567500E+02  7.016701E+01  7.016933E+01
 2.570000E+02  7.020072E+01  7.020303E+01
 2.572500E+02  7.023443E+01  7.023675E+01
 2.575000E+02  7.026815E+01  7.027047E+01
 2.577500E+02  7.030188E+01  7.030420E+01
 2.580000E+02  7.033562E+01  7.033794E+01
 2.582500E+02  7.036937E+01  7.037169E+01
 2.585000E+02  7.040313E+01  7.040545E+01
 2.587500E+02  7.043689E+01  7.043922E+01
 2.590000E+02  7.047067E+01  7.047300E+01
 2.592500E+02  7.050446E+01  7.050678E+01
 2.595000E+02  7.053825E+01  7.054058E+01
 2.597500E+02  7.057206E+01  7.057439E+01
 2.600000E+02  7.060588E+01  7.060820E+01
 2.602500E+02  7.063970E+01  7.064203E+01
 2.605000E+02  7.067354E+01  7.067587E+01
 2.607500E+02  7.070738E+01  7.070972E+01
 2.610000E+02  7.074124E+01  7.074357E+01
 2.612500E+02  7.077511E+01  7.077744E+01
 2.615000E+02  7.080899E+01  7.081132E+01
 2.617500E+02  7.084288E+01  7.084521E+01
 2.620000E+02  7.087678E+01  7.087911E+01
 2.622500E+02  7.091069E+01  7.091302E+01
 2.625000E+02  7.094461E+01  7.094695E+01
 2.627500E+02  7.097854E+01  7.098088E+01
 2.630000E+02  7.101249E+01  7.101483E+01
 2.632500E+02  7.104644E+01  7.104878E+01
 2.635000E+02  7.108041E+01  7.108275E+01
 2.637500E+02  7.111439E+01  7.111673E+01
 2.640000E+02  7.114838E+01  7.115072E+01
 2.642500E+02  7.118238E+01  7.118472E+01
 2.645000E+02  7.121640E+01  7.121874E+01
 2.647500E+02  7.125042E+01  7.125276E+01
 2.650000E+02  7.128446E+01  7.128680E+01
 2.652500E+02  7.131851E+01  7.132085E+01
 2.655000E+02  7.135257E+01  7.135492E+01
 2.657500E+02  7.138665E+01  7.138899E+01
 2.660000E+02  7.142073E+01  7.142308E+01
 2.662500E+02  7.145483E+01  7.145718E+01
 2.665000E+02  7.148894E+01  7.149129E+01
 2.667500E+02  7.152307E+01  7.152541E+01
 2.670000E+02  7.155720E+01  7.155955E+01
 2.672500E+02  7.159135E+01  7.159370E+01
 2.675000E+02  7.162551E+01  7.162786E+01
 2.677500E+02  7.165969E+01  7.166203E+01
 2.680000E+02  7.169387E+01  7.169622E+01
 2.682500E+02  7.172807E+01  7.173042E+01
 2.685000E+02  7.176229E+01  7.176463E+01
 2.687500E+02  7.179651E+01  7.179886E+01
 2.690000E+02  7.183075E+01  7.183310E+01
 2.692500E+02  7.186500E+01  7.186735E+01
 2.695000E+02  7.189927E+01  7.190162E+01
 2.697500E+02  7.193355E+01  7.193590E+01
 2.700000E+02  7.196784E+01  7.197019E+01
 2.702500E+02  7.200214E+01  7.200449E+01
 2.705000E+02  7.203646E+01  7.203881E+01
 2.707500E+02  7.207079E+01  7.207314E+01
 2.710000E+02  7.210514E+01  7.210749E+01
 2.712500E+02  7.213949E+01  7.214184E+01
 2.715000E+02  7.217387E+01  7.217622E+01
 2.717500E+02  7.220825E+01  7.221060E+01
 2.720000E+02  7.224265E+01  7.224500E+01
 2.722500E+02  7.227706E+01  7.227941E+01
 2.725000E+02  7.231149E+01  7.231384E+01
 2.727500E+02  7.234593E+01  7.234828E+01
 2.730000E+02  7.238038E+01  7.238273E+01
 2.732500E+02  7.241485E+01  7.241720E+01
 2.735000E+02  7.244933E+01  7.245168E+01
 2.737500E+02  7.248382E+01  7.248617E+01
 2.740000E+02  7.251833E+01  7.252068E+01
 2.742500E+02  7.255285E+01  7.255520E+01
 2.745000E+02  7.258739E+01  7.258974E+01
 2.747500E+02  7.262194E+01  7.262429E+01
 2.750000E+02  7.265650E+01  7.265885E+01
 2.752500E+02  7.269108E+01  7.269343E+01
 2.755000E+02  7.272567E+01  7.272802E+01
 2.757500E+02  7.276027E+01  7.276263E+01
 2.760000E+02  7.279489E+01  7.279724E+01
 2.762500E+02  7.282953E+01  7.283188E+01
 2.765000E+02  7.286417E+01  7.286652E+01
 2.767500E+02  7.289883E+01  7.290119E+01
 2.770000E+02  7.293351E+01  7.293586E+01
 2.772500E+02  7.296820E+01  7.297055E+01
 2.775000E+02  7.300290E+01  7.300525E+01
 2.777500E+02  7.303762E+01  7.303997E+01
 2.780000E+02  7.307235E+01  7.307470E+01
 2.782500E+02  7.310709E+01  7.310944E+01
 2.785000E+02  7.314185E+01  7.314420E+01
 2.787500E+02  7.317662E+01  7.317897E+01
 2.790000E+02  7.321141E+01  7.321376E+01
 2.792500E+02  7.324621E+01  7.324856E+01
 2.795000E+02  7.328102E+01  7.328337E+01
 2.797500E+02  7.331585E+01  7.331820E+01
 2.800000E+02  7.335069E+01  7.335304E+01
 2.802500E+02  7.338555E+01  7.338790E+01
 2.805000E+02  7.342041E+01  7.342276E+01
 2.807500E+02  7.345530E+01  7.345765E+01
 2.810000E+02  7.349019E+01  7.349254E+01
 2.812500E+02  7.352511E+01  7.352745E+01
 2.815000E+02  7.356003E+01  7.356238E+01
 2.817500E+02  7.359497E+01  7.359732E+01
 2.820000E+02  7.362992E+01  7.363227E+01
 2.822500E+02  7.366489E+01  7.366723E+01
 2.825000E+02  7.369987E+01  7.370221E+01
 2.827500E+02  7.373486E+01  7.373721E+01
 2.830000E+02  7.376986E+01  7.377221E+01
 2.832500E+02  7.380488E+01  7.380723E+01
 2.835000E+02  7.383992E+01  7.384227E+01
 2.837500E+02  7.387497E+01  7.387731E+01
 2.840000E+02  7.391003E+01  7.391237E+01
 2.842500E+02  7.394510E+01  7.394745E+01
 2.845000E+02  7.398019E+01  7.398253E+01
 2.847500E+02  7.401529E+01  7.401763E+01
 2.850000E+02  7.405040E+01  7.405275E+01
 2.852500E+02  7.408553E+01  7.408788E+01
 2.855000E+02  7.412067E+01  7.412302E+01
 2.857500E+02  7.415583E+01  7.415817E+01
 2.860000E+02  7.419099E+01  7.419334E+01
 2.862500E+02  7.422617E+01  7.422852E+01
 2.865000E+02  7.426137E+01  7.426371E+01
 2.867500E+02  7.429657E+01  7.429892E+01
 2.870000E+02  7.433179E+01  7.433414E+01
 2.872500E+02  7.436703E+01  7.436937E+01
 2.875000E+02  7.440227E+01  7.440462E+01
 2.877500E+02  7.443753E+01  7.443987E+01
 2.880000E+02  7.447280E+01  7.447514E+01
 2.882500E+02  7.450809E+01  7.451043E+01
 2.885000E+02  7.454338E+01  7.454572E+01
 2.887500E+02  7.457869E+01  7.458103E+01
 2.890000E+02  7.461401E+01  7.461636E+01
 2.892500E+02  7.464935E+01  7.465169E+01
 2.895000E+02  7.468470E+01  7.468704E+01
 2.897500E+02  7.472006E+01  7.472240E+01
 2.900000E+02  7.475543E+01  7.475777E+01
 2.902500E+02  7.479081E+01  7.479315E+01
 2.905000E+02  7.482621E+01  7.482855E+01
 2.907500E+02  7.486162E+01  7.486396E+01
 2.910000E+02  7.489704E+01  7.489938E+01
 2.912500E+02  7.493247E+01  7.493481E+01
 2.915000E+02  7.496791E+01  7.497025E+01
 2.917500E+02  7.500337E+01  7.500571E+01
 2.920000E+02  7.503884E+01  7.504118E+01
 2.922500E+02  7.507432E+01  7.507666E+01
 2.925000E+02  7.510981E+01  7.511215E+01
 2.927500E+02  7.514532E+01  7.514765E+01
 2.930000E+02  7.518083E+01  7.518317E+01
 2.932500E+02  7.521636E+01  7.521870E+01
 2.935000E+02  7.525190E+01  7.525423E+01
 2.937500E+02  7.528745E+01  7.528978E+01
 2.940000E+02  7.532301E+01  7.532535E+01
 2.942500E+02  7.535858E+01  7.536092E+01
 2.945000E+02  7.539417E+01  7.539650E+01
 2.947500E+02  7.542976E+01  7.543210E+01
 2.950000E+02  7.546537E+01  7.546770E+01
 2.952500E+02  7.550098E+01  7.550332E+01
 2.955000E+02  7.553661E+01  7.553895E+01
 2.957500E+02  7.557225E+01  7.557458E+01
 2.960000E+02  7.560790E+01  7.561023E+01
 2.962500E+02  7.564356E+01  7.564589E+01
 2.965000E+02  7.567923E+01  7.568156E+01
 2.967500E+02  7.571491E+01  7.571724E+01
 2.970000E+02  7.575060E+01  7.575294E+01
 2.972500E+02  7.578631E+01  7.578864E+01
 2.975000E+02  7.582202E+01  7.582435E+01
 2.977500E+02  7.585774E+01  7.586007E+01
 2.980000E+02  7.589347E+01  7.589580E+01
 2.982500E+02  7.592921E+01  7.593154E+01
 2.985000E+02  7.596497E+01  7.596730E+01
 2.987500E+02  7.600073E+01  7.600306E+01
 2.990000E+02  7.603650E+01  7.603883E+01
 2.992500E+02  7.607228E+01  7.607461E+01
 2.995000E+02  7.610807E+01  7.611040E+01
 2.997500E+02  7.614387E+01  7.614620E+01
 3.000000E+02  7.617968E+01  7.618201E+01
 3.002500E+02  7.621550E+01  7.621783E+01
 3.005000E+02  7.625133E+01  7.625366E+01
 3.007500E+02  7.628717E+01  7.628950E+01
 3.010000E+02  7.632302E+01  7.632534E+01
 3.012500E+02  7.635887E+01  7.636120E+01
 3.015000E+02  7.639474E+01  7.639706E+01
 3.017500E+02  7.643061E+01  7.643294E+01
 3.020000E+02  7.646649E+01  7.646882E+01
 3.022500E+02  7.650238E+01  7.650471E+01
 3.025000E+02  7.653828E+01  7.654061E+01
 3.027500E+02  7.657419E+01  7.657652E+01
 3.030000E+02  7.661011E+01  7.661243E+01
 3.032500E+02  7.664603E+01  7.664836E+01
 3.035000E+02  7.668196E+01  7.668429E+01
 3.037500E+02  7.671790E+01  7.672023E+01
 3.040000E+02  7.675385E+01  7.675618E+01
 3.042500E+02  7.678981E+01  7.679213E+01
 3.045000E+02  7.682577E+01  7.682810E+01
 3.047500E+02  7.686175E+01  7.686407E+01
 3.050000E+02  7.689772E+01  7.690005E+01
 3.052500E+02  7.693371E+01  7.693604E+01
 3.055000E+02  7.696971E+01  7.697203E+01
 3.057500E+02  7.700571E+01  7.700803E+01
 3.060000E+02  7.704172E+01  7.704404E+01
 3.062500E+02  7.707773E+01  7.708005E+01
 3.065000E+02  7.711375E+01  7.711608E+01
 3.067500E+02  7.714978E+01  7.715211E+01
 3.070000E+02  7.718582E+01  7.718814E+01
 3.072500E+02  7.722186E+01  7.722419E+01
 3.075000E+02  7.725791E+01  7.726024E+01
 3.077500E+02  7.729397E+01  7.729629E+01
 3.080000E+02  7.733003E+01  7.733235E+01
 3.082500E+02  7.736610E+01  7.736842E+01
 3.085000E+02  7.740218E+01  7.740450E+01
 3.087500E+02  7.743826E+01  7.744058E+01
 3.090000E+02  7.747435E+01  7.747667E+01
 3.092500E+02  7.751044E+01  7.751276E+01
 3.095000E+02  7.754654E+01  7.754886E+01
 3.097500E+02  7.758264E+01  7.758496E+01
 3.100000E+02  7.761875E+01  7.762107E+01
 3.102500E+02  7.765487E+01  7.765719E+01
 3.105000E+02  7.769099E+01  7.769331E+01
 3.107500E+02  7.772712E+01  7.772944E+01
 3.110000E+02  7.776325E+01  7.776557E+01
 3.112500E+02  7.779938E+01  7.780170E+01
 3.115000E+02  7.783553E+01  7.783785E+01
 3.117500E+02  7.787167E+01  7.787399E+01
 3.120000E+02  7.790782E+01  7.791014E+01
 3.122500E+02  7.794398E+01  7.794630E+01
 3.125000E+02  7.798014E+01  7.798246E+01
 3.127500E+02  7.801631E+01  7.801863E+01
 3.130000E+02  7.805247E+01  7.805480E+01
 3.132500E+02  7.808865E+01  7.809097E+01
 3.135000E+02  7.812483E+01  7.812715E+01
 3.137500E+02  7.816101E+01  7.816333E+01
 3.140000E+02  7.819719E+01  7.819952E+01
 3.142500E+02  7.823338E+01  7.823571E+01
 3.145000E+02  7.826958E+01  7.827190E+01
 3.147500E+02  7.830578E+01  7.830810E+01
 3.150000E+02  7.834198E+01  7.834430E+01
 3.152500E+02  7.837818E+01  7.838050E+01
 3.155000E+02  7.841439E+01  7.841671E+01
 3.157500E+02  7.845060E+01  7.845292E+01
 3.160000E+02  7.848681E+01  7.848913E+01
 3.162500E+02  7.852303E+01  7.852535E+01
 3.165000E+02  7.855925E+01  7.856157E+01
 3.167500E+02  7.859547E+01  7.859779E+01
 3.170000E+02  7.863170E+01  7.863402E+01
 3.172500E+02  7.866792E+01  7.867025E+01
 3.175000E+02  7.870416E+01  7.870648E+01
 3.177500E+02  7.874039E+01  7.874271E+01
 3.180000E+02  7.877662E+01  7.877895E+01
 3.182500E+02  7.881286E+01  7.881518E+01
 3.185000E+02  7.884910E+01  7.885142E+01
 3.187500E+02  7.888534E+01  7.888766E+01
 3.190000E+02  7.892158E+01  7.892391E+01
 3.192500E+02  7.895783E+01  7.896015E+01
 3.195000E+02  7.899408E+01  7.899640E+01
 3.197500E+02  7.903032E+01  7.903265E+01
 3.200000E+02  7.906657E+01  7.906890E+01
 3.202500E+02  7.910283E+01  7.910515E+01
 3.205000E+02  7.913908E+01  7.914140E+01
 3.207500E+02  7.917533E+01  7.917766E+01
 3.210000E+02  7.921159E+01  7.921391E+01
 3.212500E+02  7.924784E+01  7.925017E+01
 3.215000E+02  7.928410E+01  7.928642E+01
 3.217500E+02  7.932036E+01  7.932268E+01
 3.220000E+02  7.935661E+01  7.935894E+01
 3.222500E+02  7.939287E+01  7.939520E+01
 3.225000E+02  7.942913E+01  7.943146E+01
 3.227500E+02  7.946539E+01  7.946772E+01
 3.230000E+02  7.950165E+01  7.950397E+01
 3.232500E+02  7.953791E+01  7.954023E+01
 3.235000E+02  7.957417E+01  7.957649E+01
 3.237500E+02  7.961043E+01  7.961275E+01
 3.240000E+02  7.964669E+01  7.964901E+01
 3.242500E+02  7.968294E+01  7.968527E+01
 3.245000E+02  7.971920E+01  7.972153E+01
 3.247500E+02  7.975546E+01  7.975779E+01
 3.250000E+02  7.979172E+01  7.979405E+01
 3.252500E+02  7.982797E+01  7.983030E+01
 3.255000E+02  7.986423E+01  7.986656E+01
 3.257500E+02  7.990048E+01  7.990282E+01
 3.260000E+02  7.993674E+01  7.993907E+01
 3.262500E+02  7.997299E+01  7.997532E+01
 3.265000E+02  8.000924E+01  8.001157E+01
 3.267500E+02  8.004549E+01  8.004783E+01
 3.270000E+02  8.008174E+01  8.008407E+01
 3.272500E+02  8.011799E+01  8.012032E+01
 3.275000E+02  8.015424E+01  8.015657E+01
 3.277500E+02  8.019048E+01  8.019281E+01
 3.280000E+02  8.022672E+01  8.022906E+01
 3.282500E+02  8.026296E+01  8.026530E+01
 3.285000E+02  8.029920E+01  8.030153E+01
 3.287500E+02  8.033544E+01  8.033777E+01
 3.290000E+02  8.037167E+01  8.037401E+01
 3.292500E+02  8.040790E+01  8.041024E+01
 3.295000E+02  8.044413E+01  8.044647E+01
 3.297500E+02  8.048036E+01  8.048270E+01
 3.300000E+02  8.051658E+01  8.051892E+01
 3.302500E+02  8.055280E+01  8.055514E+01
 3.305000E+02  8.058902E+01  8.059136E+01
 3.307500E+02  8.062524E+01  8.062758E+01
 3.310000E+02  8.066145E+01  8.066379E+01
 3.312500E+02  8.069766E+01  8.070000E+01
 3.315000E+02  8.073387E+01  8.073621E+01
 3.317500E+02  8.077007E+01  8.077241E+01
 3.320000E+02  8.080627E+01  8.080861E+01
 3.322500E+02  8.084246E+01  8.084481E+01
 3.325000E+02  8.087866E+01  8.088100E+01
 3.327500E+02  8.091485E+01  8.091719E+01
 3.330000E+02  8.095103E+01  8.095338E+01
 3.332500E+02  8.098721E+01  8.098956E+01
 3.335000E+02  8.102339E+01  8.102574E+01
 3.337500E+02  8.105956E+01  8.106191E+01
 3.340000E+02  8.109573E+01  8.109808E+01
 3.342500E+02  8.113190E+01  8.113425E+01
 3.345000E+02  8.116806E+01  8.117041E+01
 3.347500E+02  8.120421E+01  8.120656E+01
 3.350000E+02  8.124036E+01  8.124272E+01
 3.352500E+02  8.127651E+01  8.127886E+01
 3.355000E+02  8.131265E+01  8.131501E+01
 3.357500E+02  8.134879E+01  8.135114E+01
 3.360000E+02  8.138492E+01  8.138728E+01
 3.362500E+02  8.142105E+01  8.142340E+01
 3.365000E+02  8.145717E+01  8.145953E+01
 3.367500E+02  8.149329E+01  8.149565E+01
 3.370000E+02  8.152940E+01  8.153176E+01
 3.372500E+02  8.156551E+01  8.156787E+01
 3.375000E+02  8.160161E+01  8.160397E+01
 3.377500E+02  8.163770E+01  8.164006E+01
 3.380000E+02  8.167379E+01  8.167615E+01
 3.382500E+02  8.170988E+01  8.171224E+01
 3.385000E+02  8.174596E+01  8.174832E+01
 3.387500E+02  8.178203E+01  8.178439E+01
 3.390000E+02  8.181810E+01  8.182046E+01
 3.392500E+02  8.185416E+01  8.185652E+01
 3.395000E+02  8.189021E+01  8.189257E+01
 3.397500E+02  8.192626E+01  8.192862E+01
 3.400000E+02  8.196230E+01  8.196467E+01
 3.402500E+02  8.199833E+01  8.200070E+01
 3.405000E+02  8.203436E+01  8.203673E+01
 3.407500E+02  8.207038E+01  8.207275E+01
 3.410000E+02  8.210640E+01  8.210877E+01
 3.412500E+02  8.214241E+01  8.214478E+01
 3.415000E+02  8.217841E+01  8.218078E+01
 3.417500E+02  8.221440E+01  8.221678E+01
 3.420000E+02  8.225039E+01  8.225276E+01
 3.422500E+02  8.228637E+01  8.228875E+01
 3.425000E+02  8.232234E+01  8.232472E+01
 3.427500E+02  8.235831E+01  8.236069E+01
 3.430000E+02  8.239427E+01  8.239665E+01
 3.432500E+02  8.243022E+01  8.243260E+01
 3.435000E+02  8.246616E+01  8.246854E+01
 3.437500E+02  8.250210E+01  8.250448E+01
 3.440000E+02  8.253803E+01  8.254041E+01
 3.442500E+02  8.257395E+01  8.257633E+01
 3.445000E+02  8.260986E+01  8.261224E+01
 3.447500E+02  8.264576E+01  8.264815E+01
 3.450000E+02  8.268166E+01  8.268404E+01
 3.452500E+02  8.271755E+01  8.271993E+01
 3.455000E+02  8.275343E+01  8.275581E+01
 3.457500E+02  8.278930E+01  8.279169E+01
 3.460000E+02  8.282516E+01  8.282755E+01
 3.462500E+02  8.286102E+01  8.286341E+01
 3.465000E+02  8.289686E+01  8.289925E+01
 3.467500E+02  8.293270E+01  8.293509E+01
 3.470000E+02  8.296853E+01  8.297092E+01
 3.472500E+02  8.300435E+01  8.300674E+01
 3.475000E+02  8.304016E+01  8.304256E+01
 3.477500E+02  8.307596E+01  8.307836E+01
 3.480000E+02  8.311176E+01  8.311415E+01
 3.482500E+02  8.314754E+01  8.314994E+01
 3.485000E+02  8.318332E+01  8.318572E+01
 3.487500E+02  8.321908E+01  8.322148E+01
 3.490000E+02  8.325484E+01  8.325724E+01
 3.492500E+02  8.329058E+01  8.329299E+01
 3.495000E+02  8.332632E+01  8.332873E+01
 3.497500E+02  8.336205E+01  8.336446E+01
 3.500000E+02  8.339777E+01  8.340018E+01
 3.502500E+02  8.343348E+01  8.343589E+01
 3.505000E+02  8.346918E+01  8.347159E+01
 3.507500E+02  8.350487E+01  8.350728E+01
 3.510000E+02  8.354055E+01  8.354296E+01
 3.512500E+02  8.357622E+01  8.357863E+01
 3.515000E+02  8.361187E+01  8.361429E+01
 3.517500E+02  8.364752E+01  8.364994E+01
 3.520000E+02  8.368316E+01  8.368558E+01
 3.522500E+02  8.371879E+01  8.372121E+01
 3.525000E+02  8.375441E+01  8.375683E+01
 3.527500E+02  8.379002E+01  8.379244E+01
 3.530000E+02  8.382562E+01  8.382804E+01
 3.532500E+02  8.386120E+01  8.386363E+01
 3.535000E+02  8.389678E+01  8.389920E+01
 3.537500E+02  8.393234E+01  8.393477E+01
 3.540000E+02  8.396790E+01  8.397033E+01
 3.542500E+02  8.400344E+01  8.400587E+01
 3.545000E+02  8.403898E+01  8.404141E+01
 3.547500E+02  8.407450E+01  8.407693E+01
 3.550000E+02  8.411001E+01  8.411244E+01
 3.552500E+02  8.414551E+01  8.414795E+01
 3.555000E+02  8.418100E+01  8.418344E+01
 3.557500E+02  8.421648E+01  8.421892E+01
 3.560000E+02  8.425195E+01  8.425438E+01
 3.562500E+02  8.428740E+01  8.428984E+01
 3.565000E+02  8.432284E+01  8.432529E+01
 3.567500E+02  8.435828E+01  8.436072E+01
 3.570000E+02  8.439370E+01  8.439614E+01
 3.572500E+02  8.442911E+01  8.443155E+01
 3.575000E+02  8.446451E+01  8.446695E+01
 3.577500E+02  8.449989E+01  8.450234E+01
 3.580000E+02  8.453527E+01  8.453772E+01
 3.582500E+02  8.457063E+01  8.457308E+01
 3.585000E+02  8.460598E+01  8.460843E+01
 3.587500E+02  8.464132E+01  8.464377E+01
 3.590000E+02  8.467664E+01  8.467910E+01
 3.592500E+02  8.471196E+01  8.471441E+01
 3.595000E+02  8.474726E+01  8.474972E+01
 3.597500E+02  8.478255E+01  8.478501E+01
 3.600000E+02  8.481783E+01  8.482029E+01
 3.602500E+02  8.485309E+01  8.485556E+01
 3.605000E+02  8.488835E+01  8.489081E+01
 3.607500E+02  8.492359E+01  8.492605E+01
 3.610000E+02  8.495882E+01  8.496128E+01
 3.612500E+02  8.499403E+01  8.499650E+01
 3.615000E+02  8.502923E+01  8.503170E+01
 3.617500E+02  8.506442E+01  8.506690E+01
 3.620000E+02  8.509960E+01  8.510208E+01
 3.622500E+02  8.513477E+01  8.513724E+01
 3.625000E+02  8.516992E+01  8.517240E+01
 3.627500E+02  8.520506E+01  8.520754E+01
 3.630000E+02  8.524018E+01  8.524267E+01
 3.632500E+02  8.527530E+01  8.527778E+01
 3.635000E+02  8.531040E+01  8.531288E+01
 3.637500E+02  8.534549E+01  8.534797E+01
 3.640000E+02  8.538056E+01  8.538305E+01
 3.642500E+02  8.541562E+01  8.541811E+01
 3.645000E+02  8.545067E+01  8.545316E+01
 3.647500E+02  8.548570E+01  8.548819E+01
 3.650000E+02  8.552072E+01  8.552322E+01
 3.652500E+02  8.555573E+01  8.555823E+01
 3.655000E+02  8.559073E+01  8.559322E+01
 3.657500E+02  8.562571E+01  8.562821E+01
 3.660000E+02  8.566068E+01  8.566317E+01
 3.662500E+02  8.569563E+01  8.569813E+01
 3.665000E+02  8.573057E+01  8.573307E+01
 3.667500E+02  8.576550E+01  8.576800E+01
 3.670000E+02  8.580041E+01  8.580291E+01
 3.672500E+02  8.583531E+01  8.583782E+01
 3.675000E+02  8.587019E+01  8.587270E+01
 3.677500E+02  8.590506E+01  8.590758E+01
 3.680000E+02  8.593992E+01  8.594243E+01
 3.682500E+02  8.597476E+01  8.597728E+01
 3.685000E+02  8.600959E+01  8.601211E+01
 3.687500E+02  8.604441E+01  8.604693E+01
 3.690000E+02  8.607921E+01  8.608173E+01
 3.692500E+02  8.611400E+01  8.611652E+01
 3.695000E+02  8.614877E+01  8.615130E+01
 3.697500E+02  8.618353E+01  8.618606E+01
 3.700000E+02  8.621828E+01  8.622080E+01
 3.702500E+02  8.625301E+01  8.625553E+01
 3.705000E+02  8.628772E+01  8.629025E+01
 3.707500E+02  8.632242E+01  8.632496E+01
 3.710000E+02  8.635711E+01  8.635965E+01
 3.712500E+02  8.639178E+01  8.639432E+01
 3.715000E+02  8.642644E+01  8.642898E+01
 3.717500E+02  8.646109E+01  8.646363E+01
 3.720000E+02  8.649572E+01  8.649826E+01
 3.722500E+02  8.653033E+01  8.653287E+01
 3.725000E+02  8.656493E+01  8.656748E+01
 3.727500E+02  8.659952E+01  8.660206E+01
 3.730000E+02  8.663409E+01  8.663664E+01
 3.732500E+02  8.666864E+01  8.667119E+01
 3.735000E+02  8.670319E+01  8.670574E+01
 3.737500E+02  8.673771E+01  8.674027E+01
 3.740000E+02  8.677222E+01  8.677478E+01
 3.742500E+02  8.680672E+01  8.680928E+01
 3.745000E+02  8.684120E+01  8.684376E+01
 3.747500E+02  8.687567E+01  8.687823E+01
 3.750000E+02  8.691012E+01  8.691268E+01
 3.752500E+02  8.694456E+01  8.694712E+01
 3.755000E+02  8.697898E+01  8.698155E+01
 3.757500E+02  8.701339E+01  8.701595E+01
 3.760000E+02  8.704778E+01  8.705035E+01
 3.762500E+02  8.708216E+01  8.708473E+01
 3.765000E+02  8.711652E+01  8.711909E+01
 3.767500E+02  8.715086E+01  8.715344E+01
 3.770000E+02  8.718519E+01  8.718777E+01
 3.772500E+02  8.721951E+01  8.722209E+01
 3.775000E+02  8.725381E+01  8.725639E+01
 3.777500E+02  8.728810E+01  8.729068E+01
 3.780000E+02  8.732237E+01  8.732495E+01
 3.782500E+02  8.735662E+01  8.735921E+01
 3.785000E+02  8.739086E+01  8.739345E+01
 3.787500E+02  8.742508E+01  8.742767E+01
 3.790000E+02  8.745929E+01  8.746188E+01
 3.792500E+02  8.749349E+01  8.749608E+01
 3.795000E+02  8.752766E+01  8.753026E+01
 3.797500E+02  8.756182E+01  8.756442E+01
 3.800000E+02  8.759597E+01  8.759857E+01
 3.802500E+02  8.763010E+01  8.763270E+01
 3.805000E+02  8.766422E+01  8.766682E+01
 3.807500E+02  8.769832E+01  8.770092E+01
 3.810000E+02  8.773240E+01  8.773501E+01
 3.812500E+02  8.776647E+01  8.776908E+01
 3.815000E+02  8.780052E+01  8.780313E+01
 3.817500E+02  8.783456E+01  8.783717E+01
 3.820000E+02  8.786858E+01  8.787119E+01
 3.822500E+02  8.790258E+01  8.790520E+01
 3.825000E+02  8.793657E+01  8.793919E+01
 3.827500E+02  8.797055E+01  8.797317E+01
 3.830000E+02  8.800450E+01  8.800713E+01
 3.832500E+02  8.803845E+01  8.804107E+01
 3.835000E+02  8.807237E+01  8.807500E+01
 3.837500E+02  8.810628E+01  8.810891E+01
 3.840000E+02  8.814018E+01  8.814281E+01
 3.842500E+02  8.817406E+01  8.817669E+01
 3.845000E+02  8.820792E+01  8.821055E+01
 3.847500E+02  8.824177E+01  8.824440E+01
 3.850000E+02  8.827560E+01  8.827823E+01
 3.852500E+02  8.830941E+01  8.831205E+01
 3.855000E+02  8.834321E+01  8.834585E+01
 3.857500E+02  8.837699E+01  8.837964E+01
 3.860000E+02  8.841076E+01  8.841341E+01
 3.862500E+02  8.844451E+01  8.844716E+01
 3.865000E+02  8.847825E+01  8.848089E+01
 3.867500E+02  8.851196E+01  8.851462E+01
 3.870000E+02  8.854567E+01  8.854832E+01
 3.872500E+02  8.857935E+01  8.858201E+01
 3.875000E+02  8.861302E+01  8.861568E+01
 3.877500E+02  8.864668E+01  8.864934E+01
 3.880000E+02  8.868032E+01  8.868298E+01
 3.882500E+02  8.871394E+01  8.871660E+01
 3.885000E+02  8.874754E+01  8.875021E+01
 3.887500E+02  8.878113E+01  8.878380E+01
 3.890000E+02  8.881471E+01  8.881738E+01
 3.892500E+02  8.884826E+01  8.885093E+01
 3.895000E+02  8.888180E+01  8.888448E+01
 3.897500E+02  8.891533E+01  8.891800E+01
 3.900000E+02  8.894884E+01  8.895152E+01
 3.902500E+02  8.898233E+01  8.898501E+01
 3.905000E+02  8.901581E+01  8.901849E+01
 3.907500E+02  8.904927E+01  8.905195E+01
 3.910000E+02  8.908271E+01  8.908539E+01
 3.912500E+02  8.911614E+01  8.911882E+01
 3.915000E+02  8.914955E+01  8.915224E+01
 3.917500E+02  8.918294E+01  8.918563E+01
 3.920000E+02  8.921632E+01  8.921901E+01
 3.922500E+02  8.924968E+01  8.925238E+01
 3.925000E+02  8.928303E+01  8.928573E+01
 3.927500E+02  8.931636E+01  8.931906E+01
 3.930000E+02  8.934967E+01  8.935237E+01
 3.932500E+02  8.938297E+01  8.938567E+01
 3.935000E+02  8.941625E+01  8.941896E+01
 3.937500E+02  8.944952E+01  8.945222E+01
 3.940000E+02  8.948276E+01  8.948547E+01
 3.942500E+02  8.951599E+01  8.951871E+01
 3.945000E+02  8.954921E+01  8.955192E+01
 3.947500E+02  8.958241E+01  8.958512E+01
 3.950000E+02  8.961559E+01  8.961831E+01
 3.952500E+02  8.964876E+01  8.965148E+01
 3.955000E+02  8.968191E+01  8.968463E+01
 3.957500E+02  8.971504E+01  8.971776E+01
 3.960000E+02  8.974816E+01  8.975088E+01
 3.962500E+02  8.978126E+01  8.978399E+01
 3.965000E+02  8.981434E+01  8.981707E+01
 3.967500E+02  8.984741E+01  8.985014E+01
 3.970000E+02  8.988046E+01  8.988320E+01
 3.972500E+02  8.991350E+01  8.991623E+01
 3.975000E+02  8.994652E+01  8.994926E+01
 3.977500E+02  8.997952E+01  8.998226E+01
 3.980000E+02  9.001251E+01  9.001525E+01
 3.982500E+02  9.004548E+01  9.004822E+01
 3.985000E+02  9.007843E+01  9.008118E+01
 3.987500E+02  9.011137E+01  9.011412E+01
 3.990000E+02  9.014429E+01  9.014704E+01
 3.992500E+02  9.017719E+01  9.017994E+01
 3.995000E+02  9.021008E+01  9.021284E+01
 3.997500E+02  9.024295E+01  9.024571E+01
 4.000000E+02  9.027581E+01  9.027857E+01
 4.002500E+02  9.030865E+01  9.031141E+01
 4.005000E+02  9.034147E+01  9.034423E+01
 4.007500E+02  9.037428E+01  9.037704E+01
 4.010000E+02  9.040707E+01  9.040983E+01
 4.012500E+02  9.043984E+01  9.044261E+01
 4.015000E+02  9.047260E+01  9.047537E+01
 4.017500E+02  9.050534E+01  9.050811E+01
 4.020000E+02  9.053807E+01  9.054084E+01
 4.022500E+02  9.057077E+01  9.057355E+01
 4.025000E+02  9.060347E+01  9.060624E+01
 4.027500E+02  9.063614E+01  9.063892E+01
 4.030000E+02  9.066880E+01  9.067158E+01
 4.032500E+02  9.070144E+01  9.070423E+01
 4.035000E+02  9.073407E+01  9.073686E+01
 4.037500E+02  9.076668E+01  9.076947E+01
 4.040000E+02  9.079928E+01  9.080207E+01
 4.042500E+02  9.083186E+01  9.083465E+01
 4.045000E+02  9.086442E+01  9.086721E+01
 4.047500E+02  9.089696E+01  9.089976E+01
 4.050000E+02  9.092949E+01  9.093229E+01
 4.052500E+02  9.096201E+01  9.096480E+01
 4.055000E+02  9.099450E+01  9.099730E+01
 4.057500E+02  9.102698E+01  9.102979E+01
 4.060000E+02  9.105945E+01  9.106225E+01
 4.062500E+02  9.109190E+01  9.109470E+01
 4.065000E+02  9.112433E+01  9.112714E+01
 4.067500E+02  9.115674E+01  9.115956E+01
 4.070000E+02  9.118914E+01  9.119196E+01
 4.072500E+02  9.122153E+01  9.122434E+01
 4.075000E+02  9.125390E+01  9.125671E+01
 4.077500E+02  9.128625E+01  9.128907E+01
 4.080000E+02  9.131858E+01  9.132140E+01
 4.082500E+02  9.135090E+01  9.135372E+01
 4.085000E+02  9.138320E+01  9.138603E+01
 4.087500E+02  9.141549E+01  9.141832E+01
 4.090000E+02  9.144776E+01  9.145059E+01
 4.092500E+02  9.148002E+01  9.148285E+01
 4.095000E+02  9.151225E+01  9.151509E+01
 4.097500E+02  9.154448E+01  9.154731E+01
 4.100000E+02  9.157668E+01  9.157952E+01
 4.102500E+02  9.160887E+01  9.161171E+01
 4.105000E+02  9.164105E+01  9.164389E+01
 4.107500E+02  9.167321E+01  9.167605E+01
 4.110000E+02  9.170535E+01  9.170819E+01
 4.112500E+02  9.173748E+01  9.174032E+01
 4.115000E+02  9.176959E+01  9.177243E+01
 4.117500E+02  9.180168E+01  9.180453E+01
 4.120000E+02  9.183376E+01  9.183661E+01
 4.122500E+02  9.186582E+01  9.186868E+01
 4.125000E+02  9.189787E+01  9.190072E+01
 4.127500E+02  9.192990E+01  9.193276E+01
 4.130000E+02  9.196191E+01  9.196477E+01
 4.132500E+02  9.199391E+01  9.199677E+01
 4.135000E+02  9.202590E+01  9.202876E+01
 4.137500E+02  9.205786E+01  9.206073E+01
 4.140000E+02  9.208981E+01  9.209268E+01
 4.142500E+02  9.212175E+01  9.212462E+01
 4.145000E+02  9.215367E+01  9.215654E+01
 4.147500E+02  9.218557E+01  9.218845E+01
 4.150000E+02  9.221746E+01  9.222034E+01
 4.152500E+02  9.224933E+01  9.225221E+01
 4.155000E+02  9.228119E+01  9.228407E+01
 4.157500E+02  9.231303E+01  9.231591E+01
 4.160000E+02  9.234486E+01  9.234774E+01
 4.162500E+02  9.237667E+01  9.237955E+01
 4.165000E+02  9.240846E+01  9.241135E+01
 4.167500E+02  9.244024E+01  9.244313E+01
 4.170000E+02  9.247200E+01  9.247489E+01
 4.172500E+02  9.250375E+01  9.250664E+01
 4.175000E+02  9.253548E+01  9.253837E+01
 4.177500E+02  9.256719E+01  9.257009E+01
 4.180000E+02  9.259889E+01  9.260179E+01
 4.182500E+02  9.263058E+01  9.263348E+01
 4.185000E+02  9.266225E+01  9.266515E+01
 4.187500E+02  9.269390E+01  9.269680E+01
 4.190000E+02  9.272554E+01  9.272844E+01
 4.192500E+02  9.275716E+01  9.276007E+01
 4.195000E+02  9.278877E+01  9.279168E+01
 4.197500E+02  9.282036E+01  9.282327E+01
 4.200000E+02  9.285193E+01  9.285485E+01
 4.202500E+02  9.288349E+01  9.288641E+01
 4.205000E+02  9.291504E+01  9.291796E+01
 4.207500E+02  9.294657E+01  9.294949E+01
 4.210000E+02  9.297808E+01  9.298100E+01
 4.212500E+02  9.300958E+01  9.301250E+01
 4.215000E+02  9.304106E+01  9.304399E+01
 4.217500E+02  9.307253E+01  9.307546E+01
 4.220000E+02  9.310398E+01  9.310691E+01
 4.222500E+02  9.313542E+01  9.313835E+01
 4.225000E+02  9.316684E+01  9.316978E+01
 4.227500E+02  9.319825E+01  9.320118E+01
 4.230000E+02  9.322964E+01  9.323258E+01
 4.232500E+02  9.326102E+01  9.326396E+01
 4.235000E+02  9.329238E+01  9.329532E+01
 4.237500E+02  9.332373E+01  9.332667E+01
 4.240000E+02  9.335506E+01  9.335800E+01
 4.242500E+02  9.338637E+01  9.338932E+01
 4.245000E+02  9.341767E+01  9.342062E+01
 4.247500E+02  9.344896E+01  9.345191E+01
 4.250000E+02  9.348023E+01  9.348318E+01
 4.252500E+02  9.351148E+01  9.351444E+01
 4.255000E+02  9.354272E+01  9.354568E+01
 4.257500E+02  9.357395E+01  9.357690E+01
 4.260000E+02  9.360516E+01  9.360812E+01
 4.262500E+02  9.363635E+01  9.363931E+01
 4.265000E+02  9.366753E+01  9.367049E+01
 4.267500E+02  9.369870E+01  9.370166E+01
 4.270000E+02  9.372985E+01  9.373281E+01
 4.272500E+02  9.376098E+01  9.376395E+01
 4.275000E+02  9.379210E+01  9.379507E+01
 4.277500E+02  9.382321E+01  9.382618E+01
 4.280000E+02  9.385430E+01  9.385727E+01
 4.282500E+02  9.388538E+01  9.388835E+01
 4.285000E+02  9.391644E+01  9.391941E+01
 4.287500E+02  9.394748E+01  9.395046E+01
 4.290000E+02  9.397851E+01  9.398149E+01
 4.292500E+02  9.400953E+01  9.401251E+01
 4.295000E+02  9.404053E+01  9.404351E+01
 4.297500E+02  9.407152E+01  9.407450E+01
 4.300000E+02  9.410249E+01  9.410548E+01
 4.302500E+02  9.413345E+01  9.413643E+01
 4.305000E+02  9.416439E+01  9.416738E+01
 4.307500E+02  9.419532E+01  9.419831E+01
 4.310000E+02  9.422623E+01  9.422922E+01
 4.312500E+02  9.425713E+01  9.426013E+01
 4.315000E+02  9.428801E+01  9.429101E+01
 4.317500E+02  9.431888E+01  9.432188E+01
 4.320000E+02  9.434974E+01  9.435274E+01
 4.322500E+02  9.438058E+01  9.438358E+01
 4.325000E+02  9.441141E+01  9.441441E+01
 4.327500E+02  9.444222E+01  9.444522E+01
 4.330000E+02  9.447301E+01  9.447602E+01
 4.332500E+02  9.450380E+01  9.450681E+01
 4.335000E+02  9.453457E+01  9.453758E+01
 4.337500E+02  9.456532E+01  9.456833E+01
 4.340000E+02  9.459606E+01  9.459907E+01
 4.342500E+02  9.462678E+01  9.462980E+01
 4.345000E+02  9.465749E+01  9.466051E+01
 4.347500E+02  9.468819E+01  9.469121E+01
 4.350000E+02  9.471886E+01  9.472189E+01
 4.352500E+02  9.474953E+01  9.475255E+01
 4.355000E+02  9.478019E+01  9.478321E+01
 4.357500E+02  9.481082E+01  9.481385E+01
 4.360000E+02  9.484145E+01  9.484448E+01
 4.362500E+02  9.487206E+01  9.487509E+01
 4.365000E+02  9.490266E+01  9.490569E+01
 4.367500E+02  9.493324E+01  9.493627E+01
 4.370000E+02  9.496381E+01  9.496684E+01
 4.372500E+02  9.499436E+01  9.499740E+01
 4.375000E+02  9.502490E+01  9.502794E+01
 4.377500E+02  9.505543E+01  9.505847E+01
 4.380000E+02  9.508594E+01  9.508898E+01
 4.382500E+02  9.511643E+01  9.511948E+01
 4.385000E+02  9.514692E+01  9.514996E+01
 4.387500E+02  9.517739E+01  9.518043E+01
 4.390000E+02  9.520784E+01  9.521089E+01
 4.392500E+02  9.523828E+01  9.524133E+01
 4.395000E+02  9.526871E+01  9.527176E+01
 4.397500E+02  9.529913E+01  9.530218E+01
 4.400000E+02  9.532953E+01  9.533258E+01
 4.402500E+02  9.535991E+01  9.536297E+01
 4.405000E+02  9.539028E+01  9.539334E+01
 4.407500E+02  9.542064E+01  9.542370E+01
 4.410000E+02  9.545098E+01  9.545405E+01
 4.412500E+02  9.548131E+01  9.548438E+01
 4.415000E+02  9.551163E+01  9.551470E+01
 4.417500E+02  9.554193E+01  9.554500E+01
 4.420000E+02  9.557222E+01  9.557529E+01
 4.422500E+02  9.560250E+01  9.560557E+01
 4.425000E+02  9.563276E+01  9.563583E+01
 4.427500E+02  9.566301E+01  9.566608E+01
 4.430000E+02  9.569324E+01  9.569631E+01
 4.432500E+02  9.572346E+01  9.572654E+01
 4.435000E+02  9.575367E+01  9.575674E+01
 4.437500E+02  9.578386E+01  9.578694E+01
 4.440000E+02  9.581404E+01  9.581712E+01
 4.442500E+02  9.584421E+01  9.584729E+01
 4.445000E+02  9.587436E+01  9.587744E+01
 4.447500E+02  9.590450E+01  9.590758E+01
 4.450000E+02  9.593462E+01  9.593771E+01
 4.452500E+02  9.596473E+01  9.596782E+01
 4.455000E+02  9.599483E+01  9.599792E+01
 4.457500E+02  9.602492E+01  9.602801E+01
 4.460000E+02  9.605499E+01  9.605808E+01
 4.462500E+02  9.608504E+01  9.608814E+01
 4.465000E+02  9.611509E+01  9.611819E+01
 4.467500E+02  9.614512E+01  9.614822E+01
 4.470000E+02  9.617514E+01  9.617824E+01
 4.472500E+02  9.620514E+01  9.620824E+01
 4.475000E+02  9.623513E+01  9.623823E+01
 4.477500E+02  9.626511E+01  9.626821E+01
 4.480000E+02  9.629507E+01  9.629818E+01
 4.482500E+02  9.632502E+01  9.632813E+01
 4.485000E+02  9.635496E+01  9.635807E+01
 4.487500E+02  9.638489E+01  9.638800E+01
 4.490000E+02  9.641480E+01  9.641791E+01
 4.492500E+02  9.644470E+01  9.644781E+01
 4.495000E+02  9.647458E+01  9.647770E+01
 4.497500E+02  9.650445E+01  9.650757E+01
 4.500000E+02  9.653431E+01  9.653743E+01
 4.502500E+02  9.656416E+01  9.656727E+01
 4.505000E+02  9.659399E+01  9.659711E+01
 4.507500E+02  9.662381E+01  9.662693E+01
 4.510000E+02  9.665361E+01  9.665674E+01
 4.512500E+02  9.668340E+01  9.668653E+01
 4.515000E+02  9.671318E+01  9.671631E+01
 4.517500E+02  9.674295E+01  9.674608E+01
 4.520000E+02  9.677270E+01  9.677583E+01
 4.522500E+02  9.680244E+01  9.680558E+01
 4.525000E+02  9.683217E+01  7.527273E+03
 4.527500E+02  9.431186E+01  7.528964E+03
 4.530000E+02  9.434466E+01  1.027704E+02
 4.532500E+02  9.437745E+01  1.028031E+02
 4.535000E+02  9.441022E+01  1.028357E+02
 4.537500E+02  9.444297E+01  1.028683E+02
 4.540000E+02  9.447571E+01  1.029009E+02
 4.542500E+02  9.450843E+01  1.029335E+02
 4.545000E+02  9.454114E+01  1.029661E+02
 4.547500E+02  9.457384E+01  1.029986E+02
 4.550000E+02  9.460652E+01  1.030312E+02
 4.552500E+02  9.463918E+01  1.030637E+02
 4.555000E+02  9.467183E+01  1.030962E+02
 4.557500E+02  9.470446E+01  1.031287E+02
 4.560000E+02  9.473708E+01  1.031612E+02
 4.562500E+02  9.476968E+01  1.031937E+02
 4.565000E+02  9.480227E+01  1.032262E+02
 4.567500E+02  9.483484E+01  1.032586E+02
 4.570000E+02  9.486740E+01  1.032910E+02
 4.572500E+02  9.489995E+01  1.033234E+02
 4.575000E+02  9.493247E+01  1.033558E+02
 4.577500E+02  9.496499E+01  1.033882E+02
 4.580000E+02  9.499748E+01  1.034206E+02
 4.582500E+02  9.502997E+01  1.034529E+02
 4.585000E+02  9.506243E+01  1.034853E+02
 4.587500E+02  9.509489E+01  1.035176E+02
 4.590000E+02  9.512732E+01  1.035499E+02
 4.592500E+02  9.515975E+01  1.035822E+02
 4.595000E+02  9.519215E+01  1.036145E+02
 4.597500E+02  9.522455E+01  1.036467E+02
 4.600000E+02  9.525692E+01  1.036790E+02
 4.602500E+02  9.528928E+01  1.037112E+02
 4.605000E+02  9.532163E+01  1.037434E+02
 4.607500E+02  9.535396E+01  1.037756E+02
 4.610000E+02  9.538628E+01  1.038078E+02
 4.612500E+02  9.541858E+01  1.038400E+02
 4.615000E+02  9.545087E+01  1.038722E+02
 4.617500E+02  9.548314E+01  1.039043E+02
 4.620000E+02  9.551540E+01  1.039364E+02
 4.622500E+02  9.554764E+01  1.039686E+02
 4.625000E+02  9.557987E+01  1.040007E+02
 4.627500E+02  9.561208E+01  1.040328E+02
 4.630000E+02  9.564427E+01  1.040648E+02
 4.632500E+02  9.567646E+01  1.040969E+02
 4.635000E+02  9.570862E+01  1.041289E+02
 4.637500E+02  9.574077E+01  1.041609E+02
 4.640000E+02  9.577291E+01  1.041930E+02
 4.642500E+02  9.580503E+01  1.042250E+02
 4.645000E+02  9.583714E+01  1.042569E+02
 4.647500E+02  9.586923E+01  1.042889E+02
 4.650000E+02  9.590131E+01  1.043209E+02
 4.652500E+02  9.593337E+01  1.043528E+02
 4.655000E+02  9.596541E+01  1.043847E+02
 4.657500E+02  9.599745E+01  1.044166E+02
 4.660000E+02  9.602946E+01  1.044485E+02
 4.662500E+02  9.606146E+01  1.044804E+02
 4.665000E+02  9.609345E+01  1.045123E+02
 4.667500E+02  9.612542E+01  1.045441E+02
 4.670000E+02  9.615738E+01  1.045760E+02
 4.672500E+02  9.618932E+01  1.046078E+02
 4.675000E+02  9.622125E+01  1.046396E+02
 4.677500E+02  9.625316E+01  1.046714E+02
 4.680000E+02  9.628506E+01  1.047032E+02
 4.682500E+02  9.631694E+01  1.047349E+02
 4.685000E+02  9.634881E+01  1.047667E+02
 4.687500E+02  9.638066E+01  1.047984E+02
 4.690000E+02  9.641250E+01  1.048301E+02
 4.692500E+02  9.644432E+01  1.048618E+02
 4.695000E+02  9.647613E+01  1.048935E+02
 4.697500E+02  9.650792E+01  1.049252E+02
 4.700000E+02  9.653970E+01  1.049568E+02
 4.702500E+02  9.657146E+01  1.049885E+02
 4.705000E+02  9.660321E+01  1.050201E+02
 4.707500E+02  9.663494E+01  1.050517E+02
 4.710000E+02  9.666666E+01  1.050833E+02
 4.712500E+02  9.669836E+01  1.051149E+02
 4.715000E+02  9.673005E+01  1.051465E+02
 4.717500E+02  9.676173E+01  1.051780E+02
 4.720000E+02  9.679339E+01  1.052096E+02
 4.722500E+02  9.682503E+01  1.052411E+02
 4.725000E+02  9.685666E+01  1.052726E+02
 4.727500E+02  9.688827E+01  1.053041E+02
 4.730000E+02  9.691987E+01  1.053356E+02
 4.732500E+02  9.695146E+01  1.053671E+02
 4.735000E+02  9.698303E+01  1.053985E+02
 4.737500E+02  9.701458E+01  1.054300E+02
 4.740000E+02  9.704612E+01  1.054614E+02
 4.742500E+02  9.707765E+01  1.054928E+02
 4.745000E+02  9.710916E+01  1.055242E+02
 4.747500E+02  9.714065E+01  1.055556E+02
 4.750000E+02  9.717213E+01  1.055869E+02
 4.752500E+02  9.720360E+01  1.056183E+02
 4.755000E+02  9.723505E+01  1.056496E+02
 4.757500E+02  9.726649E+01  1.056810E+02
 4.760000E+02  9.729791E+01  1.057123E+02
 4.762500E+02  9.732932E+01  1.057436E+02
 4.765000E+02  9.736071E+01  1.057748E+02
 4.767500E+02  9.739209E+01  1.058061E+02
 4.770000E+02  9.742345E+01  1.058374E+02
 4.772500E+02  9.745480E+01  1.058686E+02
 4.775000E+02  9.748613E+01  1.058998E+02
 4.777500E+02  9.751745E+01  1.059310E+02
 4.780000E+02  9.754875E+01  1.059622E+02
 4.782500E+02  9.758004E+01  1.059934E+02
 4.785000E+02  9.761131E+01  1.060245E+02
 4.787500E+02  9.764257E+01  1.060557E+02
 4.790000E+02  9.767382E+01  1.060868E+02
 4.792500E+02  9.770505E+01  1.061179E+02
 4.795000E+02  9.773626E+01  1.061491E+02
 4.797500E+02  9.776747E+01  1.061801E+02
 4.800000E+02  9.779865E+01  1.062112E+02
 4.802500E+02  9.782982E+01  1.062423E+02
 4.805000E+02  9.786098E+01  1.062733E+02
 4.807500E+02  9.789212E+01  1.063044E+02
 4.810000E+02  9.792325E+01  1.063354E+02
 4.812500E+02  9.795436E+01  1.063664E+02
 4.815000E+02  9.798546E+01  1.063974E+02
 4.817500E+02  9.801654E+01  1.064283E+02
 4.820000E+02  9.804761E+01  1.064593E+02
 4.822500E+02  9.807866E+01  1.064902E+02
 4.825000E+02  9.810970E+01  1.065212E+02
 4.827500E+02  9.814073E+01  1.065521E+02
 4.830000E+02  9.817174E+01  1.065830E+02
 4.832500E+02  9.820273E+01  1.066139E+02
 4.835000E+02  9.823372E+01  1.066448E+02
 4.837500E+02  9.826468E+01  1.066756E+02
 4.840000E+02  9.829563E+01  1.067065E+02
 4.842500E+02  9.832657E+01  1.067373E+02
 4.845000E+02  9.835749E+01  1.067681E+02
 4.847500E+02  9.838840E+01  1.067989E+02
 4.850000E+02  9.841929E+01  1.068297E+02
 4.852500E+02  9.845017E+01  1.068605E+02
 4.855000E+02  9.848104E+01  1.068912E+02
 4.857500E+02  9.851189E+01  1.069220E+02
 4.860000E+02  9.854272E+01  1.069527E+02
 4.862500E+02  9.857354E+01  1.069834E+02
 4.865000E+02  9.860435E+01  1.070141E+02
 4.867500E+02  9.863514E+01  1.070448E+02
 4.870000E+02  9.866592E+01  1.070755E+02
 4.872500E+02  9.869668E+01  1.071061E+02
 4.875000E+02  9.872743E+01  1.071368E+02
 4.877500E+02  9.875816E+01  1.071674E+02
 4.880000E+02  9.878888E+01  1.071980E+02
 4.882500E+02  9.881959E+01  1.072286E+02
 4.885000E+02  9.885028E+01  1.072592E+02
 4.887500E+02  9.888095E+01  1.072898E+02
 4.890000E+02  9.891161E+01  1.073203E+02
 4.892500E+02  9.894226E+01  1.073509E+02
 4.895000E+02  9.897289E+01  1.073814E+02
 4.897500E+02  9.900351E+01  1.074119E+02
 4.900000E+02  9.903411E+01  1.074424E+02
 4.902500E+02  9.906470E+01  1.074729E+02
 4.905000E+02  9.909527E+01  1.075034E+02
 4.907500E+02  9.912583E+01  1.075338E+02
 4.910000E+02  9.915638E+01  1.075643E+02
 4.912500E+02  9.918691E+01  1.075947E+02
 4.915000E+02  9.921743E+01  1.076251E+02
 4.917500E+02  9.924793E+01  1.076555E+02
 4.920000E+02  9.927842E+01  1.076859E+02
 4.922500E+02  9.930889E+01  1.077163E+02
 4.925000E+02  9.933935E+01  1.077466E+02
 4.927500E+02  9.936980E+01  1.077770E+02
 4.930000E+02  9.940023E+01  1.078073E+02
 4.932500E+02  9.943064E+01  1.078376E+02
 4.935000E+02  9.946104E+01  1.078679E+02
 4.937500E+02  9.949143E+01  1.078982E+02
 4.940000E+02  9.952180E+01  1.079285E+02
 4.942500E+02  9.955216E+01  1.079588E+02
 4.945000E+02  9.958251E+01  1.079890E+02
 4.947500E+02  9.961284E+01  1.080192E+02
 4.950000E+02  9.964315E+01  1.080495E+02
 4.952500E+02  9.967345E+01  1.080797E+02
 4.955000E+02  9.970374E+01  1.081098E+02
 4.957500E+02  9.973401E+01  1.081400E+02
 4.960000E+02  9.976427E+01  1.081702E+02
 4.962500E+02  9.979452E+01  1.082003E+02
 4.965000E+02  9.982475E+01  1.082305E+02
 4.967500E+02  9.985496E+01  1.082606E+02
 4.970000E+02  9.988516E+01  1.082907E+02
 4.972500E+02  9.991535E+01  1.083208E+02
 4.975000E+02  9.994552E+01  1.083508E+02
 4.977500E+02  9.997568E+01  1.083809E+02
 4.980000E+02  1.000058E+02  1.084109E+02
 4.982500E+02  1.000360E+02  1.084410E+02
 4.985000E+02  1.000661E+02  1.084710E+02
 4.987500E+02  1.000962E+02  1.085010E+02
 4.990000E+02  1.001263E+02  1.085310E+02
 4.992500E+02  1.001563E+02  1.085610E+02
 4.995000E+02  1.001864E+02  1.085909E+02
 4.997500E+02  1.002164E+02  1.086209E+02
 5.000000E+02  1.002465E+02  1.086509E+02
