#         T/K        V/dm^3  V(excl)/dm^3    alpha/K^-1        status
 2.500000E+02  5.932855E-02  5.672894E-02  3.774548E-04                                 112
 2.502500E+02  5.933415E-02  5.672894E-02  3.785794E-04                                 112
 2.505000E+02  5.933978E-02  5.672894E-02  3.798362E-04                                 112
 2.507500E+02  5.934542E-02  5.672894E-02  3.800618E-04                                 112
 2.510000E+02  5.935106E-02  5.672894E-02  3.802819E-04                                 112
 2.512500E+02  5.935670E-02  5.672894E-02  3.804986E-04                                 112
 2.515000E+02  5.936235E-02  5.672894E-02  3.807116E-04                                 112
 2.517500E+02  5.936800E-02  5.672894E-02  3.809212E-04                                 112
 2.520000E+02  5.937366E-02  5.672894E-02  3.811273E-04                                 112
 2.522500E+02  5.937932E-02  5.672894E-02  3.813298E-04                                 112
 2.525000E+02  5.938498E-02  5.672894E-02  3.815289E-04                                 112
 2.527500E+02  5.939064E-02  5.672894E-02  3.817244E-04                                 112
 2.530000E+02  5.939631E-02  5.672894E-02  3.819166E-04                                 112
 2.532500E+02  5.940199E-02  5.672894E-02  3.821052E-04                                 112
 2.535000E+02  5.940766E-02  5.672894E-02  3.822904E-04                                 112
 2.537500E+02  5.941334E-02  5.672894E-02  3.824722E-04                                 112
 2.540000E+02  5.941903E-02  5.672894E-02  3.826506E-04                                 112
 2.542500E+02  5.942471E-02  5.672894E-02  3.828256E-04                                 112
 2.545000E+02  5.943040E-02  5.672894E-02  3.829972E-04                                 112
 2.547500E+02  5.943609E-02  5.672894E-02  3.831655E-04                                 112
 2.550000E+02  5.944179E-02  5.672894E-02  3.833304E-04                                 112
 2.552500E+02  5.944748E-02  5.672894E-02  3.834919E-04                                 112
 2.555000E+02  5.945319E-02  5.672894E-02  3.836501E-04                                 112
 2.557500E+02  5.945889E-02  5.672894E-02  3.838050E-04                                 112
 2.560000E+02  5.946460E-02  5.672894E-02  3.839567E-04                                 112
 2.562500E+02  5.947031E-02  5.672894E-02  3.841050E-04                                 112
 2.565000E+02  5.947602E-02  5.672894E-02  3.842501E-04                                 112
 2.567500E+02  5.948173E-02  5.672894E-02  3.843920E-04                                 112
 2.570000E+02  5.948745E-02  5.672894E-02  3.845306E-04                                 112
 2.572500E+02  5.949317E-02  5.672894E-02  3.846660E-04                                 112
 2.575000E+02  5.949889E-02  5.672894E-02  3.847983E-04                                 112
 2.577500E+02  5.950462E-02  5.672894E-02  3.849273E-04                                 112
 2.580000E+02  5.951034E-02  5.672894E-02  3.850532E-04                                 112
 2.582500E+02  5.951607E-02  5.672894E-02  3.851760E-04                                 112
 2.585000E+02  5.952181E-02  5.672894E-02  3.852957E-04                                 112
 2.587500E+02  5.952754E-02  5.672894E-02  3.854123E-04                                 112
 2.590000E+02  5.953328E-02  5.672894E-02  3.855258E-04                                 112
 2.592500E+02  5.953902E-02  5.672894E-02  3.856362E-04                                 112
 2.595000E+02  5.954476E-02  5.672894E-02  3.857436E-04                                 112
 2.597500E+02  5.955050E-02  5.672894E-02  3.858480E-04                                 112
 2.600000E+02  5.955625E-02  5.672894E-02  3.859494E-04                                 112
 2.602500E+02  5.956199E-02  5.672894E-02  3.860478E-04                                 112
 2.605000E+02  5.956774E-02  5.672894E-02  3.861432E-04                                 112
 2.607500E+02  5.957350E-02  5.672894E-02  3.862357E-04                                 112
 2.610000E+02  5.957925E-02  5.672894E-02  3.863254E-04                                 112
 2.612500E+02  5.958500E-02  5.672894E-02  3.864121E-04                                 112
 2.615000E+02  5.959076E-02  5.672894E-02  3.864959E-04                                 112
 2.617500E+02  5.959652E-02  5.672894E-02  3.865769E-04                                 112
 2.620000E+02  5.960228E-02  5.672894E-02  3.866550E-04                                 112
 2.622500E+02  5.960804E-02  5.672894E-02  3.867304E-04                                 112
 2.625000E+02  5.961381E-02  5.672894E-02  3.868029E-04                                 112
 2.627500E+02  5.961957E-02  5.672894E-02  3.868727E-04                                 112
 2.630000E+02  5.962534E-02  5.672894E-02  3.869398E-04                                 112
 2.632500E+02  5.963111E-02  5.672894E-02  3.870041E-04                                 112
 2.635000E+02  5.963688E-02  5.672894E-02  3.870657E-04                                 112
 2.637500E+02  5.964265E-02  5.672894E-02  3.871247E-04                                 112
 2.640000E+02  5.964842E-02  5.672894E-02  3.871810E-04                                 112
 2.642500E+02  5.965420E-02  5.672894E-02  3.872347E-04                                 112
 2.645000E+02  5.965997E-02  5.672894E-02  3.872857E-04                                 112
 2.647500E+02  5.966575E-02  5.672894E-02  3.873342E-04                                 112
 2.650000E+02  5.967153E-02  5.672894E-02  3.873802E-04                                 112
 2.652500E+02  5.967731E-02  5.672894E-02  3.874236E-04                                 112
 2.655000E+02  5.968309E-02  5.672894E-02  3.874645E-04                                 112
 2.657500E+02  5.968887E-02  5.672894E-02  3.875029E-04                                 112
 2.660000E+02  5.969465E-02  5.672894E-02  3.875388E-04                                 112
 2.662500E+02  5.970044E-02  5.672894E-02  3.875723E-04                                 112
 2.665000E+02  5.970622E-02  5.672894E-02  3.876034E-04                                 112
 2.667500E+02  5.971201E-02  5.672894E-02  3.876321E-04                                 112
 2.670000E+02  5.971779E-02  5.672894E-02  3.876584E-04                                 112
 2.672500E+02  5.972358E-02  5.672894E-02  3.876824E-04                                 112
 2.675000E+02  5.972937E-02  5.672894E-02  3.877040E-04                                 112
 2.677500E+02  5.973516E-02  5.672894E-02  3.877234E-04                                 112
 2.680000E+02  5.974095E-02  5.672894E-02  3.877405E-04                                 112
 2.682500E+02  5.974674E-02  5.672894E-02  3.877554E-04                                 112
 2.685000E+02  5.975254E-02  5.672894E-02  3.877680E-04                                 112
 2.687500E+02  5.975833E-02  5.672894E-02  3.877784E-04                                 112
 2.690000E+02  5.976412E-02  5.672894E-02  3.877867E-04                                 112
 2.692500E+02  5.976992E-02  5.672894E-02  3.877928E-04                                 112
 2.695000E+02  5.977571E-02  5.672894E-02  3.877968E-04                                 112
 2.697500E+02  5.978151E-02  5.672894E-02  3.877987E-04                                 112
 2.700000E+02  5.978730E-02  5.672894E-02  3.877986E-04                                 112
 2.702500E+02  5.979310E-02  5.672894E-02  3.877964E-04                                 112
 2.705000E+02  5.979890E-02  5.672894E-02  3.877922E-04                                 112
 2.707500E+02  5.980469E-02  5.672894E-02  3.877859E-04                                 112
 2.710000E+02  5.981049E-02  5.672894E-02  3.877777E-04                                 112
 2.712500E+02  5.981629E-02  5.672894E-02  3.877676E-04                                 112
 2.715000E+02  5.982209E-02  5.672894E-02  3.877556E-04                                 112
 2.717500E+02  5.982789E-02  5.672894E-02  3.877416E-04                                 112
 2.720000E+02  5.983369E-02  5.672894E-02  3.877258E-04                                 112
 2.722500E+02  5.983949E-02  5.672894E-02  3.877082E-04                                 112
 2.725000E+02  5.984529E-02  5.672894E-02  3.876887E-04                                 112
 2.727500E+02  5.985109E-02  5.672894E-02  3.876674E-04                                 112
 2.730000E+02  5.985689E-02  5.672894E-02  3.876444E-04                                 112
 2.732500E+02  5.986269E-02  5.672894E-02  3.876196E-04                                 112
 2.735000E+02  5.986849E-02  5.672894E-02  3.875931E-04                                 112
 2.737500E+02  5.987429E-02  5.672894E-02  3.875649E-04                                 112
 2.740000E+02  5.988009E-02  5.672894E-02  3.875351E-04                                 112
 2.742500E+02  5.988590E-02  5.672894E-02  3.875036E-04                                 112
 2.745000E+02  5.989170E-02  5.672894E-02  3.874705E-04                                 112
 2.747500E+02  5.989750E-02  5.672894E-02  3.874358E-04                                 112
 2.750000E+02  5.990330E-02  5.672894E-02  3.873996E-04                                 112
 2.752500E+02  5.990910E-02  5.672894E-02  3.873618E-04                                 112
 2.755000E+02  5.991490E-02  5.672894E-02  3.873225E-04                                 112
 2.757500E+02  5.992071E-02  5.672894E-02  3.872817E-04                                 112
 2.760000E+02  5.992651E-02  5.672894E-02  3.872394E-04                                 112
 2.762500E+02  5.993231E-02  5.672894E-02  3.871957E-04                                 112
 2.765000E+02  5.993811E-02  5.672894E-02  3.871506E-04                                 112
 2.767500E+02  5.994391E-02  5.672894E-02  3.871041E-04                                 112
 2.770000E+02  5.994971E-02  5.672894E-02  3.870563E-04                                 112
 2.772500E+02  5.995551E-02  5.672894E-02  3.870071E-04                                 112
 2.775000E+02  5.996131E-02  5.672894E-02  3.869566E-04                                 112
 2.777500E+02  5.996711E-02  5.672894E-02  3.869048E-04                                 112
 2.780000E+02  5.997291E-02  5.672894E-02  3.868517E-04                                 112
 2.782500E+02  5.997871E-02  5.672894E-02  3.867974E-04                                 112
 2.785000E+02  5.998451E-02  5.672894E-02  3.867419E-04                                 112
 2.787500E+02  5.999031E-02  5.672894E-02  3.866852E-04                                 112
 2.790000E+02  5.999611E-02  5.672894E-02  3.866273E-04                                 112
 2.792500E+02  6.000191E-02  5.672894E-02  3.865683E-04                                 112
 2.795000E+02  6.000771E-02  5.672894E-02  3.865082E-04                                 112
 2.797500E+02  6.001351E-02  5.672894E-02  3.864470E-04                                 112
 2.800000E+02  6.001931E-02  5.672894E-02  3.863847E-04                                 112
 2.802500E+02  6.002510E-02  5.672894E-02  3.863213E-04                                 112
 2.805000E+02  6.003090E-02  5.672894E-02  3.862570E-04                                 112
 2.807500E+02  6.003670E-02  5.672894E-02  3.861917E-04                                 112
 2.810000E+02  6.004249E-02  5.672894E-02  3.861253E-04                                 112
 2.812500E+02  6.004829E-02  5.672894E-02  3.860581E-04                                 112
 2.815000E+02  6.005408E-02  5.672894E-02  3.859899E-04                                 112
 2.817500E+02  6.005988E-02  5.672894E-02  3.859208E-04                                 112
 2.820000E+02  6.006567E-02  5.672894E-02  3.858508E-04                                 112
 2.822500E+02  6.007147E-02  5.672894E-02  3.857800E-04                                 112
 2.825000E+02  6.007726E-02  5.672894E-02  3.857084E-04                                 112
 2.827500E+02  6.008305E-02  5.672894E-02  3.856359E-04                                 112
 2.830000E+02  6.008885E-02  5.672894E-02  3.855627E-04                                 112
 2.832500E+02  6.009464E-02  5.672894E-02  3.854887E-04                                 112
 2.835000E+02  6.010043E-02  5.672894E-02  3.854140E-04                                 112
 2.837500E+02  6.010622E-02  5.672894E-02  3.853385E-04                                 112
 2.840000E+02  6.011201E-02  5.672894E-02  3.852624E-04                                 112
 2.842500E+02  6.011780E-02  5.672894E-02  3.851856E-04                                 112
 2.845000E+02  6.012359E-02  5.672894E-02  3.851081E-04                                 112
 2.847500E+02  6.012938E-02  5.672894E-02  3.850301E-04                                 112
 2.850000E+02  6.013516E-02  5.672894E-02  3.849514E-04                                 112
 2.852500E+02  6.014095E-02  5.672894E-02  3.848721E-04                                 112
 2.855000E+02  6.014674E-02  5.672894E-02  3.847923E-04                                 112
 2.857500E+02  6.015252E-02  5.672894E-02  3.847120E-04                                 112
 2.860000E+02  6.015831E-02  5.672894E-02  3.846311E-04                                 112
 2.862500E+02  6.016409E-02  5.672894E-02  3.845498E-04                                 112
 2.865000E+02  6.016988E-02  5.672894E-02  3.844680E-04                                 112
 2.867500E+02  6.017566E-02  5.672894E-02  3.843857E-04                                 112
 2.870000E+02  6.018144E-02  5.672894E-02  3.843030E-04                                 112
 2.872500E+02  6.018722E-02  5.672894E-02  3.842199E-04                                 112
 2.875000E+02  6.019300E-02  5.672894E-02  3.841365E-04                                 112
 2.877500E+02  6.019878E-02  5.672894E-02  3.840526E-04                                 112
 2.880000E+02  6.020456E-02  5.672894E-02  3.839684E-04                                 112
 2.882500E+02  6.021034E-02  5.672894E-02  3.838839E-04                                 112
 2.885000E+02  6.021612E-02  5.672894E-02  3.837991E-04                                 112
 2.887500E+02  6.022190E-02  5.672894E-02  3.837140E-04                                 112
 2.890000E+02  6.022767E-02  5.672894E-02  3.836287E-04                                 112
 2.892500E+02  6.023345E-02  5.672894E-02  3.835431E-04                                 112
 2.895000E+02  6.023923E-02  5.672894E-02  3.834573E-04                                 112
 2.897500E+02  6.024500E-02  5.672894E-02  3.833713E-04                                 112
 2.900000E+02  6.025077E-02  5.672894E-02  3.832852E-04                                 112
 2.902500E+02  6.025655E-02  5.672894E-02  3.831988E-04                                 112
 2.905000E+02  6.026232E-02  5.672894E-02  3.831124E-04                                 112
 2.907500E+02  6.026809E-02  5.672894E-02  3.830258E-04                                 112
 2.910000E+02  6.027386E-02  5.672894E-02  3.829391E-04                                 112
 2.912500E+02  6.027963E-02  5.672894E-02  3.828523E-04                                 112
 2.915000E+02  6.028540E-02  5.672894E-02  3.827655E-04                                 112
 2.917500E+02  6.029117E-02  5.672894E-02  3.826786E-04                                 112
 2.920000E+02  6.029694E-02  5.672894E-02  3.825917E-04                                 112
 2.922500E+02  6.030270E-02  5.672894E-02  3.825048E-04                                 112
 2.925000E+02  6.030847E-02  5.672894E-02  3.824179E-04                                 112
 2.927500E+02  6.031423E-02  5.672894E-02  3.823311E-04                                 112
 2.930000E+02  6.032000E-02  5.672894E-02  3.822442E-04                                 112
 2.932500E+02  6.032576E-02  5.672894E-02  3.821575E-04                                 112
 2.935000E+02  6.033153E-02  5.672894E-02  3.820709E-04                                 112
 2.937500E+02  6.033729E-02  5.672894E-02  3.819843E-04                                 112
 2.940000E+02  6.034305E-02  5.672894E-02  3.818979E-04                                 112
 2.942500E+02  6.034881E-02  5.672894E-02  3.818116E-04                                 112
 2.945000E+02  6.035457E-02  5.672894E-02  3.817255E-04                                 112
 2.947500E+02  6.036033E-02  5.672894E-02  3.816395E-04                                 112
 2.950000E+02  6.036609E-02  5.672894E-02  3.815538E-04                                 112
 2.952500E+02  6.037185E-02  5.672894E-02  3.814682E-04                                 112
 2.955000E+02  6.037760E-02  5.672894E-02  3.813829E-04                                 112
 2.957500E+02  6.038336E-02  5.672894E-02  3.812978E-04                                 112
 2.960000E+02  6.038912E-02  5.672894E-02  3.812130E-04                                 112
 2.962500E+02  6.039487E-02  5.672894E-02  3.811284E-04                                 112
 2.965000E+02  6.040062E-02  5.672894E-02  3.810442E-04                                 112
 2.967500E+02  6.040638E-02  5.672894E-02  3.809602E-04                                 112
 2.970000E+02  6.041213E-02  5.672894E-02  3.808766E-04                                 112
 2.972500E+02  6.041788E-02  5.672894E-02  3.807933E-04                                 112
 2.975000E+02  6.042363E-02  5.672894E-02  3.807104E-04                                 112
 2.977500E+02  6.042938E-02  5.672894E-02  3.806279E-04                                 112
 2.980000E+02  6.043513E-02  5.672894E-02  3.805457E-04                                 112
 2.982500E+02  6.044088E-02  5.672894E-02  3.804639E-04                                 112
 2.985000E+02  6.044663E-02  5.672894E-02  3.803826E-04                                 112
 2.987500E+02  6.045238E-02  5.672894E-02  3.803017E-04                                 112
 2.990000E+02  6.045813E-02  5.672894E-02  3.802212E-04                                 112
 2.992500E+02  6.046387E-02  5.672894E-02  3.801412E-04                                 112
 2.995000E+02  6.046962E-02  5.672894E-02  3.800617E-04                                 112
 2.997500E+02  6.047537E-02  5.672894E-02  3.799827E-04                                 112
 3.000000E+02  6.048111E-02  5.672894E-02  3.799042E-04                                 112
 3.002500E+02  6.048685E-02  5.672894E-02  3.798262E-04                                 112
 3.005000E+02  6.049260E-02  5.672894E-02  3.797487E-04                                 112
 3.007500E+02  6.049834E-02  5.672894E-02  3.796718E-04                                 112
 3.010000E+02  6.050408E-02  5.672894E-02  3.795954E-04                                 112
 3.012500E+02  6.050982E-02  5.672894E-02  3.795197E-04                                 112
 3.015000E+02  6.051556E-02  5.672894E-02  3.794445E-04                                 112
 3.017500E+02  6.052130E-02  5.672894E-02  3.793699E-04                                 112
 3.020000E+02  6.052704E-02  5.672894E-02  3.792959E-04                                 112
 3.022500E+02  6.053278E-02  5.672894E-02  3.792226E-04                                 112
 3.025000E+02  6.053852E-02  5.672894E-02  3.791499E-04                                 112
 3.027500E+02  6.054426E-02  5.672894E-02  3.790779E-04                                 112
 3.030000E+02  6.055000E-02  5.672894E-02  3.790065E-04                                 112
 3.032500E+02  6.055573E-02  5.672894E-02  3.789358E-04                                 112
 3.035000E+02  6.056147E-02  5.672894E-02  3.788658E-04                                 112
 3.037500E+02  6.056721E-02  5.672894E-02  3.787966E-04                                 112
 3.040000E+02  6.057294E-02  5.672894E-02  3.787280E-04                                 112
 3.042500E+02  6.057868E-02  5.672894E-02  3.786602E-04                                 112
 3.045000E+02  6.058441E-02  5.672894E-02  3.785931E-04                                 112
 3.047500E+02  6.059015E-02  5.672894E-02  3.785267E-04                                 112
 3.050000E+02  6.059588E-02  5.672894E-02  3.784612E-04                                 112
 3.052500E+02  6.060161E-02  5.672894E-02  3.783964E-04                                 112
 3.055000E+02  6.060734E-02  5.672894E-02  3.783324E-04                                 112
 3.057500E+02  6.061308E-02  5.672894E-02  3.782692E-04                                 112
 3.060000E+02  6.061881E-02  5.672894E-02  3.782068E-04                                 112
 3.062500E+02  6.062454E-02  5.672894E-02  3.781452E-04                                 112
 3.065000E+02  6.063027E-02  5.672894E-02  3.780845E-04                                 112
 3.067500E+02  6.063600E-02  5.672894E-02  3.780246E-04                                 112
 3.070000E+02  6.064173E-02  5.672894E-02  3.779656E-04                                 112
 3.072500E+02  6.064746E-02  5.672894E-02  3.779074E-04                                 112
 3.075000E+02  6.065319E-02  5.672894E-02  3.778501E-04                                 112
 3.077500E+02  6.065892E-02  5.672894E-02  3.777937E-04                                 112
 3.080000E+02  6.066465E-02  5.672894E-02  3.777382E-04                                 112
 3.082500E+02  6.067038E-02  5.672894E-02  3.776836E-04                                 112
 3.085000E+02  6.067611E-02  5.672894E-02  3.776299E-04                                 112
 3.087500E+02  6.068184E-02  5.672894E-02  3.775771E-04                                 112
 3.090000E+02  6.068756E-02  5.672894E-02  3.775253E-04                                 112
 3.092500E+02  6.069329E-02  5.672894E-02  3.774744E-04                                 112
 3.095000E+02  6.069902E-02  5.672894E-02  3.774245E-04                                 112
 3.097500E+02  6.070475E-02  5.672894E-02  3.773755E-04                                 112
 3.100000E+02  6.071047E-02  5.672894E-02  3.773275E-04                                 112
 3.102500E+02  6.071620E-02  5.672894E-02  3.772805E-04                                 112
 3.105000E+02  6.072193E-02  5.672894E-02  3.772345E-04                                 112
 3.107500E+02  6.072765E-02  5.672894E-02  3.771894E-04                                 112
 3.110000E+02  6.073338E-02  5.672894E-02  3.771454E-04                                 112
 3.112500E+02  6.073911E-02  5.672894E-02  3.771024E-04                                 112
 3.115000E+02  6.074483E-02  5.672894E-02  3.770605E-04                                 112
 3.117500E+02  6.075056E-02  5.672894E-02  3.770195E-04                                 112
 3.120000E+02  6.075628E-02  5.672894E-02  3.769796E-04                                 112
 3.122500E+02  6.076201E-02  5.672894E-02  3.769408E-04                                 112
 3.125000E+02  6.076774E-02  5.672894E-02  3.769030E-04                                 112
 3.127500E+02  6.077346E-02  5.672894E-02  3.768662E-04                                 112
 3.130000E+02  6.077919E-02  5.672894E-02  3.768306E-04                                 112
 3.132500E+02  6.078491E-02  5.672894E-02  3.767960E-04                                 112
 3.135000E+02  6.079064E-02  5.672894E-02  3.767625E-04                                 112
 3.137500E+02  6.079636E-02  5.672894E-02  3.767301E-04                                 112
 3.140000E+02  6.080209E-02  5.672894E-02  3.766988E-04                                 112
 3.142500E+02  6.080782E-02  5.672894E-02  3.766686E-04                                 112
 3.145000E+02  6.081354E-02  5.672894E-02  3.766396E-04                                 112
 3.147500E+02  6.081927E-02  5.672894E-02  3.766116E-04                                 112
 3.150000E+02  6.082500E-02  5.672894E-02  3.765848E-04                                 112
 3.152500E+02  6.083072E-02  5.672894E-02  3.765591E-04                                 112
 3.155000E+02  6.083645E-02  5.672894E-02  3.765346E-04                                 112
 3.157500E+02  6.084218E-02  5.672894E-02  3.765112E-04                                 112
 3.160000E+02  6.084790E-02  5.672894E-02  3.764890E-04                                 112
 3.162500E+02  6.085363E-02  5.672894E-02  3.764679E-04                                 112
 3.165000E+02  6.085936E-02  5.672894E-02  3.764480E-04                                 112
 3.167500E+02  6.086508E-02  5.672894E-02  3.764293E-04                                 112
 3.170000E+02  6.087081E-02  5.672894E-02  3.764118E-04                                 112
 3.172500E+02  6.087654E-02  5.672894E-02  3.763954E-04                                 112
 3.175000E+02  6.088227E-02  5.672894E-02  3.763803E-04                                 112
 3.177500E+02  6.088800E-02  5.672894E-02  3.763663E-04                                 112
 3.180000E+02  6.089373E-02  5.672894E-02  3.763535E-04                                 112
 3.182500E+02  6.089946E-02  5.672894E-02  3.763420E-04                                 112
 3.185000E+02  6.090519E-02  5.672894E-02  3.763316E-04                                 112
 3.187500E+02  6.091092E-02  5.672894E-02  3.763225E-04                                 112
 3.190000E+02  6.091665E-02  5.672894E-02  3.763146E-04                                 112
 3.192500E+02  6.092238E-02  5.672894E-02  3.763079E-04                                 112
 3.195000E+02  6.092811E-02  5.672894E-02  3.763025E-04                                 112
 3.197500E+02  6.093384E-02  5.672894E-02  3.762983E-04                                 112
 3.200000E+02  6.093958E-02  5.672894E-02  3.762953E-04                                 112
 3.202500E+02  6.094531E-02  5.672894E-02  3.762936E-04                                 112
 3.205000E+02  6.095104E-02  5.672894E-02  3.762932E-04                                 112
 3.207500E+02  6.095678E-02  5.672894E-02  3.762940E-04                                 112
 3.210000E+02  6.096251E-02  5.672894E-02  3.762960E-04                                 112
 3.212500E+02  6.096825E-02  5.672894E-02  3.762993E-04                                 112
 3.215000E+02  6.097398E-02  5.672894E-02  3.763039E-04                                 112
 3.217500E+02  6.097972E-02  5.672894E-02  3.763098E-04                                 112
 3.220000E+02  6.098546E-02  5.672894E-02  3.763169E-04                                 112
 3.222500E+02  6.099119E-02  5.672894E-02  3.763253E-04                                 112
 3.225000E+02  6.099693E-02  5.672894E-02  3.763351E-04                                 112
 3.227500E+02  6.100267E-02  5.672894E-02  3.763460E-04                                 112
 3.230000E+02  6.100841E-02  5.672894E-02  3.763583E-04                                 112
 3.232500E+02  6.101415E-02  5.672894E-02  3.763719E-04                                 112
 3.235000E+02  6.101989E-02  5.672894E-02  3.763868E-04                                 112
 3.237500E+02  6.102564E-02  5.672894E-02  3.764030E-04                                 112
 3.240000E+02  6.103138E-02  5.672894E-02  3.764204E-04                                 112
 3.242500E+02  6.103712E-02  5.672894E-02  3.764392E-04                                 112
 3.245000E+02  6.104287E-02  5.672894E-02  3.764593E-04                                 112
 3.247500E+02  6.104861E-02  5.672894E-02  3.764807E-04                                 112
 3.250000E+02  6.105436E-02  5.672894E-02  3.765035E-04                                 112
 3.252500E+02  6.106011E-02  5.672894E-02  3.765275E-04                                 112
 3.255000E+02  6.106585E-02  5.672894E-02  3.765529E-04                                 112
 3.257500E+02  6.107160E-02  5.672894E-02  3.765796E-04                                 112
 3.260000E+02  6.107735E-02  5.672894E-02  3.766076E-04                                 112
 3.262500E+02  6.108310E-02  5.672894E-02  3.766369E-04                                 112
 3.265000E+02  6.108886E-02  5.672894E-02  3.766676E-04                                 112
 3.267500E+02  6.109461E-02  5.672894E-02  3.766996E-04                                 112
 3.270000E+02  6.110036E-02  5.672894E-02  3.767329E-04                                 112
 3.272500E+02  6.110612E-02  5.672894E-02  3.767676E-04                                 112
 3.275000E+02  6.111188E-02  5.672894E-02  3.768036E-04                                 112
 3.277500E+02  6.111763E-02  5.672894E-02  3.768410E-04                                 112
 3.280000E+02  6.112339E-02  5.672894E-02  3.768797E-04                                 112
 3.282500E+02  6.112915E-02  5.672894E-02  3.769197E-04                                 112
 3.285000E+02  6.113491E-02  5.672894E-02  3.769611E-04                                 112
 3.287500E+02  6.114067E-02  5.672894E-02  3.770039E-04                                 112
 3.290000E+02  6.114644E-02  5.672894E-02  3.770479E-04                                 112
 3.292500E+02  6.115220E-02  5.672894E-02  3.770934E-04                                 112
 3.295000E+02  6.115797E-02  5.672894E-02  3.771402E-04                                 112
 3.297500E+02  6.116373E-02  5.672894E-02  3.771883E-04                                 112
 3.300000E+02  6.116950E-02  5.672894E-02  3.772378E-04                                 112
 3.302500E+02  6.117527E-02  5.672894E-02  3.772886E-04                                 112
 3.305000E+02  6.118104E-02  5.672894E-02  3.773408E-04                                 112
 3.307500E+02  6.118681E-02  5.672894E-02  3.773944E-04                                 112
 3.310000E+02  6.119259E-02  5.672894E-02  3.774493E-04                                 112
 3.312500E+02  6.119836E-02  5.672894E-02  3.775055E-04                                 112
 3.315000E+02  6.120414E-02  5.672894E-02  3.775632E-04                                 112
 3.317500E+02  6.120992E-02  5.672894E-02  3.776221E-04                                 112
 3.320000E+02  6.121570E-02  5.672894E-02  3.776825E-04                                 112
 3.322500E+02  6.122148E-02  5.672894E-02  3.777442E-04                                 112
 3.325000E+02  6.122726E-02  5.672894E-02  3.778072E-04                                 112
 3.327500E+02  6.123304E-02  5.672894E-02  3.778716E-04                                 112
 3.330000E+02  6.123883E-02  5.672894E-02  3.779374E-04                                 112
 3.332500E+02  6.124462E-02  5.672894E-02  3.780046E-04                                 112
 3.335000E+02  6.125040E-02  5.672894E-02  3.780730E-04                                 112
 3.337500E+02  6.125619E-02  5.672894E-02  3.781429E-04                                 112
 3.340000E+02  6.126199E-02  5.672894E-02  3.782141E-04                                 112
 3.342500E+02  6.126778E-02  5.672894E-02  3.782867E-04                                 112
 3.345000E+02  6.127357E-02  5.672894E-02  3.783606E-04                                 112
 3.347500E+02  6.127937E-02  5.672894E-02  3.784359E-04                                 112
 3.350000E+02  6.128517E-02  5.672894E-02  3.785125E-04                                 112
 3.352500E+02  6.129097E-02  5.672894E-02  3.785905E-04                                 112
 3.355000E+02  6.129677E-02  5.672894E-02  3.786699E-04                                 112
 3.357500E+02  6.130257E-02  5.672894E-02  3.787506E-04                                 112
 3.360000E+02  6.130838E-02  5.672894E-02  3.788327E-04                                 112
 3.362500E+02  6.131419E-02  5.672894E-02  3.789161E-04                                 112
 3.365000E+02  6.132000E-02  5.672894E-02  3.790009E-04                                 112
 3.367500E+02  6.132581E-02  5.672894E-02  3.790870E-04                                 112
 3.370000E+02  6.133162E-02  5.672894E-02  3.791745E-04                                 112
 3.372500E+02  6.133744E-02  5.672894E-02  3.792633E-04                                 112
 3.375000E+02  6.134325E-02  5.672894E-02  3.793535E-04                                 112
 3.377500E+02  6.134907E-02  5.672894E-02  3.794450E-04                                 112
 3.380000E+02  6.135489E-02  5.672894E-02  3.795379E-04                                 112
 3.382500E+02  6.136071E-02  5.672894E-02  3.796321E-04                                 112
 3.385000E+02  6.136654E-02  5.672894E-02  3.797277E-04                                 112
 3.387500E+02  6.137237E-02  5.672894E-02  3.798246E-04                                 112
 3.390000E+02  6.137819E-02  5.672894E-02  3.799229E-04                                 112
 3.392500E+02  6.138402E-02  5.672894E-02  3.800224E-04                                 112
 3.395000E+02  6.138986E-02  5.672894E-02  3.801234E-04                                 112
 3.397500E+02  6.139569E-02  5.672894E-02  3.802256E-04                                 112
 3.400000E+02  6.140153E-02  5.672894E-02  3.803292E-04                                 112
 3.402500E+02  6.140737E-02  5.672894E-02  3.804342E-04                                 112
 3.405000E+02  6.141321E-02  5.672894E-02  3.805404E-04                                 112
 3.407500E+02  6.141905E-02  5.672894E-02  3.806480E-04                                 112
 3.410000E+02  6.142490E-02  5.672894E-02  3.807569E-04                                 112
 3.412500E+02  6.143075E-02  5.672894E-02  3.808671E-04                                 112
 3.415000E+02  6.143660E-02  5.672894E-02  3.809787E-04                                 112
 3.417500E+02  6.144245E-02  5.672894E-02  3.810916E-04                                 112
 3.420000E+02  6.144831E-02  5.672894E-02  3.812057E-04                                 112
 3.422500E+02  6.145416E-02  5.672894E-02  3.813213E-04                                 112
 3.425000E+02  6.146002E-02  5.672894E-02  3.814381E-04                                 112
 3.427500E+02  6.146589E-02  5.672894E-02  3.815562E-04                                 112
 3.430000E+02  6.147175E-02  5.672894E-02  3.816756E-04                                 112
 3.432500E+02  6.147762E-02  5.672894E-02  3.817964E-04                                 112
 3.435000E+02  6.148349E-02  5.672894E-02  3.819184E-04                                 112
 3.437500E+02  6.148936E-02  5.672894E-02  3.820417E-04                                 112
 3.440000E+02  6.149523E-02  5.672894E-02  3.821664E-04                                 112
 3.442500E+02  6.150111E-02  5.672894E-02  3.822923E-04                                 112
 3.445000E+02  6.150699E-02  5.672894E-02  3.824195E-04                                 112
 3.447500E+02  6.151287E-02  5.672894E-02  3.825480E-04                                 112
 3.450000E+02  6.151875E-02  5.672894E-02  3.826778E-04                                 112
 3.452500E+02  6.152464E-02  5.672894E-02  3.828088E-04                                 112
 3.455000E+02  6.153053E-02  5.672894E-02  3.829412E-04                                 112
 3.457500E+02  6.153642E-02  5.672894E-02  3.830748E-04                                 112
 3.460000E+02  6.154232E-02  5.672894E-02  3.832097E-04                                 112
 3.462500E+02  6.154821E-02  5.672894E-02  3.833458E-04                                 112
 3.465000E+02  6.155411E-02  5.672894E-02  3.834833E-04                                 112
 3.467500E+02  6.156001E-02  5.672894E-02  3.836219E-04                                 112
 3.470000E+02  6.156592E-02  5.672894E-02  3.837619E-04                                 112
 3.472500E+02  6.157183E-02  5.672894E-02  3.839031E-04                                 112
 3.475000E+02  6.157774E-02  5.672894E-02  3.840455E-04                                 112
 3.477500E+02  6.158365E-02  5.672894E-02  3.841892E-04                                 112
 3.480000E+02  6.158957E-02  5.672894E-02  3.843341E-04                                 112
 3.482500E+02  6.159549E-02  5.672894E-02  3.844803E-04                                 112
 3.485000E+02  6.160141E-02  5.672894E-02  3.846277E-04                                 112
 3.487500E+02  6.160733E-02  5.672894E-02  3.847763E-04                                 112
 3.490000E+02  6.161326E-02  5.672894E-02  3.849261E-04                                 112
 3.492500E+02  6.161919E-02  5.672894E-02  3.850772E-04                                 112
 3.495000E+02  6.162513E-02  5.672894E-02  3.852295E-04                                 112
 3.497500E+02  6.163106E-02  5.672894E-02  3.853830E-04                                 112
 3.500000E+02  6.163700E-02  5.672894E-02  3.855377E-04                                 112
 3.502500E+02  6.164294E-02  5.672894E-02  3.856937E-04                                 112
 3.505000E+02  6.164889E-02  5.672894E-02  3.858508E-04                                 112
 3.507500E+02  6.165484E-02  5.672894E-02  3.860091E-04                                 112
 3.510000E+02  6.166079E-02  5.672894E-02  3.861686E-04                                 112
 3.512500E+02  6.166674E-02  5.672894E-02  3.863293E-04                                 112
 3.515000E+02  6.167270E-02  5.672894E-02  3.864912E-04                                 112
 3.517500E+02  6.167866E-02  5.672894E-02  3.866543E-04                                 112
 3.520000E+02  6.168463E-02  5.672894E-02  3.868185E-04                                 112
 3.522500E+02  6.169059E-02  5.672894E-02  3.869840E-04                                 112
 3.525000E+02  6.169656E-02  5.672894E-02  3.871505E-04                                 112
 3.527500E+02  6.170254E-02  5.672894E-02  3.873183E-04                                 112
 3.530000E+02  6.170851E-02  5.672894E-02  3.874872E-04                                 112
 3.532500E+02  6.171449E-02  5.672894E-02  3.876572E-04                                 112
 3.535000E+02  6.172047E-02  5.672894E-02  3.878284E-04                                 112
 3.537500E+02  6.172646E-02  5.672894E-02  3.880007E-04                                 112
 3.540000E+02  6.173245E-02  5.672894E-02  3.881742E-04                                 112
 3.542500E+02  6.173844E-02  5.672894E-02  3.883488E-04                                 112
 3.545000E+02  6.174444E-02  5.672894E-02  3.885245E-04                                 112
 3.547500E+02  6.175044E-02  5.672894E-02  3.887014E-04                                 112
 3.550000E+02  6.175644E-02  5.672894E-02  3.888793E-04                                 112
 3.552500E+02  6.176244E-02  5.672894E-02  3.890584E-04                                 112
 3.555000E+02  6.176845E-02  5.672894E-02  3.892386E-04                                 112
 3.557500E+02  6.177446E-02  5.672894E-02  3.894198E-04                                 112
 3.560000E+02  6.178048E-02  5.672894E-02  3.896022E-04                                 112
 3.562500E+02  6.178650E-02  5.672894E-02  3.897856E-04                                 112
 3.565000E+02  6.179252E-02  5.672894E-02  3.899702E-04                                 112
 3.567500E+02  6.179855E-02  5.672894E-02  3.901558E-04                                 112
 3.570000E+02  6.180458E-02  5.672894E-02  3.903425E-04                                 112
 3.572500E+02  6.181061E-02  5.672894E-02  3.905302E-04                                 112
 3.575000E+02  6.181665E-02  5.672894E-02  3.907190E-04                                 112
 3.577500E+02  6.182269E-02  5.672894E-02  3.909089E-04                                 112
 3.580000E+02  6.182873E-02  5.672894E-02  3.910998E-04                                 112
 3.582500E+02  6.183478E-02  5.672894E-02  3.912918E-04                                 112
 3.585000E+02  6.184083E-02  5.672894E-02  3.914848E-04                                 112
 3.587500E+02  6.184688E-02  5.672894E-02  3.916788E-04                                 112
 3.590000E+02  6.185294E-02  5.672894E-02  3.918739E-04                                 112
 3.592500E+02  6.185900E-02  5.672894E-02  3.920700E-04                                 112
 3.595000E+02  6.186507E-02  5.672894E-02  3.922671E-04                                 112
 3.597500E+02  6.187114E-02  5.672894E-02  3.924652E-04                                 112
 3.600000E+02  6.187721E-02  5.672894E-02  3.926643E-04                                 112
 3.602500E+02  6.188328E-02  5.672894E-02  3.928644E-04                                 112
 3.605000E+02  6.188936E-02  5.672894E-02  3.930655E-04                                 112
 3.607500E+02  6.189545E-02  5.672894E-02  3.932675E-04                                 112
 3.610000E+02  6.190153E-02  5.672894E-02  3.934706E-04                                 112
 3.612500E+02  6.190763E-02  5.672894E-02  3.936746E-04                                 112
 3.615000E+02  6.191372E-02  5.672894E-02  3.938796E-04                                 112
 3.617500E+02  6.191982E-02  5.672894E-02  3.940855E-04                                 112
 3.620000E+02  6.192592E-02  5.672894E-02  3.942924E-04                                 112
 3.622500E+02  6.193203E-02  5.672894E-02  3.945003E-04                                 112
 3.625000E+02  6.193814E-02  5.672894E-02  3.947091E-04                                 112
 3.627500E+02  6.194425E-02  5.672894E-02  3.949188E-04                                 112
 3.630000E+02  6.195037E-02  5.672894E-02  3.951294E-04                                 112
 3.632500E+02  6.195649E-02  5.672894E-02  3.953410E-04                                 112
 3.635000E+02  6.196262E-02  5.672894E-02  3.955534E-04                                 112
 3.637500E+02  6.196875E-02  5.672894E-02  3.957668E-04                                 112
 3.640000E+02  6.197488E-02  5.672894E-02  3.959811E-04                                 112
 3.642500E+02  6.198102E-02  5.672894E-02  3.961963E-04                                 112
 3.645000E+02  6.198716E-02  5.672894E-02  3.964124E-04                                 112
 3.647500E+02  6.199330E-02  5.672894E-02  3.966293E-04                                 112
 3.650000E+02  6.199945E-02  5.672894E-02  3.968471E-04                                 112
 3.652500E+02  6.200560E-02  5.672894E-02  3.970658E-04                                 112
 3.655000E+02  6.201176E-02  5.672894E-02  3.972853E-04                                 112
 3.657500E+02  6.201792E-02  5.672894E-02  3.975057E-04                                 112
 3.660000E+02  6.202409E-02  5.672894E-02  3.977270E-04                                 112
 3.662500E+02  6.203026E-02  5.672894E-02  3.979491E-04                                 112
 3.665000E+02  6.203643E-02  5.672894E-02  3.981720E-04                                 112
 3.667500E+02  6.204261E-02  5.672894E-02  3.983957E-04                                 112
 3.670000E+02  6.204879E-02  5.672894E-02  3.986203E-04                                 112
 3.672500E+02  6.205497E-02  5.672894E-02  3.988456E-04                                 112
 3.675000E+02  6.206116E-02  5.672894E-02  3.990718E-04                                 112
 3.677500E+02  6.206736E-02  5.672894E-02  3.992988E-04                                 112
 3.680000E+02  6.207356E-02  5.672894E-02  3.995265E-04                                 112
 3.682500E+02  6.207976E-02  5.672894E-02  3.997551E-04                                 112
 3.685000E+02  6.208596E-02  5.672894E-02  3.999844E-04                                 112
 3.687500E+02  6.209217E-02  5.672894E-02  4.002145E-04                                 112
 3.690000E+02  6.209839E-02  5.672894E-02  4.004453E-04                                 112
 3.692500E+02  6.210461E-02  5.672894E-02  4.006769E-04                                 112
 3.695000E+02  6.211083E-02  5.672894E-02  4.009093E-04                                 112
 3.697500E+02  6.211706E-02  5.672894E-02  4.011423E-04                                 112
 3.700000E+02  6.212329E-02  5.672894E-02  4.013762E-04                                 112
 3.702500E+02  6.212953E-02  5.672894E-02  4.016107E-04                                 112
 3.705000E+02  6.213577E-02  5.672894E-02  4.018460E-04                                 112
 3.707500E+02  6.214201E-02  5.672894E-02  4.020820E-04                                 112
 3.710000E+02  6.214826E-02  5.672894E-02  4.023186E-04                                 112
 3.712500E+02  6.215451E-02  5.672894E-02  4.025560E-04                                 112
 3.715000E+02  6.216077E-02  5.672894E-02  4.027941E-04                                 112
 3.717500E+02  6.216703E-02  5.672894E-02  4.030328E-04                                 112
 3.720000E+02  6.217330E-02  5.672894E-02  4.032722E-04                                 112
 3.722500E+02  6.217957E-02  5.672894E-02  4.035123E-04                                 112
 3.725000E+02  6.218584E-02  5.672894E-02  4.037530E-04                                 112
 3.727500E+02  6.219212E-02  5.672894E-02  4.039944E-04                                 112
 3.730000E+02  6.219840E-02  5.672894E-02  4.042365E-04                                 112
 3.732500E+02  6.220469E-02  5.672894E-02  4.044791E-04                                 112
 3.735000E+02  6.221098E-02  5.672894E-02  4.047224E-04                                 112
 3.737500E+02  6.221728E-02  5.672894E-02  4.049664E-04                                 112
 3.740000E+02  6.222358E-02  5.672894E-02  4.052109E-04                                 112
 3.742500E+02  6.222989E-02  5.672894E-02  4.054560E-04                                 112
 3.745000E+02  6.223620E-02  5.672894E-02  4.057018E-04                                 112
 3.747500E+02  6.224251E-02  5.672894E-02  4.059481E-04                                 112
 3.750000E+02  6.224883E-02  5.672894E-02  4.061950E-04                                 112
 3.752500E+02  6.225516E-02  5.672894E-02  4.064425E-04                                 112
 3.755000E+02  6.226148E-02  5.672894E-02  4.066905E-04                                 112
 3.757500E+02  6.226782E-02  5.672894E-02  4.069392E-04                                 112
 3.760000E+02  6.227415E-02  5.672894E-02  4.071883E-04                                 112
 3.762500E+02  6.228049E-02  5.672894E-02  4.074380E-04                                 112
 3.765000E+02  6.228684E-02  5.672894E-02  4.076883E-04                                 112
 3.767500E+02  6.229319E-02  5.672894E-02  4.079391E-04                                 112
 3.770000E+02  6.229955E-02  5.672894E-02  4.081904E-04                                 112
 3.772500E+02  6.230591E-02  5.672894E-02  4.084422E-04                                 112
 3.775000E+02  6.231227E-02  5.672894E-02  4.086945E-04                                 112
 3.777500E+02  6.231864E-02  5.672894E-02  4.089473E-04                                 112
 3.780000E+02  6.232501E-02  5.672894E-02  4.092006E-04                                 112
 3.782500E+02  6.233139E-02  5.672894E-02  4.094544E-04                                 112
 3.785000E+02  6.233777E-02  5.672894E-02  4.097087E-04                                 112
 3.787500E+02  6.234416E-02  5.672894E-02  4.099634E-04                                 112
 3.790000E+02  6.235055E-02  5.672894E-02  4.102186E-04                                 112
 3.792500E+02  6.235695E-02  5.672894E-02  4.104742E-04                                 112
 3.795000E+02  6.236335E-02  5.672894E-02  4.107303E-04                                 112
 3.797500E+02  6.236976E-02  5.672894E-02  4.109869E-04                                 112
 3.800000E+02  6.237617E-02  5.672894E-02  4.112438E-04                                 112
 3.802500E+02  6.238258E-02  5.672894E-02  4.115012E-04                                 112
 3.805000E+02  6.238900E-02  5.672894E-02  4.117590E-04                                 112
 3.807500E+02  6.239543E-02  5.672894E-02  4.120172E-04                                 112
 3.810000E+02  6.240186E-02  5.672894E-02  4.122758E-04                                 112
 3.812500E+02  6.240829E-02  5.672894E-02  4.125348E-04                                 112
 3.815000E+02  6.241473E-02  5.672894E-02  4.127942E-04                                 112
 3.817500E+02  6.242117E-02  5.672894E-02  4.130539E-04                                 112
 3.820000E+02  6.242762E-02  5.672894E-02  4.133140E-04                                 112
 3.822500E+02  6.243408E-02  5.672894E-02  4.135745E-04                                 112
 3.825000E+02  6.244053E-02  5.672894E-02  4.138353E-04                                 112
 3.827500E+02  6.244700E-02  5.672894E-02  4.140965E-04                                 112
 3.830000E+02  6.245346E-02  5.672894E-02  4.143580E-04                                 112
 3.832500E+02  6.245993E-02  5.672894E-02  4.146198E-04                                 112
 3.835000E+02  6.246641E-02  5.672894E-02  4.148820E-04                                 112
 3.837500E+02  6.247289E-02  5.672894E-02  4.151445E-04                                 112
 3.840000E+02  6.247938E-02  5.672894E-02  4.154072E-04                                 112
 3.842500E+02  6.248587E-02  5.672894E-02  4.156703E-04                                 112
 3.845000E+02  6.249237E-02  5.672894E-02  4.159337E-04                                 112
 3.847500E+02  6.249887E-02  5.672894E-02  4.161973E-04                                 112
 3.850000E+02  6.250537E-02  5.672894E-02  4.164613E-04                                 112
 3.852500E+02  6.251188E-02  5.672894E-02  4.167255E-04                                 112
 3.855000E+02  6.251840E-02  5.672894E-02  4.169899E-04                                 112
 3.857500E+02  6.252492E-02  5.672894E-02  4.172546E-04                                 112
 3.860000E+02  6.253144E-02  5.672894E-02  4.175196E-04                                 112
 3.862500E+02  6.253797E-02  5.672894E-02  4.177848E-04                                 112
 3.865000E+02  6.254450E-02  5.672894E-02  4.180502E-04                                 112
 3.867500E+02  6.255104E-02  5.672894E-02  4.183158E-04                                 112
 3.870000E+02  6.255759E-02  5.672894E-02  4.185817E-04                                 112
 3.872500E+02  6.256414E-02  5.672894E-02  4.188478E-04                                 112
 3.875000E+02  6.257069E-02  5.672894E-02  4.191140E-04                                 112
 3.877500E+02  6.257725E-02  5.672894E-02  4.193805E-04                                 112
 3.880000E+02  6.258381E-02  5.672894E-02  4.196471E-04                                 112
 3.882500E+02  6.259038E-02  5.672894E-02  4.199140E-04                                 112
 3.885000E+02  6.259695E-02  5.672894E-02  4.201809E-04                                 112
 3.887500E+02  6.260353E-02  5.672894E-02  4.204481E-04                                 112
 3.890000E+02  6.261011E-02  5.672894E-02  4.207154E-04                                 112
 3.892500E+02  6.261670E-02  5.672894E-02  4.209829E-04                                 112
 3.895000E+02  6.262329E-02  5.672894E-02  4.212505E-04                                 112
 3.897500E+02  6.262989E-02  5.672894E-02  4.215182E-04                                 112
 3.900000E+02  6.263649E-02  5.672894E-02  4.217861E-04                                 112
 3.902500E+02  6.264310E-02  5.672894E-02  4.220541E-04                                 112
 3.905000E+02  6.264971E-02  5.672894E-02  4.223222E-04                                 112
 3.907500E+02  6.265633E-02  5.672894E-02  4.225904E-04                                 112
 3.910000E+02  6.266295E-02  5.672894E-02  4.228587E-04                                 112
 3.912500E+02  6.266958E-02  5.672894E-02  4.231270E-04                                 112
 3.915000E+02  6.267621E-02  5.672894E-02  4.233955E-04                                 112
 3.917500E+02  6.268285E-02  5.672894E-02  4.236641E-04                                 112
 3.920000E+02  6.268949E-02  5.672894E-02  4.239327E-04                                 112
 3.922500E+02  6.269614E-02  5.672894E-02  4.242014E-04                                 112
 3.925000E+02  6.270279E-02  5.672894E-02  4.244701E-04                                 112
 3.927500E+02  6.270944E-02  5.672894E-02  4.247389E-04                                 112
 3.930000E+02  6.271610E-02  5.672894E-02  4.250077E-04                                 112
 3.932500E+02  6.272277E-02  5.672894E-02  4.252766E-04                                 112
 3.935000E+02  6.272944E-02  5.672894E-02  4.255455E-04                                 112
 3.937500E+02  6.273612E-02  5.672894E-02  4.258144E-04                                 112
 3.940000E+02  6.274280E-02  5.672894E-02  4.260833E-04                                 112
 3.942500E+02  6.274948E-02  5.672894E-02  4.263522E-04                                 112
 3.945000E+02  6.275618E-02  5.672894E-02  4.266211E-04                                 112
 3.947500E+02  6.276287E-02  5.672894E-02  4.268901E-04                                 112
 3.950000E+02  6.276957E-02  5.672894E-02  4.271590E-04                                 112
 3.952500E+02  6.277628E-02  5.672894E-02  4.274279E-04                                 112
 3.955000E+02  6.278299E-02  5.672894E-02  4.276967E-04                                 112
 3.957500E+02  6.278970E-02  5.672894E-02  4.279655E-04                                 112
 3.960000E+02  6.279642E-02  5.672894E-02  4.282343E-04                                 112
 3.962500E+02  6.280315E-02  5.672894E-02  4.285031E-04                                 112
 3.965000E+02  6.280988E-02  5.672894E-02  4.287718E-04                                 112
 3.967500E+02  6.281662E-02  5.672894E-02  4.290404E-04                                 112
 3.970000E+02  6.282336E-02  5.672894E-02  4.293090E-04                                 112
 3.972500E+02  6.283010E-02  5.672894E-02  4.295774E-04                                 112
 3.975000E+02  6.283685E-02  5.672894E-02  4.298459E-04                                 112
 3.977500E+02  6.284361E-02  5.672894E-02  4.301142E-04                                 112
 3.980000E+02  6.285037E-02  5.672894E-02  4.303824E-04                                 112
 3.982500E+02  6.285713E-02  5.672894E-02  4.306506E-04                                 112
 3.985000E+02  6.286390E-02  5.672894E-02  4.309186E-04                                 112
 3.987500E+02  6.287067E-02  5.672894E-02  4.311865E-04                                 112
 3.990000E+02  6.287745E-02  5.672894E-02  4.314543E-04                                 112
 3.992500E+02  6.288424E-02  5.672894E-02  4.317220E-04                                 112
 3.995000E+02  6.289103E-02  5.672894E-02  4.319896E-04                                 112
 3.997500E+02  6.289782E-02  5.672894E-02  4.322570E-04                                 112
 4.000000E+02  6.290462E-02  5.672894E-02  4.325243E-04                                 112
 4.002500E+02  6.291143E-02  5.672894E-02  4.327914E-04                                 112
 4.005000E+02  6.291824E-02  5.672894E-02  4.330584E-04                                 112
 4.007500E+02  6.292505E-02  5.672894E-02  4.333252E-04                                 112
 4.010000E+02  6.293187E-02  5.672894E-02  4.335919E-04                                 112
 4.012500E+02  6.293869E-02  5.672894E-02  4.338583E-04                                 112
 4.015000E+02  6.294552E-02  5.672894E-02  4.341247E-04                                 112
 4.017500E+02  6.295236E-02  5.672894E-02  4.343908E-04                                 112
 4.020000E+02  6.295920E-02  5.672894E-02  4.346567E-04                                 112
 4.022500E+02  6.296604E-02  5.672894E-02  4.349225E-04                                 112
 4.025000E+02  6.297289E-02  5.672894E-02  4.351880E-04                                 112
 4.027500E+02  6.297974E-02  5.672894E-02  4.354534E-04                                 112
 4.030000E+02  6.298660E-02  5.672894E-02  4.357185E-04                                 112
 4.032500E+02  6.299346E-02  5.672894E-02  4.359834E-04                                 112
 4.035000E+02  6.300033E-02  5.672894E-02  4.362481E-04                                 112
 4.037500E+02  6.300721E-02  5.672894E-02  4.365126E-04                                 112
 4.040000E+02  6.301409E-02  5.672894E-02  4.367769E-04                                 112
 4.042500E+02  6.302097E-02  5.672894E-02  4.370409E-04                                 112
 4.045000E+02  6.302786E-02  5.672894E-02  4.373046E-04                                 112
 4.047500E+02  6.303475E-02  5.672894E-02  4.375682E-04                                 112
 4.050000E+02  6.304165E-02  5.672894E-02  4.378314E-04                                 112
 4.052500E+02  6.304855E-02  5.672894E-02  4.380944E-04                                 112
 4.055000E+02  6.305546E-02  5.672894E-02  4.383572E-04                                 112
 4.057500E+02  6.306237E-02  5.672894E-02  4.386197E-04                                 112
 4.060000E+02  6.306929E-02  5.672894E-02  4.388819E-04                                 112
 4.062500E+02  6.307621E-02  5.672894E-02  4.391438E-04                                 112
 4.065000E+02  6.308314E-02  5.672894E-02  4.394055E-04                                 112
 4.067500E+02  6.309007E-02  5.672894E-02  4.396668E-04                                 112
 4.070000E+02  6.309701E-02  5.672894E-02  4.399279E-04                                 112
 4.072500E+02  6.310395E-02  5.672894E-02  4.401887E-04                                 112
 4.075000E+02  6.311090E-02  5.672894E-02  4.404492E-04                                 112
 4.077500E+02  6.311785E-02  5.672894E-02  4.407093E-04                                 112
 4.080000E+02  6.312480E-02  5.672894E-02  4.409692E-04                                 112
 4.082500E+02  6.313177E-02  5.672894E-02  4.412287E-04                                 112
 4.085000E+02  6.313873E-02  5.672894E-02  4.414880E-04                                 112
 4.087500E+02  6.314570E-02  5.672894E-02  4.417469E-04                                 112
 4.090000E+02  6.315268E-02  5.672894E-02  4.420054E-04                                 112
 4.092500E+02  6.315966E-02  5.672894E-02  4.422637E-04                                 112
 4.095000E+02  6.316665E-02  5.672894E-02  4.425216E-04                                 112
 4.097500E+02  6.317364E-02  5.672894E-02  4.427792E-04                                 112
 4.100000E+02  6.318063E-02  5.672894E-02  4.430364E-04                                 112
 4.102500E+02  6.318763E-02  5.672894E-02  4.432932E-04                                 112
 4.105000E+02  6.319464E-02  5.672894E-02  4.435497E-04                                 112
 4.107500E+02  6.320165E-02  5.672894E-02  4.438059E-04                                 112
 4.110000E+02  6.320866E-02  5.672894E-02  4.440617E-04                                 112
 4.112500E+02  6.321568E-02  5.672894E-02  4.443172E-04                                 112
 4.115000E+02  6.322271E-02  5.672894E-02  4.445722E-04                                 112
 4.117500E+02  6.322974E-02  5.672894E-02  4.448269E-04                                 112
 4.120000E+02  6.323677E-02  5.672894E-02  4.450812E-04                                 112
 4.122500E+02  6.324381E-02  5.672894E-02  4.453351E-04                                 112
 4.125000E+02  6.325085E-02  5.672894E-02  4.455887E-04                                 112
 4.127500E+02  6.325790E-02  5.672894E-02  4.458419E-04                                 112
 4.130000E+02  6.326495E-02  5.672894E-02  4.460946E-04                                 112
 4.132500E+02  6.327201E-02  5.672894E-02  4.463470E-04                                 112
 4.135000E+02  6.327907E-02  5.672894E-02  4.465990E-04                                 112
 4.137500E+02  6.328614E-02  5.672894E-02  4.468505E-04                                 112
 4.140000E+02  6.329321E-02  5.672894E-02  4.471017E-04                                 112
 4.142500E+02  6.330029E-02  5.672894E-02  4.473524E-04                                 112
 4.145000E+02  6.330737E-02  5.672894E-02  4.476028E-04                                 112
 4.147500E+02  6.331446E-02  5.672894E-02  4.478527E-04                                 112
 4.150000E+02  6.332155E-02  5.672894E-02  4.481022E-04                                 112
 4.152500E+02  6.332865E-02  5.672894E-02  4.483513E-04                                 112
 4.155000E+02  6.333575E-02  5.672894E-02  4.486000E-04                                 112
 4.157500E+02  6.334285E-02  5.672894E-02  4.488482E-04                                 112
 4.160000E+02  6.334996E-02  5.672894E-02  4.490960E-04                                 112
 4.162500E+02  6.335708E-02  5.672894E-02  4.493434E-04                                 112
 4.165000E+02  6.336420E-02  5.672894E-02  4.495903E-04                                 112
 4.167500E+02  6.337132E-02  5.672894E-02  4.498368E-04                                 112
 4.170000E+02  6.337845E-02  5.672894E-02  4.500828E-04                                 112
 4.172500E+02  6.338558E-02  5.672894E-02  4.503284E-04                                 112
 4.175000E+02  6.339272E-02  5.672894E-02  4.505736E-04                                 112
 4.177500E+02  6.339987E-02  5.672894E-02  4.508183E-04                                 112
 4.180000E+02  6.340701E-02  5.672894E-02  4.510625E-04                                 112
 4.182500E+02  6.341417E-02  5.672894E-02  4.513063E-04                                 112
 4.185000E+02  6.342132E-02  5.672894E-02  4.515496E-04                                 112
 4.187500E+02  6.342848E-02  5.672894E-02  4.517925E-04                                 112
 4.190000E+02  6.343565E-02  5.672894E-02  4.520349E-04                                 112
 4.192500E+02  6.344282E-02  5.672894E-02  4.522768E-04                                 112
 4.195000E+02  6.345000E-02  5.672894E-02  4.525183E-04                                 112
 4.197500E+02  6.345718E-02  5.672894E-02  4.527593E-04                                 112
 4.200000E+02  6.346436E-02  5.672894E-02  4.529998E-04                                 112
 4.202500E+02  6.347155E-02  5.672894E-02  4.532399E-04                                 112
 4.205000E+02  6.347875E-02  5.672894E-02  4.534794E-04                                 112
 4.207500E+02  6.348595E-02  5.672894E-02  4.537185E-04                                 112
 4.210000E+02  6.349315E-02  5.672894E-02  4.539571E-04                                 112
 4.212500E+02  6.350036E-02  5.672894E-02  4.541953E-04                                 112
 4.215000E+02  6.350757E-02  5.672894E-02  4.544329E-04                                 112
 4.217500E+02  6.351479E-02  5.672894E-02  4.546701E-04                                 112
 4.220000E+02  6.352201E-02  5.672894E-02  4.549067E-04                                 112
 4.222500E+02  6.352924E-02  5.672894E-02  4.551429E-04                                 112
 4.225000E+02  6.353647E-02  5.672894E-02  4.553786E-04                                 112
 4.227500E+02  6.354370E-02  5.672894E-02  4.556138E-04                                 112
 4.230000E+02  6.355094E-02  5.672894E-02  4.558484E-04                                 112
 4.232500E+02  6.355819E-02  5.672894E-02  4.560826E-04                                 112
 4.235000E+02  6.356544E-02  5.672894E-02  4.563163E-04                                 112
 4.237500E+02  6.357269E-02  5.672894E-02  4.565495E-04                                 112
 4.240000E+02  6.357995E-02  5.672894E-02  4.567822E-04                                 112
 4.242500E+02  6.358721E-02  5.672894E-02  4.570144E-04                                 112
 4.245000E+02  6.359448E-02  5.672894E-02  4.572461E-04                                 112
 4.247500E+02  6.360175E-02  5.672894E-02  4.574772E-04                                 112
 4.250000E+02  6.360903E-02  5.672894E-02  4.577079E-04                                 112
 4.252500E+02  6.361631E-02  5.672894E-02  4.579380E-04                                 112
 4.255000E+02  6.362359E-02  5.672894E-02  4.581677E-04                                 112
 4.257500E+02  6.363088E-02  5.672894E-02  4.583968E-04                                 112
 4.260000E+02  6.363818E-02  5.672894E-02  4.586254E-04                                 112
 4.262500E+02  6.364548E-02  5.672894E-02  4.588535E-04                                 112
 4.265000E+02  6.365278E-02  5.672894E-02  4.590811E-04                                 112
 4.267500E+02  6.366009E-02  5.672894E-02  4.593082E-04                                 112
 4.270000E+02  6.366740E-02  5.672894E-02  4.595347E-04                                 112
 4.272500E+02  6.367472E-02  5.672894E-02  4.597607E-04                                 112
 4.275000E+02  6.368204E-02  5.672894E-02  4.599862E-04                                 112
 4.277500E+02  6.368936E-02  5.672894E-02  4.602112E-04                                 112
 4.280000E+02  6.369669E-02  5.672894E-02  4.604357E-04                                 112
 4.282500E+02  6.370403E-02  5.672894E-02  4.606597E-04                                 112
 4.285000E+02  6.371136E-02  5.672894E-02  4.608831E-04                                 112
 4.287500E+02  6.371871E-02  5.672894E-02  4.611060E-04                                 112
 4.290000E+02  6.372606E-02  5.672894E-02  4.613284E-04                                 112
 4.292500E+02  6.373341E-02  5.672894E-02  4.615502E-04                                 112
 4.295000E+02  6.374076E-02  5.672894E-02  4.617716E-04                                 112
 4.297500E+02  6.374812E-02  5.672894E-02  4.619924E-04                                 112
 4.300000E+02  6.375549E-02  5.672894E-02  4.622126E-04                                 112
 4.302500E+02  6.376286E-02  5.672894E-02  4.624324E-04                                 112
 4.305000E+02  6.377023E-02  5.672894E-02  4.626516E-04                                 112
 4.307500E+02  6.377761E-02  5.672894E-02  4.628703E-04                                 112
 4.310000E+02  6.378499E-02  5.672894E-02  4.630885E-04                                 112
 4.312500E+02  6.379238E-02  5.672894E-02  4.633061E-04                                 112
 4.315000E+02  6.379977E-02  5.672894E-02  4.635233E-04                                 112
 4.317500E+02  6.380717E-02  5.672894E-02  4.637398E-04                                 112
 4.320000E+02  6.381457E-02  5.672894E-02  4.639559E-04                                 112
 4.322500E+02  6.382197E-02  5.672894E-02  4.641714E-04                                 112
 4.325000E+02  6.382938E-02  5.672894E-02  4.643864E-04                                 112
 4.327500E+02  6.383679E-02  5.672894E-02  4.646009E-04                                 112
 4.330000E+02  6.384421E-02  5.672894E-02  4.648148E-04                                 112
 4.332500E+02  6.385163E-02  5.672894E-02  4.650283E-04                                 112
 4.335000E+02  6.385905E-02  5.672894E-02  4.652411E-04                                 112
 4.337500E+02  6.386648E-02  5.672894E-02  4.654535E-04                                 112
 4.340000E+02  6.387392E-02  5.672894E-02  4.656653E-04                                 112
 4.342500E+02  6.388135E-02  5.672894E-02  4.658766E-04                                 112
 4.345000E+02  6.388880E-02  5.672894E-02  4.660874E-04                                 112
 4.347500E+02  6.389624E-02  5.672894E-02  4.664144E-04                                 112
 4.350000E+02  6.390370E-02  5.672894E-02  4.666242E-04                                 112
 4.352500E+02  6.391115E-02  5.672894E-02  4.667168E-04                                 112
 4.355000E+02  6.391861E-02  5.672894E-02  4.669254E-04                                 112
 4.357500E+02  6.392608E-02  5.672894E-02  4.671336E-04                                 112
 4.360000E+02  6.393354E-02  5.672894E-02  4.673412E-04                                 112
 4.362500E+02  6.394101E-02  5.672894E-02  4.675482E-04                                 112
 4.365000E+02  6.394849E-02  5.672894E-02  4.677548E-04                                 112
 4.367500E+02  6.395597E-02  5.672894E-02  4.679608E-04                                 112
 4.370000E+02  6.396346E-02  5.672894E-02  4.681663E-04                                 112
 4.372500E+02  6.397094E-02  5.672894E-02  4.683713E-04                                 112
 4.375000E+02  6.397844E-02  5.672894E-02  4.685758E-04                                 112
 4.377500E+02  6.398593E-02  5.672894E-02  4.687797E-04                                 112
 4.380000E+02  6.399343E-02  5.672894E-02  4.689831E-04                                 112
 4.382500E+02  6.400094E-02  5.672894E-02  4.691860E-04                                 112
 4.385000E+02  6.400845E-02  5.672894E-02  4.693884E-04                                 112
 4.387500E+02  6.401596E-02  5.672894E-02  4.695902E-04                                 112
 4.390000E+02  6.402348E-02  5.672894E-02  4.697916E-04                                 112
 4.392500E+02  6.403100E-02  5.672894E-02  4.699924E-04                                 112
 4.395000E+02  6.403853E-02  5.672894E-02  4.701927E-04                                 112
 4.397500E+02  6.404606E-02  5.672894E-02  4.703925E-04                                 112
 4.400000E+02  6.405359E-02  5.672894E-02  4.705917E-04                                 112
 4.402500E+02  6.406113E-02  5.672894E-02  4.707905E-04                                 112
 4.405000E+02  6.406867E-02  5.672894E-02  4.709887E-04                                 112
 4.407500E+02  6.407621E-02  5.672894E-02  4.711864E-04                                 112
 4.410000E+02  6.408376E-02  5.672894E-02  4.713836E-04                                 112
 4.412500E+02  6.409132E-02  5.672894E-02  4.715803E-04                                 112
 4.415000E+02  6.409888E-02  5.672894E-02  4.717765E-04                                 112
 4.417500E+02  6.410644E-02  5.672894E-02  4.719722E-04                                 112
 4.420000E+02  6.411401E-02  5.672894E-02  4.721674E-04                                 112
 4.422500E+02  6.412158E-02  5.672894E-02  4.723620E-04                                 112
 4.425000E+02  6.412915E-02  5.672894E-02  4.725562E-04                                 112
 4.427500E+02  6.413673E-02  5.672894E-02  4.727498E-04                                 112
 4.430000E+02  6.414431E-02  5.672894E-02  4.729430E-04                                 112
 4.432500E+02  6.415190E-02  5.672894E-02  4.731356E-04                                 112
 4.435000E+02  6.415949E-02  5.672894E-02  4.733278E-04                                 112
 4.437500E+02  6.416708E-02  5.672894E-02  4.735194E-04                                 112
 4.440000E+02  6.417468E-02  5.672894E-02  4.737106E-04                                 112
 4.442500E+02  6.418228E-02  5.672894E-02  4.739012E-04                                 112
 4.445000E+02  6.418989E-02  5.672894E-02  4.740914E-04                                 112
 4.447500E+02  6.419750E-02  5.672894E-02  4.742810E-04                                 112
 4.450000E+02  6.420511E-02  5.672894E-02  4.744702E-04                                 112
 4.452500E+02  6.421273E-02  5.672894E-02  4.746589E-04                                 112
 4.455000E+02  6.422035E-02  5.672894E-02  4.748471E-04                                 112
 4.457500E+02  6.422798E-02  5.672894E-02  4.750348E-04                                 112
 4.460000E+02  6.423560E-02  5.672894E-02  4.752220E-04                                 112
 4.462500E+02  6.424324E-02  5.672894E-02  4.754087E-04                                 112
 4.465000E+02  6.425088E-02  5.672894E-02  4.755949E-04                                 112
 4.467500E+02  6.425852E-02  5.672894E-02  4.757807E-04                                 112
 4.470000E+02  6.426616E-02  5.672894E-02  4.759660E-04                                 112
 4.472500E+02  6.427381E-02  5.672894E-02  4.761507E-04                                 112
 4.475000E+02  6.428146E-02  5.672894E-02  4.763351E-04                                 112
 4.477500E+02  6.428912E-02  5.672894E-02  4.765189E-04                                 112
 4.480000E+02  6.429678E-02  5.672894E-02  4.767023E-04                                 112
 4.482500E+02  6.430445E-02  5.672894E-02  4.768851E-04                                 112
 4.485000E+02  6.431211E-02  5.672894E-02  4.770676E-04                                 112
 4.487500E+02  6.431979E-02  5.672894E-02  4.772495E-04                                 112
 4.490000E+02  6.432746E-02  5.672894E-02  4.774310E-04                                 112
 4.492500E+02  6.433514E-02  5.672894E-02  4.776120E-04                                 112
 4.495000E+02  6.434283E-02  5.672894E-02  4.777925E-04                                 112
 4.497500E+02  6.435051E-02  5.672894E-02  4.779726E-04                                 112
 4.500000E+02  6.435821E-02  5.672894E-02  4.781522E-04                                 112
 4.502500E+02  6.436590E-02  5.672894E-02  4.783314E-04                                 112
 4.505000E+02  6.437360E-02  5.672894E-02  4.785101E-04                                 112
 4.507500E+02  6.438130E-02  5.672894E-02  4.786884E-04                                 112
 4.510000E+02  6.438901E-02  5.672894E-02  4.788661E-04                                 112
 4.512500E+02  6.439672E-02  5.672894E-02  4.790435E-04                                 112
 4.515000E+02  6.440443E-02  5.672894E-02  4.792204E-04                                 112
 4.517500E+02  6.441215E-02  5.672894E-02  4.793968E-04                                 112
 4.520000E+02  6.441987E-02  5.672894E-02  4.795728E-04                                 112
 4.522500E+02  6.442760E-02  5.672894E-02  4.797484E-04                                 112
 4.525000E+02  6.443533E-02  5.672894E-02  1.138083E+03                                 112
 4.527500E+02  3.673080E+01  5.672894E-02  1.997623E+00                                 111
 4.530000E+02  3.675159E+01  5.672894E-02  2.262643E-03                                 111
 4.532500E+02  3.677238E+01  5.672894E-02  2.261327E-03                                 111
 4.535000E+02  3.679317E+01  5.672894E-02  2.260013E-03                                 111
 4.537500E+02  3.681396E+01  5.672894E-02  2.258701E-03                                 111
 4.540000E+02  3.683475E+01  5.672894E-02  2.257390E-03                                 111
 4.542500E+02  3.685553E+01  5.672894E-02  2.256081E-03                                 111
 4.545000E+02  3.687632E+01  5.672894E-02  2.254774E-03                                 111
 4.547500E+02  3.689711E+01  5.672894E-02  2.253468E-03                                 111
 4.550000E+02  3.691789E+01  5.672894E-02  2.252163E-03                                 111
 4.552500E+02  3.693868E+01  5.672894E-02  2.250860E-03                                 111
 4.555000E+02  3.695947E+01  5.672894E-02  2.249559E-03                                 111
 4.557500E+02  3.698025E+01  5.672894E-02  2.248259E-03                                 111
 4.560000E+02  3.700104E+01  5.672894E-02  2.246961E-03                                 111
 4.562500E+02  3.702182E+01  5.672894E-02  2.245664E-03                                 111
 4.565000E+02  3.704261E+01  5.672894E-02  2.244369E-03                                 111
 4.567500E+02  3.706339E+01  5.672894E-02  2.243076E-03                                 111
 4.570000E+02  3.708417E+01  5.672894E-02  2.241783E-03                                 111
 4.572500E+02  3.710496E+01  5.672894E-02  2.240493E-03                                 111
 4.575000E+02  3.712574E+01  5.672894E-02  2.239204E-03                                 111
 4.577500E+02  3.714652E+01  5.672894E-02  2.237917E-03                                 111
 4.580000E+02  3.716731E+01  5.672894E-02  2.236631E-03                                 111
 4.582500E+02  3.718809E+01  5.672894E-02  2.235346E-03                                 111
 4.585000E+02  3.720887E+01  5.672894E-02  2.234063E-03                                 111
 4.587500E+02  3.722965E+01  5.672894E-02  2.232782E-03                                 111
 4.590000E+02  3.725043E+01  5.672894E-02  2.231502E-03                                 111
 4.592500E+02  3.727121E+01  5.672894E-02  2.230224E-03                                 111
 4.595000E+02  3.729199E+01  5.672894E-02  2.228947E-03                                 111
 4.597500E+02  3.731277E+01  5.672894E-02  2.227672E-03                                 111
 4.600000E+02  3.733355E+01  5.672894E-02  2.226398E-03                                 111
 4.602500E+02  3.735433E+01  5.672894E-02  2.225126E-03                                 111
 4.605000E+02  3.737511E+01  5.672894E-02  2.223855E-03                                 111
 4.607500E+02  3.739589E+01  5.672894E-02  2.222585E-03                                 111
 4.610000E+02  3.741667E+01  5.672894E-02  2.221318E-03                                 111
 4.612500E+02  3.743745E+01  5.672894E-02  2.220051E-03                                 111
 4.615000E+02  3.745823E+01  5.672894E-02  2.218787E-03                                 111
 4.617500E+02  3.747901E+01  5.672894E-02  2.217523E-03                                 111
 4.620000E+02  3.749978E+01  5.672894E-02  2.216261E-03                                 111
 4.622500E+02  3.752056E+01  5.672894E-02  2.215001E-03                                 111
 4.625000E+02  3.754134E+01  5.672894E-02  2.213742E-03                                 111
 4.627500E+02  3.756211E+01  5.672894E-02  2.212485E-03                                 111
 4.630000E+02  3.758289E+01  5.672894E-02  2.211229E-03                                 111
 4.632500E+02  3.760367E+01  5.672894E-02  2.209974E-03                                 111
 4.635000E+02  3.762444E+01  5.672894E-02  2.208721E-03                                 111
 4.637500E+02  3.764522E+01  5.672894E-02  2.207470E-03                                 111
 4.640000E+02  3.766599E+01  5.672894E-02  2.206219E-03                                 111
 4.642500E+02  3.768677E+01  5.672894E-02  2.204971E-03                                 111
 4.645000E+02  3.770754E+01  5.672894E-02  2.203724E-03                                 111
 4.647500E+02  3.772832E+01  5.672894E-02  2.202478E-03                                 111
 4.650000E+02  3.774909E+01  5.672894E-02  2.201234E-03                                 111
 4.652500E+02  3.776986E+01  5.672894E-02  2.199991E-03                                 111
 4.655000E+02  3.779064E+01  5.672894E-02  2.198749E-03                                 111
 4.657500E+02  3.781141E+01  5.672894E-02  2.197509E-03                                 111
 4.660000E+02  3.783218E+01  5.672894E-02  2.196271E-03                                 111
 4.662500E+02  3.785295E+01  5.672894E-02  2.195034E-03                                 111
 4.665000E+02  3.787373E+01  5.672894E-02  2.193798E-03                                 111
 4.667500E+02  3.789450E+01  5.672894E-02  2.192564E-03                                 111
 4.670000E+02  3.791527E+01  5.672894E-02  2.191331E-03                                 111
 4.672500E+02  3.793604E+01  5.672894E-02  2.190100E-03                                 111
 4.675000E+02  3.795681E+01  5.672894E-02  2.188870E-03                                 111
 4.677500E+02  3.797758E+01  5.672894E-02  2.187641E-03                                 111
 4.680000E+02  3.799835E+01  5.672894E-02  2.186414E-03                                 111
 4.682500E+02  3.801912E+01  5.672894E-02  2.185189E-03                                 111
 4.685000E+02  3.803989E+01  5.672894E-02  2.183965E-03                                 111
 4.687500E+02  3.806066E+01  5.672894E-02  2.182742E-03                                 111
 4.690000E+02  3.808143E+01  5.672894E-02  2.181520E-03                                 111
 4.692500E+02  3.810220E+01  5.672894E-02  2.180300E-03                                 111
 4.695000E+02  3.812297E+01  5.672894E-02  2.179082E-03                                 111
 4.697500E+02  3.814373E+01  5.672894E-02  2.177864E-03                                 111
 4.700000E+02  3.816450E+01  5.672894E-02  2.176649E-03                                 111
 4.702500E+02  3.818527E+01  5.672894E-02  2.175434E-03                                 111
 4.705000E+02  3.820604E+01  5.672894E-02  2.174221E-03                                 111
 4.707500E+02  3.822680E+01  5.672894E-02  2.173010E-03                                 111
 4.710000E+02  3.824757E+01  5.672894E-02  2.171799E-03                                 111
 4.712500E+02  3.826834E+01  5.672894E-02  2.170590E-03                                 111
 4.715000E+02  3.828910E+01  5.672894E-02  2.169383E-03                                 111
 4.717500E+02  3.830987E+01  5.672894E-02  2.168177E-03                                 111
 4.720000E+02  3.833063E+01  5.672894E-02  2.166972E-03                                 111
 4.722500E+02  3.835140E+01  5.672894E-02  2.165769E-03                                 111
 4.725000E+02  3.837216E+01  5.672894E-02  2.164567E-03                                 111
 4.727500E+02  3.839293E+01  5.672894E-02  2.163366E-03                                 111
 4.730000E+02  3.841369E+01  5.672894E-02  2.162167E-03                                 111
 4.732500E+02  3.843446E+01  5.672894E-02  2.160969E-03                                 111
 4.735000E+02  3.845522E+01  5.672894E-02  2.159773E-03                                 111
 4.737500E+02  3.847598E+01  5.672894E-02  2.158578E-03                                 111
 4.740000E+02  3.849675E+01  5.672894E-02  2.157384E-03                                 111
 4.742500E+02  3.851751E+01  5.672894E-02  2.156191E-03                                 111
 4.745000E+02  3.853827E+01  5.672894E-02  2.155000E-03                                 111
 4.747500E+02  3.855904E+01  5.672894E-02  2.153811E-03                                 111
 4.750000E+02  3.857980E+01  5.672894E-02  2.152622E-03                                 111
 4.752500E+02  3.860056E+01  5.672894E-02  2.151435E-03                                 111
 4.755000E+02  3.862132E+01  5.672894E-02  2.150250E-03                                 111
 4.757500E+02  3.864208E+01  5.672894E-02  2.149065E-03                                 111
 4.760000E+02  3.866284E+01  5.672894E-02  2.147882E-03                                 111
 4.762500E+02  3.868360E+01  5.672894E-02  2.146701E-03                                 111
 4.765000E+02  3.870436E+01  5.672894E-02  2.145520E-03                                 111
 4.767500E+02  3.872512E+01  5.672894E-02  2.144342E-03                                 111
 4.770000E+02  3.874588E+01  5.672894E-02  2.143164E-03                                 111
 4.772500E+02  3.876664E+01  5.672894E-02  2.141988E-03                                 111
 4.775000E+02  3.878740E+01  5.672894E-02  2.140813E-03                                 111
 4.777500E+02  3.880816E+01  5.672894E-02  2.139639E-03                                 111
 4.780000E+02  3.882892E+01  5.672894E-02  2.138467E-03                                 111
 4.782500E+02  3.884968E+01  5.672894E-02  2.137296E-03                                 111
 4.785000E+02  3.887044E+01  5.672894E-02  2.136126E-03                                 111
 4.787500E+02  3.889119E+01  5.672894E-02  2.134958E-03                                 111
 4.790000E+02  3.891195E+01  5.672894E-02  2.133790E-03                                 111
 4.792500E+02  3.893271E+01  5.672894E-02  2.132625E-03                                 111
 4.795000E+02  3.895347E+01  5.672894E-02  2.131460E-03                                 111
 4.797500E+02  3.897422E+01  5.672894E-02  2.130297E-03                                 111
 4.800000E+02  3.899498E+01  5.672894E-02  2.129135E-03                                 111
 4.802500E+02  3.901574E+01  5.672894E-02  2.127975E-03                                 111
 4.805000E+02  3.903649E+01  5.672894E-02  2.126816E-03                                 111
 4.807500E+02  3.905725E+01  5.672894E-02  2.125658E-03                                 111
 4.810000E+02  3.907800E+01  5.672894E-02  2.124501E-03                                 111
 4.812500E+02  3.909876E+01  5.672894E-02  2.123346E-03                                 111
 4.815000E+02  3.911951E+01  5.672894E-02  2.122192E-03                                 111
 4.817500E+02  3.914027E+01  5.672894E-02  2.121039E-03                                 111
 4.820000E+02  3.916102E+01  5.672894E-02  2.119887E-03                                 111
 4.822500E+02  3.918178E+01  5.672894E-02  2.118737E-03                                 111
 4.825000E+02  3.920253E+01  5.672894E-02  2.117588E-03                                 111
 4.827500E+02  3.922328E+01  5.672894E-02  2.116440E-03                                 111
 4.830000E+02  3.924404E+01  5.672894E-02  2.115294E-03                                 111
 4.832500E+02  3.926479E+01  5.672894E-02  2.114149E-03                                 111
 4.835000E+02  3.928554E+01  5.672894E-02  2.113005E-03                                 111
 4.837500E+02  3.930630E+01  5.672894E-02  2.111863E-03                                 111
 4.840000E+02  3.932705E+01  5.672894E-02  2.110721E-03                                 111
 4.842500E+02  3.934780E+01  5.672894E-02  2.109581E-03                                 111
 4.845000E+02  3.936855E+01  5.672894E-02  2.108443E-03                                 111
 4.847500E+02  3.938930E+01  5.672894E-02  2.107305E-03                                 111
 4.850000E+02  3.941005E+01  5.672894E-02  2.106169E-03                                 111
 4.852500E+02  3.943081E+01  5.672894E-02  2.105034E-03                                 111
 4.855000E+02  3.945156E+01  5.672894E-02  2.103900E-03                                 111
 4.857500E+02  3.947231E+01  5.672894E-02  2.102768E-03                                 111
 4.860000E+02  3.949306E+01  5.672894E-02  2.101637E-03                                 111
 4.862500E+02  3.951381E+01  5.672894E-02  2.100507E-03                                 111
 4.865000E+02  3.953456E+01  5.672894E-02  2.099378E-03                                 111
 4.867500E+02  3.955531E+01  5.672894E-02  2.098250E-03                                 111
 4.870000E+02  3.957605E+01  5.672894E-02  2.097124E-03                                 111
 4.872500E+02  3.959680E+01  5.672894E-02  2.095999E-03                                 111
 4.875000E+02  3.961755E+01  5.672894E-02  2.094875E-03                                 111
 4.877500E+02  3.963830E+01  5.672894E-02  2.093753E-03                                 111
 4.880000E+02  3.965905E+01  5.672894E-02  2.092632E-03                                 111
 4.882500E+02  3.967980E+01  5.672894E-02  2.091512E-03                                 111
 4.885000E+02  3.970054E+01  5.672894E-02  2.090393E-03                                 111
 4.887500E+02  3.972129E+01  5.672894E-02  2.089275E-03                                 111
 4.890000E+02  3.974204E+01  5.672894E-02  2.088159E-03                                 111
 4.892500E+02  3.976279E+01  5.672894E-02  2.087044E-03                                 111
 4.895000E+02  3.978353E+01  5.672894E-02  2.085930E-03                                 111
 4.897500E+02  3.980428E+01  5.672894E-02  2.084817E-03                                 111
 4.900000E+02  3.982502E+01  5.672894E-02  2.083705E-03                                 111
 4.902500E+02  3.984577E+01  5.672894E-02  2.082595E-03                                 111
 4.905000E+02  3.986652E+01  5.672894E-02  2.081486E-03                                 111
 4.907500E+02  3.988726E+01  5.672894E-02  2.080378E-03                                 111
 4.910000E+02  3.990801E+01  5.672894E-02  2.079272E-03                                 111
 4.912500E+02  3.992875E+01  5.672894E-02  2.078166E-03                                 111
 4.915000E+02  3.994949E+01  5.672894E-02  2.077062E-03                                 111
 4.917500E+02  3.997024E+01  5.672894E-02  2.075959E-03                                 111
 4.920000E+02  3.999098E+01  5.672894E-02  2.074857E-03                                 111
 4.922500E+02  4.001173E+01  5.672894E-02  2.073756E-03                                 111
 4.925000E+02  4.003247E+01  5.672894E-02  2.072657E-03                                 111
 4.927500E+02  4.005321E+01  5.672894E-02  2.071559E-03                                 111
 4.930000E+02  4.007396E+01  5.672894E-02  2.070462E-03                                 111
 4.932500E+02  4.009470E+01  5.672894E-02  2.069366E-03                                 111
 4.935000E+02  4.011544E+01  5.672894E-02  2.068271E-03                                 111
 4.937500E+02  4.013618E+01  5.672894E-02  2.067178E-03                                 111
 4.940000E+02  4.015693E+01  5.672894E-02  2.066085E-03                                 111
 4.942500E+02  4.017767E+01  5.672894E-02  2.064994E-03                                 111
 4.945000E+02  4.019841E+01  5.672894E-02  2.063904E-03                                 111
 4.947500E+02  4.021915E+01  5.672894E-02  2.062816E-03                                 111
 4.950000E+02  4.023989E+01  5.672894E-02  2.061728E-03                                 111
 4.952500E+02  4.026063E+01  5.672894E-02  2.060642E-03                                 111
 4.955000E+02  4.028137E+01  5.672894E-02  2.059556E-03                                 111
 4.957500E+02  4.030211E+01  5.672894E-02  2.058472E-03                                 111
 4.960000E+02  4.032285E+01  5.672894E-02  2.057389E-03                                 111
 4.962500E+02  4.034359E+01  5.672894E-02  2.056308E-03                                 111
 4.965000E+02  4.036433E+01  5.672894E-02  2.055227E-03                                 111
 4.967500E+02  4.038507E+01  5.672894E-02  2.054148E-03                                 111
 4.970000E+02  4.040581E+01  5.672894E-02  2.053070E-03                                 111
 4.972500E+02  4.042655E+01  5.672894E-02  2.051992E-03                                 111
 4.975000E+02  4.044729E+01  5.672894E-02  2.050917E-03                                 111
 4.977500E+02  4.046803E+01  5.672894E-02  2.049842E-03                                 111
 4.980000E+02  4.048877E+01  5.672894E-02  2.048768E-03                                 111
 4.982500E+02  4.050950E+01  5.672894E-02  2.047696E-03                                 111
 4.985000E+02  4.053024E+01  5.672894E-02  2.046624E-03                                 111
 4.987500E+02  4.055098E+01  5.672894E-02  2.045554E-03                                 111
 4.990000E+02  4.057172E+01  5.672894E-02  2.044485E-03                                 111
 4.992500E+02  4.059245E+01  5.672894E-02  2.043417E-03                                 111
 4.995000E+02  4.061319E+01  5.672894E-02  2.042351E-03                                 111
 4.997500E+02  4.063393E+01  5.672894E-02  2.041285E-03                                 111
 5.000000E+02  4.065466E+01  5.672894E-02  2.040232E-03                                 111
