#         T/K            w1            w2            w3            w4            w5            w6            w7            w8
 2.000000E+02  4.707298E-07  3.732164E-10  4.943966E-10  9.588133E-07  3.120261E-05  5.650810E-07  1.434549E-04  1.059533E+01
 2.005000E+02  4.987875E-07  4.077211E-10  5.371485E-10  1.014213E-06  3.300580E-05  6.003003E-07  1.497669E-04  1.059499E+01
 2.010000E+02  5.283682E-07  4.452251E-10  5.833605E-10  1.072516E-06  3.490365E-05  6.375273E-07  1.563242E-04  1.059465E+01
 2.015000E+02  5.595461E-07  4.859724E-10  6.332931E-10  1.133860E-06  3.690059E-05  6.768654E-07  1.631350E-04  1.059431E+01
 2.020000E+02  5.923986E-07  5.302252E-10  6.872249E-10  1.198387E-06  3.900126E-05  7.184227E-07  1.702076E-04  1.059397E+01
 2.025000E+02  6.270066E-07  5.782654E-10  7.454537E-10  1.266243E-06  4.121047E-05  7.623124E-07  1.775508E-04  1.059363E+01
 2.030000E+02  6.634541E-07  6.303961E-10  8.082978E-10  1.337582E-06  4.353326E-05  8.086526E-07  1.851734E-04  1.059329E+01
 2.035000E+02  7.018289E-07  6.869427E-10  8.760972E-10  1.412565E-06  4.597483E-05  8.575668E-07  1.930846E-04  1.059295E+01
 2.040000E+02  7.422224E-07  7.482550E-10  9.492151E-10  1.491356E-06  4.854062E-05  9.091841E-07  2.012937E-04  1.059261E+01
 2.045000E+02  7.847298E-07  8.147081E-10  1.028039E-09  1.574129E-06  5.123627E-05  9.636393E-07  2.098104E-04  1.059226E+01
 2.050000E+02  8.294503E-07  8.867047E-10  1.112983E-09  1.661063E-06  5.406767E-05  1.021073E-06  2.186446E-04  1.059192E+01
 2.055000E+02  8.764872E-07  9.646769E-10  1.204487E-09  1.752344E-06  5.704091E-05  1.081632E-06  2.278065E-04  1.059158E+01
 2.060000E+02  9.259479E-07  1.049088E-09  1.303024E-09  1.848167E-06  6.016234E-05  1.145470E-06  2.373064E-04  1.059123E+01
 2.065000E+02  9.779443E-07  1.140434E-09  1.409094E-09  1.948733E-06  6.343855E-05  1.212747E-06  2.471551E-04  1.059089E+01
 2.070000E+02  1.032593E-06  1.239247E-09  1.523232E-09  2.054252E-06  6.687640E-05  1.283630E-06  2.573634E-04  1.059055E+01
 2.075000E+02  1.090014E-06  1.346098E-09  1.646008E-09  2.164939E-06  7.048299E-05  1.358292E-06  2.679428E-04  1.059020E+01
 2.080000E+02  1.150335E-06  1.461595E-09  1.778028E-09  2.281021E-06  7.426572E-05  1.436916E-06  2.789047E-04  1.058986E+01
 2.085000E+02  1.213686E-06  1.586393E-09  1.919939E-09  2.402732E-06  7.823226E-05  1.519690E-06  2.902609E-04  1.058951E+01
 2.090000E+02  1.280203E-06  1.721190E-09  2.072428E-09  2.530315E-06  8.239057E-05  1.606812E-06  3.020237E-04  1.058916E+01
 2.095000E+02  1.350027E-06  1.866734E-09  2.236226E-09  2.664022E-06  8.674890E-05  1.698488E-06  3.142054E-04  1.058882E+01
 2.100000E+02  1.423306E-06  2.023823E-09  2.412111E-09  2.804114E-06  9.131583E-05  1.794931E-06  3.268187E-04  1.058847E+01
 2.105000E+02  1.500193E-06  2.193312E-09  2.600910E-09  2.950862E-06  9.610026E-05  1.896364E-06  3.398768E-04  1.058812E+01
 2.110000E+02  1.580845E-06  2.376114E-09  2.803503E-09  3.104548E-06  1.011114E-04  2.003020E-06  3.533931E-04  1.058777E+01
 2.115000E+02  1.665428E-06  2.573204E-09  3.020822E-09  3.265463E-06  1.063588E-04  2.115141E-06  3.673813E-04  1.058742E+01
 2.120000E+02  1.754112E-06  2.785622E-09  3.253862E-09  3.433909E-06  1.118525E-04  2.232977E-06  3.818554E-04  1.058707E+01
 2.125000E+02  1.847076E-06  3.014481E-09  3.503674E-09  3.610199E-06  1.176025E-04  2.356791E-06  3.968298E-04  1.058672E+01
 2.130000E+02  1.944503E-06  3.260965E-09  3.771378E-09  3.794656E-06  1.236197E-04  2.486856E-06  4.123193E-04  1.058637E+01
 2.135000E+02  2.046585E-06  3.526340E-09  4.058161E-09  3.987618E-06  1.299151E-04  2.623454E-06  4.283390E-04  1.058602E+01
 2.140000E+02  2.153519E-06  3.811955E-09  4.365282E-09  4.189432E-06  1.365000E-04  2.766881E-06  4.449043E-04  1.058567E+01
 2.145000E+02  2.265512E-06  4.119247E-09  4.694076E-09  4.400459E-06  1.433863E-04  2.917442E-06  4.620311E-04  1.058531E+01
 2.150000E+02  2.382776E-06  4.449750E-09  5.045960E-09  4.621069E-06  1.505863E-04  3.075456E-06  4.797356E-04  1.058496E+01
 2.155000E+02  2.505533E-06  4.805094E-09  5.422435E-09  4.851651E-06  1.581126E-04  3.241255E-06  4.980343E-04  1.058461E+01
 2.160000E+02  2.634011E-06  5.187020E-09  5.825090E-09  5.092603E-06  1.659785E-04  3.415181E-06  5.169441E-04  1.058425E+01
 2.165000E+02  2.768449E-06  5.597378E-09  6.255612E-09  5.344338E-06  1.741974E-04  3.597593E-06  5.364825E-04  1.058389E+01
 2.170000E+02  2.909092E-06  6.038138E-09  6.715783E-09  5.607284E-06  1.827834E-04  3.788862E-06  5.566673E-04  1.058354E+01
 2.175000E+02  3.056194E-06  6.511397E-09  7.207493E-09  5.881882E-06  1.917511E-04  3.989372E-06  5.775164E-04  1.058318E+01
 2.180000E+02  3.210021E-06  7.019385E-09  7.732742E-09  6.168590E-06  2.011155E-04  4.199524E-06  5.990486E-04  1.058282E+01
 2.185000E+02  3.370845E-06  7.564471E-09  8.293643E-09  6.467880E-06  2.108922E-04  4.419733E-06  6.212829E-04  1.058246E+01
 2.190000E+02  3.538949E-06  8.149177E-09  8.892436E-09  6.780240E-06  2.210972E-04  4.650431E-06  6.442385E-04  1.058210E+01
 2.195000E+02  3.714626E-06  8.776182E-09  9.531486E-09  7.106175E-06  2.317472E-04  4.892064E-06  6.679354E-04  1.058174E+01
 2.200000E+02  3.898179E-06  9.448329E-09  1.021329E-08  7.446206E-06  2.428594E-04  5.145096E-06  6.923939E-04  1.058138E+01
 2.205000E+02  4.089922E-06  1.016864E-08  1.094050E-08  7.800872E-06  2.544516E-04  5.410009E-06  7.176346E-04  1.058101E+01
 2.210000E+02  4.290178E-06  1.094033E-08  1.171591E-08  8.170730E-06  2.665419E-04  5.687301E-06  7.436789E-04  1.058065E+01
 2.215000E+02  4.499285E-06  1.176680E-08  1.254246E-08  8.556354E-06  2.791496E-04  5.977490E-06  7.705482E-04  1.058028E+01
 2.220000E+02  4.717587E-06  1.265166E-08  1.342328E-08  8.958337E-06  2.922939E-04  6.281112E-06  7.982648E-04  1.057992E+01
 2.225000E+02  4.945446E-06  1.359875E-08  1.436164E-08  9.377291E-06  3.059953E-04  6.598723E-06  8.268512E-04  1.057955E+01
 2.230000E+02  5.183230E-06  1.461214E-08  1.536103E-08  9.813850E-06  3.202746E-04  6.930899E-06  8.563305E-04  1.057918E+01
 2.235000E+02  5.431324E-06  1.569612E-08  1.642510E-08  1.026866E-05  3.351532E-04  7.278236E-06  8.867262E-04  1.057881E+01
 2.240000E+02  5.690124E-06  1.685529E-08  1.755773E-08  1.074241E-05  3.506535E-04  7.641353E-06  9.180625E-04  1.057844E+01
 2.245000E+02  5.960038E-06  1.809446E-08  1.876298E-08  1.123577E-05  3.667983E-04  8.020890E-06  9.503639E-04  1.057806E+01
 2.250000E+02  6.241490E-06  1.941878E-08  2.004515E-08  1.174948E-05  3.836114E-04  8.417509E-06  9.836554E-04  1.057769E+01
 2.255000E+02  6.534917E-06  2.083367E-08  2.140877E-08  1.228427E-05  4.011171E-04  8.831896E-06  1.017963E-03  1.057731E+01
 2.260000E+02  6.840768E-06  2.234488E-08  2.285861E-08  1.284089E-05  4.193406E-04  9.264762E-06  1.053312E-03  1.057694E+01
 2.265000E+02  7.159511E-06  2.395850E-08  2.439970E-08  1.342014E-05  4.383079E-04  9.716841E-06  1.089730E-03  1.057656E+01
 2.270000E+02  7.491625E-06  2.568097E-08  2.603734E-08  1.402282E-05  4.580457E-04  1.018889E-05  1.127243E-03  1.057618E+01
 2.275000E+02  7.837606E-06  2.751910E-08  2.777710E-08  1.464977E-05  4.785817E-04  1.068171E-05  1.165880E-03  1.057580E+01
 2.280000E+02  8.197966E-06  2.948009E-08  2.962484E-08  1.530184E-05  4.999443E-04  1.119610E-05  1.205669E-03  1.057541E+01
 2.285000E+02  8.573234E-06  3.157157E-08  3.158675E-08  1.597993E-05  5.221627E-04  1.173290E-05  1.246638E-03  1.057503E+01
 2.290000E+02  8.963954E-06  3.380157E-08  3.366932E-08  1.668494E-05  5.452672E-04  1.229299E-05  1.288818E-03  1.057464E+01
 2.295000E+02  9.370687E-06  3.617861E-08  3.587939E-08  1.741782E-05  5.692890E-04  1.287727E-05  1.332237E-03  1.057425E+01
 2.300000E+02  9.794015E-06  3.871168E-08  3.822414E-08  1.817952E-05  5.942600E-04  1.348666E-05  1.376928E-03  1.057386E+01
 2.305000E+02  1.023453E-05  4.141026E-08  4.071114E-08  1.897105E-05  6.202132E-04  1.412212E-05  1.422921E-03  1.057347E+01
 2.310000E+02  1.069286E-05  4.428438E-08  4.334833E-08  1.979343E-05  6.471827E-04  1.478466E-05  1.470247E-03  1.057308E+01
 2.315000E+02  1.116962E-05  4.734463E-08  4.614406E-08  2.064771E-05  6.752034E-04  1.547529E-05  1.518940E-03  1.057268E+01
 2.320000E+02  1.166549E-05  5.060216E-08  4.910710E-08  2.153499E-05  7.043113E-04  1.619507E-05  1.569032E-03  1.057228E+01
 2.325000E+02  1.218112E-05  5.406876E-08  5.224666E-08  2.245637E-05  7.345436E-04  1.694510E-05  1.620557E-03  1.057188E+01
 2.330000E+02  1.271722E-05  5.775685E-08  5.557242E-08  2.341301E-05  7.659383E-04  1.772651E-05  1.673550E-03  1.057148E+01
 2.335000E+02  1.327450E-05  6.167954E-08  5.909453E-08  2.440609E-05  7.985348E-04  1.854046E-05  1.728045E-03  1.057108E+01
 2.340000E+02  1.385369E-05  6.585064E-08  6.282366E-08  2.543682E-05  8.323734E-04  1.938815E-05  1.784078E-03  1.057067E+01
 2.345000E+02  1.445557E-05  7.028472E-08  6.677099E-08  2.650645E-05  8.674956E-04  2.027084E-05  1.841686E-03  1.057026E+01
 2.350000E+02  1.508090E-05  7.499713E-08  7.094826E-08  2.761628E-05  9.039442E-04  2.118980E-05  1.900904E-03  1.056985E+01
 2.355000E+02  1.573049E-05  8.000402E-08  7.536778E-08  2.876761E-05  9.417630E-04  2.214635E-05  1.961772E-03  1.056944E+01
 2.360000E+02  1.640517E-05  8.532242E-08  8.004246E-08  2.996182E-05  9.809974E-04  2.314187E-05  2.024327E-03  1.056902E+01
 2.365000E+02  1.710579E-05  9.097027E-08  8.498584E-08  3.120028E-05  1.021694E-03  2.417775E-05  2.088609E-03  1.056861E+01
 2.370000E+02  1.783323E-05  9.696643E-08  9.021211E-08  3.248445E-05  1.063900E-03  2.525545E-05  2.154657E-03  1.056819E+01
 2.375000E+02  1.858839E-05  1.033308E-07  9.573612E-08  3.381579E-05  1.107664E-03  2.637646E-05  2.222511E-03  1.056776E+01
 2.380000E+02  1.937220E-05  1.100842E-07  1.015735E-07  3.519581E-05  1.153038E-03  2.754233E-05  2.292213E-03  1.056734E+01
 2.385000E+02  2.018562E-05  1.172487E-07  1.077405E-07  3.662607E-05  1.200072E-03  2.875465E-05  2.363805E-03  1.056691E+01
 2.390000E+02  2.102961E-05  1.248475E-07  1.142542E-07  3.810817E-05  1.248821E-03  3.001506E-05  2.437329E-03  1.056648E+01
 2.395000E+02  2.190520E-05  1.329047E-07  1.211326E-07  3.964374E-05  1.299339E-03  3.132525E-05  2.512829E-03  1.056604E+01
 2.400000E+02  2.281342E-05  1.414461E-07  1.283943E-07  4.123447E-05  1.351681E-03  3.268695E-05  2.590350E-03  1.056560E+01
 2.405000E+02  2.375534E-05  1.504984E-07  1.360590E-07  4.288209E-05  1.405906E-03  3.410196E-05  2.669935E-03  1.056516E+01
 2.410000E+02  2.473205E-05  1.600899E-07  1.441472E-07  4.458837E-05  1.462072E-03  3.557213E-05  2.751631E-03  1.056472E+01
 2.415000E+02  2.574468E-05  1.702503E-07  1.526803E-07  4.635513E-05  1.520241E-03  3.709935E-05  2.835484E-03  1.056427E+01
 2.420000E+02  2.679439E-05  1.810107E-07  1.616808E-07  4.818423E-05  1.580474E-03  3.868560E-05  2.921541E-03  1.056382E+01
 2.425000E+02  2.788236E-05  1.924039E-07  1.711721E-07  5.007759E-05  1.642837E-03  4.033287E-05  3.009851E-03  1.056337E+01
 2.430000E+02  2.900982E-05  2.044641E-07  1.811788E-07  5.203718E-05  1.707393E-03  4.204325E-05  3.100463E-03  1.056291E+01
 2.435000E+02  3.017803E-05  2.172275E-07  1.917266E-07  5.406502E-05  1.774212E-03  4.381887E-05  3.193426E-03  1.056245E+01
 2.440000E+02  3.138826E-05  2.307318E-07  2.028422E-07  5.616317E-05  1.843361E-03  4.566194E-05  3.288790E-03  1.056198E+01
 2.445000E+02  3.264184E-05  2.450168E-07  2.145536E-07  5.833375E-05  1.914912E-03  4.757471E-05  3.386608E-03  1.056152E+01
 2.450000E+02  3.394013E-05  2.601241E-07  2.268901E-07  6.057893E-05  1.988938E-03  4.955951E-05  3.486931E-03  1.056104E+01
 2.455000E+02  3.528453E-05  2.760973E-07  2.398823E-07  6.290094E-05  2.065513E-03  5.161873E-05  3.589813E-03  1.056057E+01
 2.460000E+02  3.667646E-05  2.929822E-07  2.535620E-07  6.530207E-05  2.144713E-03  5.375484E-05  3.695307E-03  1.056009E+01
 2.465000E+02  3.811740E-05  3.108268E-07  2.679626E-07  6.778466E-05  2.226618E-03  5.597037E-05  3.803469E-03  1.055960E+01
 2.470000E+02  3.960884E-05  3.296815E-07  2.831188E-07  7.035111E-05  2.311306E-03  5.826792E-05  3.914353E-03  1.055911E+01
 2.475000E+02  4.115234E-05  3.495988E-07  2.990669E-07  7.300387E-05  2.398861E-03  6.065017E-05  4.028017E-03  1.055862E+01
 2.480000E+02  4.274948E-05  3.706340E-07  3.158448E-07  7.574546E-05  2.489367E-03  6.311986E-05  4.144519E-03  1.055812E+01
 2.485000E+02  4.440189E-05  3.928449E-07  3.334919E-07  7.857846E-05  2.582911E-03  6.567984E-05  4.263916E-03  1.055762E+01
 2.490000E+02  4.611123E-05  4.162920E-07  3.520495E-07  8.150552E-05  2.679581E-03  6.833299E-05  4.386267E-03  1.055711E+01
 2.495000E+02  4.787922E-05  4.410388E-07  3.715606E-07  8.452934E-05  2.779468E-03  7.108232E-05  4.511634E-03  1.055660E+01
 2.500000E+02  4.970760E-05  4.671515E-07  3.920698E-07  8.765268E-05  2.882665E-03  7.393088E-05  4.640078E-03  1.055608E+01
 2.505000E+02  5.159818E-05  4.946996E-07  4.136238E-07  9.087840E-05  2.989267E-03  7.688183E-05  4.771660E-03  1.055556E+01
 2.510000E+02  5.355280E-05  5.237558E-07  4.362714E-07  9.420938E-05  3.099371E-03  7.993841E-05  4.906443E-03  1.055504E+01
 2.515000E+02  5.557335E-05  5.543960E-07  4.600632E-07  9.764861E-05  3.213079E-03  8.310394E-05  5.044492E-03  1.055450E+01
 2.520000E+02  5.766176E-05  5.866997E-07  4.850520E-07  1.011991E-04  3.330491E-03  8.638184E-05  5.185872E-03  1.055397E+01
 2.525000E+02  5.982002E-05  6.207501E-07  5.112928E-07  1.048640E-04  3.451713E-03  8.977561E-05  5.330648E-03  1.055342E+01
 2.530000E+02  6.205015E-05  6.566340E-07  5.388429E-07  1.086465E-04  3.576851E-03  9.328884E-05  5.478888E-03  1.055287E+01
 2.535000E+02  6.435425E-05  6.944422E-07  5.677620E-07  1.125499E-04  3.706016E-03  9.692524E-05  5.630660E-03  1.055232E+01
 2.540000E+02  6.673443E-05  7.342697E-07  5.981121E-07  1.165774E-04  3.839320E-03  1.006886E-04  5.786032E-03  1.055176E+01
 2.545000E+02  6.919289E-05  7.762157E-07  6.299579E-07  1.207325E-04  3.976876E-03  1.045828E-04  5.945074E-03  1.055119E+01
 2.550000E+02  7.173186E-05  8.203837E-07  6.633667E-07  1.250187E-04  4.118804E-03  1.086118E-04  6.107859E-03  1.055062E+01
 2.555000E+02  7.435363E-05  8.668820E-07  6.984084E-07  1.294396E-04  4.265223E-03  1.127798E-04  6.274457E-03  1.055004E+01
 2.560000E+02  7.706055E-05  9.158235E-07  7.351558E-07  1.339987E-04  4.416256E-03  1.170909E-04  6.444942E-03  1.054945E+01
 2.565000E+02  7.985501E-05  9.673264E-07  7.736847E-07  1.386999E-04  4.572029E-03  1.215494E-04  6.619388E-03  1.054886E+01
 2.570000E+02  8.273947E-05  1.021514E-06  8.140738E-07  1.435469E-04  4.732670E-03  1.261598E-04  6.797869E-03  1.054826E+01
 2.575000E+02  8.571645E-05  1.078514E-06  8.564050E-07  1.485436E-04  4.898310E-03  1.309266E-04  6.980464E-03  1.054765E+01
 2.580000E+02  8.878851E-05  1.138461E-06  9.007634E-07  1.536941E-04  5.069085E-03  1.358544E-04  7.167248E-03  1.054704E+01
 2.585000E+02  9.195829E-05  1.201496E-06  9.472374E-07  1.590024E-04  5.245132E-03  1.409480E-04  7.358300E-03  1.054642E+01
 2.590000E+02  9.522848E-05  1.267763E-06  9.959191E-07  1.644726E-04  5.426591E-03  1.462123E-04  7.553699E-03  1.054579E+01
 2.595000E+02  9.860184E-05  1.337416E-06  1.046904E-06  1.701090E-04  5.613606E-03  1.516523E-04  7.753527E-03  1.054515E+01
 2.600000E+02  1.020812E-04  1.410612E-06  1.100291E-06  1.759159E-04  5.806323E-03  1.572731E-04  7.957865E-03  1.054451E+01
 2.605000E+02  1.056694E-04  1.487519E-06  1.156184E-06  1.818979E-04  6.004892E-03  1.630800E-04  8.166796E-03  1.054385E+01
 2.610000E+02  1.093694E-04  1.568307E-06  1.214689E-06  1.880593E-04  6.209467E-03  1.690783E-04  8.380404E-03  1.054319E+01
 2.615000E+02  1.131843E-04  1.653157E-06  1.275918E-06  1.944049E-04  6.420203E-03  1.752736E-04  8.598773E-03  1.054253E+01
 2.620000E+02  1.171170E-04  1.742256E-06  1.339986E-06  2.009393E-04  6.637262E-03  1.816716E-04  8.821990E-03  1.054185E+01
 2.625000E+02  1.211708E-04  1.835799E-06  1.407012E-06  2.076674E-04  6.860806E-03  1.882779E-04  9.050143E-03  1.054116E+01
 2.630000E+02  1.253489E-04  1.933991E-06  1.477122E-06  2.145942E-04  7.091002E-03  1.950986E-04  9.283320E-03  1.054047E+01
 2.635000E+02  1.296546E-04  2.037041E-06  1.550444E-06  2.217246E-04  7.328020E-03  2.021397E-04  9.521610E-03  1.053976E+01
 2.640000E+02  1.340912E-04  2.145171E-06  1.627112E-06  2.290637E-04  7.572033E-03  2.094074E-04  9.765105E-03  1.053905E+01
 2.645000E+02  1.386621E-04  2.258610E-06  1.707265E-06  2.366169E-04  7.823221E-03  2.169081E-04  1.001390E-02  1.053833E+01
 2.650000E+02  1.433710E-04  2.377598E-06  1.791047E-06  2.443894E-04  8.081763E-03  2.246483E-04  1.026808E-02  1.053759E+01
 2.655000E+02  1.482213E-04  2.502382E-06  1.878606E-06  2.523867E-04  8.347845E-03  2.326346E-04  1.052774E-02  1.053685E+01
 2.660000E+02  1.532167E-04  2.633221E-06  1.970099E-06  2.606144E-04  8.621656E-03  2.408739E-04  1.079299E-02  1.053610E+01
 2.665000E+02  1.583610E-04  2.770386E-06  2.065685E-06  2.690781E-04  8.903388E-03  2.493732E-04  1.106391E-02  1.053534E+01
 2.670000E+02  1.636580E-04  2.914155E-06  2.165531E-06  2.777837E-04  9.193238E-03  2.581396E-04  1.134060E-02  1.053456E+01
 2.675000E+02  1.691117E-04  3.064819E-06  2.269809E-06  2.867371E-04  9.491406E-03  2.671803E-04  1.162317E-02  1.053378E+01
 2.680000E+02  1.747259E-04  3.222682E-06  2.378698E-06  2.959442E-04  9.798098E-03  2.765030E-04  1.191172E-02  1.053298E+01
 2.685000E+02  1.805048E-04  3.388059E-06  2.492382E-06  3.054113E-04  1.011352E-02  2.861152E-04  1.220634E-02  1.053218E+01
 2.690000E+02  1.864524E-04  3.561276E-06  2.611054E-06  3.151445E-04  1.043789E-02  2.960247E-04  1.250714E-02  1.053136E+01
 2.695000E+02  1.925732E-04  3.742674E-06  2.734913E-06  3.251503E-04  1.077142E-02  3.062395E-04  1.281422E-02  1.053053E+01
 2.700000E+02  1.988713E-04  3.932606E-06  2.864163E-06  3.354352E-04  1.111433E-02  3.167679E-04  1.312769E-02  1.052969E+01
 2.705000E+02  2.053513E-04  4.131440E-06  2.999017E-06  3.460059E-04  1.146686E-02  3.276181E-04  1.344766E-02  1.052883E+01
 2.710000E+02  2.120176E-04  4.339556E-06  3.139697E-06  3.568690E-04  1.182922E-02  3.387987E-04  1.377423E-02  1.052797E+01
 2.715000E+02  2.188748E-04  4.557352E-06  3.286430E-06  3.680316E-04  1.220166E-02  3.503184E-04  1.410751E-02  1.052709E+01
 2.720000E+02  2.259276E-04  4.785239E-06  3.439452E-06  3.795005E-04  1.258441E-02  3.621863E-04  1.444762E-02  1.052620E+01
 2.725000E+02  2.331809E-04  5.023644E-06  3.599008E-06  3.912831E-04  1.297772E-02  3.744113E-04  1.479466E-02  1.052529E+01
 2.730000E+02  2.406394E-04  5.273010E-06  3.765350E-06  4.033865E-04  1.338184E-02  3.870028E-04  1.514875E-02  1.052437E+01
 2.735000E+02  2.483083E-04  5.533800E-06  3.938740E-06  4.158183E-04  1.379702E-02  3.999703E-04  1.551000E-02  1.052344E+01
 2.740000E+02  2.561925E-04  5.806489E-06  4.119449E-06  4.285860E-04  1.422351E-02  4.133236E-04  1.587853E-02  1.052249E+01
 2.745000E+02  2.642973E-04  6.091575E-06  4.307756E-06  4.416972E-04  1.466159E-02  4.270726E-04  1.625446E-02  1.052153E+01
 2.750000E+02  2.726279E-04  6.389573E-06  4.503950E-06  4.551600E-04  1.511152E-02  4.412274E-04  1.663789E-02  1.052055E+01
 2.755000E+02  2.811898E-04  6.701015E-06  4.708331E-06  4.689822E-04  1.557357E-02  4.557984E-04  1.702897E-02  1.051956E+01
 2.760000E+02  2.899884E-04  7.026456E-06  4.921207E-06  4.831720E-04  1.604802E-02  4.707962E-04  1.742780E-02  1.051856E+01
 2.765000E+02  2.990294E-04  7.366471E-06  5.142899E-06  4.977378E-04  1.653515E-02  4.862317E-04  1.783450E-02  1.051754E+01
 2.770000E+02  3.083184E-04  7.721654E-06  5.373736E-06  5.126879E-04  1.703526E-02  5.021157E-04  1.824920E-02  1.051650E+01
 2.775000E+02  3.178613E-04  8.092624E-06  5.614060E-06  5.280310E-04  1.754863E-02  5.184597E-04  1.867203E-02  1.051545E+01
 2.780000E+02  3.276641E-04  8.480020E-06  5.864223E-06  5.437758E-04  1.807557E-02  5.352751E-04  1.910312E-02  1.051438E+01
 2.785000E+02  3.377327E-04  8.884506E-06  6.124590E-06  5.599312E-04  1.861638E-02  5.525737E-04  1.954258E-02  1.051329E+01
 2.790000E+02  3.480734E-04  9.306770E-06  6.395536E-06  5.765063E-04  1.917138E-02  5.703673E-04  1.999055E-02  1.051219E+01
 2.795000E+02  3.586924E-04  9.747524E-06  6.677451E-06  5.935104E-04  1.974087E-02  5.886684E-04  2.044716E-02  1.051106E+01
 2.800000E+02  3.695961E-04  1.020751E-05  6.970736E-06  6.109528E-04  2.032517E-02  6.074892E-04  2.091254E-02  1.050993E+01
 2.805000E+02  3.807911E-04  1.068748E-05  7.275804E-06  6.288431E-04  2.092462E-02  6.268426E-04  2.138682E-02  1.050877E+01
 2.810000E+02  3.922839E-04  1.118824E-05  7.593084E-06  6.471909E-04  2.153955E-02  6.467416E-04  2.187014E-02  1.050759E+01
 2.815000E+02  4.040814E-04  1.171061E-05  7.923017E-06  6.660063E-04  2.217030E-02  6.671993E-04  2.236264E-02  1.050640E+01
 2.820000E+02  4.161905E-04  1.225543E-05  8.266058E-06  6.852992E-04  2.281721E-02  6.882293E-04  2.286444E-02  1.050519E+01
 2.825000E+02  4.286181E-04  1.282358E-05  8.622678E-06  7.050799E-04  2.348063E-02  7.098454E-04  2.337570E-02  1.050395E+01
 2.830000E+02  4.413714E-04  1.341598E-05  8.993362E-06  7.253588E-04  2.416092E-02  7.320617E-04  2.389655E-02  1.050270E+01
 2.835000E+02  4.544577E-04  1.403356E-05  9.378609E-06  7.461465E-04  2.485844E-02  7.548923E-04  2.442713E-02  1.050143E+01
 2.840000E+02  4.678845E-04  1.467731E-05  9.778937E-06  7.674537E-04  2.557356E-02  7.783520E-04  2.496758E-02  1.050013E+01
 2.845000E+02  4.816591E-04  1.534822E-05  1.019488E-05  7.892913E-04  2.630665E-02  8.024557E-04  2.551805E-02  1.049882E+01
 2.850000E+02  4.957894E-04  1.604735E-05  1.062698E-05  8.116706E-04  2.705811E-02  8.272184E-04  2.607868E-02  1.049748E+01
 2.855000E+02  5.102832E-04  1.677577E-05  1.107581E-05  8.346028E-04  2.782831E-02  8.526558E-04  2.664962E-02  1.049612E+01
 2.860000E+02  5.251483E-04  1.753460E-05  1.154196E-05  8.580994E-04  2.861765E-02  8.787835E-04  2.723103E-02  1.049474E+01
 2.865000E+02  5.403929E-04  1.832500E-05  1.202601E-05  8.821721E-04  2.942653E-02  9.056176E-04  2.782304E-02  1.049334E+01
 2.870000E+02  5.560253E-04  1.914815E-05  1.252860E-05  9.068328E-04  3.025537E-02  9.331746E-04  2.842580E-02  1.049192E+01
 2.875000E+02  5.720538E-04  2.000530E-05  1.305037E-05  9.320935E-04  3.110456E-02  9.614710E-04  2.903948E-02  1.049047E+01
 2.880000E+02  5.884869E-04  2.089772E-05  1.359196E-05  9.579665E-04  3.197455E-02  9.905238E-04  2.966423E-02  1.048899E+01
 2.885000E+02  6.053334E-04  2.182673E-05  1.415407E-05  9.844643E-04  3.286574E-02  1.020350E-03  3.030019E-02  1.048750E+01
 2.890000E+02  6.226021E-04  2.279369E-05  1.473738E-05  1.011599E-03  3.377859E-02  1.050969E-03  3.094754E-02  1.048597E+01
 2.895000E+02  6.403019E-04  2.380001E-05  1.534263E-05  1.039385E-03  3.471353E-02  1.082396E-03  3.160641E-02  1.048443E+01
 2.900000E+02  6.584421E-04  2.484716E-05  1.597055E-05  1.067834E-03  3.567101E-02  1.114651E-03  3.227698E-02  1.048286E+01
 2.905000E+02  6.770318E-04  2.593662E-05  1.662190E-05  1.096959E-03  3.665149E-02  1.147752E-03  3.295941E-02  1.048126E+01
 2.910000E+02  6.960806E-04  2.706996E-05  1.729748E-05  1.126775E-03  3.765543E-02  1.181719E-03  3.365385E-02  1.047963E+01
 2.915000E+02  7.155981E-04  2.824878E-05  1.799809E-05  1.157294E-03  3.868331E-02  1.216570E-03  3.436047E-02  1.047798E+01
 2.920000E+02  7.355940E-04  2.947474E-05  1.872457E-05  1.188531E-03  3.973559E-02  1.252326E-03  3.507944E-02  1.047630E+01
 2.925000E+02  7.560783E-04  3.074954E-05  1.947777E-05  1.220500E-03  4.081278E-02  1.289005E-03  3.581091E-02  1.047459E+01
 2.930000E+02  7.770612E-04  3.207496E-05  2.025859E-05  1.253215E-03  4.191535E-02  1.326629E-03  3.655507E-02  1.047286E+01
 2.935000E+02  7.985528E-04  3.345282E-05  2.106792E-05  1.286690E-03  4.304382E-02  1.365219E-03  3.731207E-02  1.047109E+01
 2.940000E+02  8.205637E-04  3.488501E-05  2.190670E-05  1.320941E-03  4.419869E-02  1.404795E-03  3.808208E-02  1.046930E+01
 2.945000E+02  8.431045E-04  3.637345E-05  2.277591E-05  1.355983E-03  4.538047E-02  1.445378E-03  3.886529E-02  1.046747E+01
 2.950000E+02  8.661859E-04  3.792017E-05  2.367652E-05  1.391830E-03  4.658970E-02  1.486991E-03  3.966186E-02  1.046562E+01
 2.955000E+02  8.898189E-04  3.952723E-05  2.460956E-05  1.428498E-03  4.782691E-02  1.529657E-03  4.047196E-02  1.046373E+01
 2.960000E+02  9.140148E-04  4.119676E-05  2.557607E-05  1.466003E-03  4.909263E-02  1.573396E-03  4.129577E-02  1.046181E+01
 2.965000E+02  9.387848E-04  4.293096E-05  2.657714E-05  1.504361E-03  5.038741E-02  1.618233E-03  4.213347E-02  1.045987E+01
 2.970000E+02  9.641405E-04  4.473211E-05  2.761387E-05  1.543587E-03  5.171182E-02  1.664191E-03  4.298524E-02  1.045788E+01
 2.975000E+02  9.900935E-04  4.660254E-05  2.868739E-05  1.583699E-03  5.306641E-02  1.711293E-03  4.385125E-02  1.045587E+01
 2.980000E+02  1.016656E-03  4.854468E-05  2.979889E-05  1.624712E-03  5.445176E-02  1.759565E-03  4.473169E-02  1.045382E+01
 2.985000E+02  1.043839E-03  5.056102E-05  3.094956E-05  1.666644E-03  5.586845E-02  1.809029E-03  4.562673E-02  1.045174E+01
 2.990000E+02  1.071657E-03  5.265411E-05  3.214065E-05  1.709512E-03  5.731708E-02  1.859712E-03  4.653657E-02  1.044962E+01
 2.995000E+02  1.100120E-03  5.482661E-05  3.337343E-05  1.753333E-03  5.879823E-02  1.911638E-03  4.746138E-02  1.044747E+01
 3.000000E+02  1.129242E-03  5.708125E-05  3.464919E-05  1.798125E-03  6.031252E-02  1.964834E-03  4.840135E-02  1.044528E+01
 3.005000E+02  1.159036E-03  5.942083E-05  3.596930E-05  1.843905E-03  6.186056E-02  2.019326E-03  4.935667E-02  1.044305E+01
 3.010000E+02  1.189515E-03  6.184826E-05  3.733511E-05  1.890691E-03  6.344297E-02  2.075140E-03  5.032753E-02  1.044079E+01
 3.015000E+02  1.220691E-03  6.436651E-05  3.874807E-05  1.938502E-03  6.506040E-02  2.132303E-03  5.131411E-02  1.043849E+01
 3.020000E+02  1.252579E-03  6.697867E-05  4.020961E-05  1.987357E-03  6.671348E-02  2.190844E-03  5.231661E-02  1.043615E+01
 3.025000E+02  1.285193E-03  6.968790E-05  4.172124E-05  2.037275E-03  6.840286E-02  2.250789E-03  5.333522E-02  1.043378E+01
 3.030000E+02  1.318545E-03  7.249747E-05  4.328449E-05  2.088273E-03  7.012920E-02  2.312168E-03  5.437014E-02  1.043136E+01
 3.035000E+02  1.352650E-03  7.541074E-05  4.490093E-05  2.140373E-03  7.189318E-02  2.375009E-03  5.542154E-02  1.042890E+01
 3.040000E+02  1.387523E-03  7.843116E-05  4.657220E-05  2.193592E-03  7.369547E-02  2.439342E-03  5.648964E-02  1.042641E+01
 3.045000E+02  1.423178E-03  8.156230E-05  4.829994E-05  2.247952E-03  7.553675E-02  2.505196E-03  5.757463E-02  1.042387E+01
 3.050000E+02  1.459630E-03  8.480784E-05  5.008588E-05  2.303473E-03  7.741773E-02  2.572602E-03  5.867670E-02  1.042129E+01
 3.055000E+02  1.496894E-03  8.817154E-05  5.193174E-05  2.360174E-03  7.933911E-02  2.641590E-03  5.979606E-02  1.041866E+01
 3.060000E+02  1.534985E-03  9.165730E-05  5.383935E-05  2.418077E-03  8.130161E-02  2.712192E-03  6.093291E-02  1.041600E+01
 3.065000E+02  1.573919E-03  9.526911E-05  5.581053E-05  2.477203E-03  8.330594E-02  2.784439E-03  6.208744E-02  1.041328E+01
 3.070000E+02  1.613710E-03  9.901110E-05  5.784719E-05  2.537572E-03  8.535286E-02  2.858363E-03  6.325986E-02  1.041053E+01
 3.075000E+02  1.654376E-03  1.028875E-04  5.995127E-05  2.599206E-03  8.744309E-02  2.933997E-03  6.445036E-02  1.040773E+01
 3.080000E+02  1.695932E-03  1.069027E-04  6.212475E-05  2.662128E-03  8.957740E-02  3.011374E-03  6.565917E-02  1.040488E+01
 3.085000E+02  1.738395E-03  1.110611E-04  6.436968E-05  2.726358E-03  9.175654E-02  3.090527E-03  6.688648E-02  1.040198E+01
 3.090000E+02  1.781781E-03  1.153674E-04  6.668816E-05  2.791921E-03  9.398130E-02  3.171492E-03  6.813249E-02  1.039904E+01
 3.095000E+02  1.826107E-03  1.198264E-04  6.908233E-05  2.858837E-03  9.625244E-02  3.254302E-03  6.939741E-02  1.039605E+01
 3.100000E+02  1.871391E-03  1.244428E-04  7.155441E-05  2.927131E-03  9.857078E-02  3.338992E-03  7.068146E-02  1.039301E+01
 3.105000E+02  1.917649E-03  1.292218E-04  7.410665E-05  2.996824E-03  1.009371E-01  3.425598E-03  7.198484E-02  1.038992E+01
 3.110000E+02  1.964899E-03  1.341684E-04  7.674137E-05  3.067942E-03  1.033522E-01  3.514157E-03  7.330777E-02  1.038678E+01
 3.115000E+02  2.013160E-03  1.392880E-04  7.946094E-05  3.140507E-03  1.058170E-01  3.604704E-03  7.465044E-02  1.038359E+01
 3.120000E+02  2.062449E-03  1.445861E-04  8.226780E-05  3.214544E-03  1.083322E-01  3.697278E-03  7.601308E-02  1.038035E+01
 3.125000E+02  2.112785E-03  1.500683E-04  8.516445E-05  3.290077E-03  1.108987E-01  3.791915E-03  7.739589E-02  1.037705E+01
 3.130000E+02  2.164186E-03  1.557402E-04  8.815345E-05  3.367131E-03  1.135174E-01  3.888654E-03  7.879910E-02  1.037370E+01
 3.135000E+02  2.216671E-03  1.616079E-04  9.123741E-05  3.445730E-03  1.161890E-01  3.987534E-03  8.022291E-02  1.037030E+01
 3.140000E+02  2.270260E-03  1.676775E-04  9.441903E-05  3.525901E-03  1.189146E-01  4.088594E-03  8.166754E-02  1.036684E+01
 3.145000E+02  2.324972E-03  1.739551E-04  9.770105E-05  3.607668E-03  1.216950E-01  4.191873E-03  8.313320E-02  1.036332E+01
 3.150000E+02  2.380826E-03  1.804473E-04  1.010863E-04  3.691058E-03  1.245310E-01  4.297413E-03  8.462011E-02  1.035975E+01
 3.155000E+02  2.437844E-03  1.871606E-04  1.045777E-04  3.776096E-03  1.274236E-01  4.405254E-03  8.612849E-02  1.035612E+01
 3.160000E+02  2.496044E-03  1.941018E-04  1.081781E-04  3.862809E-03  1.303737E-01  4.515437E-03  8.765856E-02  1.035243E+01
 3.165000E+02  2.555448E-03  2.012778E-04  1.118906E-04  3.951225E-03  1.333822E-01  4.628005E-03  8.921053E-02  1.034868E+01
 3.170000E+02  2.616076E-03  2.086959E-04  1.157184E-04  4.041370E-03  1.364501E-01  4.743000E-03  9.078463E-02  1.034488E+01
 3.175000E+02  2.677950E-03  2.163634E-04  1.196645E-04  4.133271E-03  1.395783E-01  4.860466E-03  9.238107E-02  1.034101E+01
 3.180000E+02  2.741091E-03  2.242878E-04  1.237323E-04  4.226957E-03  1.427678E-01  4.980446E-03  9.400007E-02  1.033708E+01
 3.185000E+02  2.805521E-03  2.324769E-04  1.279250E-04  4.322455E-03  1.460195E-01  5.102983E-03  9.564185E-02  1.033309E+01
 3.190000E+02  2.871262E-03  2.409386E-04  1.322461E-04  4.419794E-03  1.493344E-01  5.228125E-03  9.730663E-02  1.032903E+01
 3.195000E+02  2.938335E-03  2.496811E-04  1.366991E-04  4.519002E-03  1.527135E-01  5.355914E-03  9.899464E-02  1.032491E+01
 3.200000E+02  3.006765E-03  2.587128E-04  1.412875E-04  4.620109E-03  1.561578E-01  5.486398E-03  1.007061E-01  1.032072E+01
 3.205000E+02  3.076574E-03  2.680423E-04  1.460150E-04  4.723143E-03  1.596683E-01  5.619624E-03  1.024412E-01  1.031647E+01
 3.210000E+02  3.147784E-03  2.776783E-04  1.508853E-04  4.828135E-03  1.632461E-01  5.755637E-03  1.042002E-01  1.031215E+01
 3.215000E+02  3.220421E-03  2.876301E-04  1.559023E-04  4.935114E-03  1.668921E-01  5.894487E-03  1.059834E-01  1.030776E+01
 3.220000E+02  3.294507E-03  2.979068E-04  1.610699E-04  5.044111E-03  1.706075E-01  6.036220E-03  1.077908E-01  1.030331E+01
 3.225000E+02  3.370066E-03  3.085180E-04  1.663921E-04  5.155157E-03  1.743932E-01  6.180888E-03  1.096229E-01  1.029878E+01
 3.230000E+02  3.447124E-03  3.194736E-04  1.718730E-04  5.268282E-03  1.782504E-01  6.328537E-03  1.114797E-01  1.029418E+01
 3.235000E+02  3.525705E-03  3.307834E-04  1.775167E-04  5.383517E-03  1.821801E-01  6.479220E-03  1.133615E-01  1.028952E+01
 3.240000E+02  3.605835E-03  3.424579E-04  1.833276E-04  5.500894E-03  1.861834E-01  6.632986E-03  1.152685E-01  1.028477E+01
 3.245000E+02  3.687538E-03  3.545075E-04  1.893101E-04  5.620446E-03  1.902614E-01  6.789887E-03  1.172010E-01  1.027996E+01
 3.250000E+02  3.770842E-03  3.669432E-04  1.954686E-04  5.742204E-03  1.944153E-01  6.949974E-03  1.191592E-01  1.027507E+01
 3.255000E+02  3.855771E-03  3.797759E-04  2.018077E-04  5.866201E-03  1.986461E-01  7.113300E-03  1.211433E-01  1.027010E+01
 3.260000E+02  3.942353E-03  3.930172E-04  2.083322E-04  5.992470E-03  2.029549E-01  7.279919E-03  1.231534E-01  1.026506E+01
 3.265000E+02  4.030614E-03  4.066786E-04  2.150467E-04  6.121044E-03  2.073430E-01  7.449883E-03  1.251900E-01  1.025994E+01
 3.270000E+02  4.120582E-03  4.207722E-04  2.219563E-04  6.251957E-03  2.118114E-01  7.623248E-03  1.272531E-01  1.025475E+01
 3.275000E+02  4.212284E-03  4.353102E-04  2.290659E-04  6.385243E-03  2.163614E-01  7.800067E-03  1.293429E-01  1.024947E+01
 3.280000E+02  4.305749E-03  4.503052E-04  2.363806E-04  6.520935E-03  2.209941E-01  7.980397E-03  1.314598E-01  1.024411E+01
 3.285000E+02  4.401004E-03  4.657700E-04  2.439056E-04  6.659069E-03  2.257108E-01  8.164293E-03  1.336040E-01  1.023867E+01
 3.290000E+02  4.498079E-03  4.817179E-04  2.516464E-04  6.799680E-03  2.305125E-01  8.351812E-03  1.357756E-01  1.023315E+01
 3.295000E+02  4.597002E-03  4.981625E-04  2.596084E-04  6.942803E-03  2.354005E-01  8.543012E-03  1.379748E-01  1.022754E+01
 3.300000E+02  4.697802E-03  5.151175E-04  2.677971E-04  7.088472E-03  2.403761E-01  8.737951E-03  1.402020E-01  1.022185E+01
 3.305000E+02  4.800511E-03  5.325971E-04  2.762182E-04  7.236726E-03  2.454404E-01  8.936686E-03  1.424572E-01  1.021608E+01
 3.310000E+02  4.905157E-03  5.506160E-04  2.848776E-04  7.387598E-03  2.505947E-01  9.139277E-03  1.447408E-01  1.021021E+01
 3.315000E+02  5.011772E-03  5.691891E-04  2.937813E-04  7.541128E-03  2.558403E-01  9.345784E-03  1.470529E-01  1.020426E+01
 3.320000E+02  5.120386E-03  5.883316E-04  3.029353E-04  7.697350E-03  2.611785E-01  9.556267E-03  1.493939E-01  1.019822E+01
 3.325000E+02  5.231030E-03  6.080591E-04  3.123457E-04  7.856303E-03  2.666104E-01  9.770786E-03  1.517637E-01  1.019209E+01
 3.330000E+02  5.343737E-03  6.283877E-04  3.220190E-04  8.018024E-03  2.721374E-01  9.989404E-03  1.541628E-01  1.018587E+01
 3.335000E+02  5.458539E-03  6.493338E-04  3.319617E-04  8.182551E-03  2.777608E-01  1.021218E-02  1.565913E-01  1.017956E+01
 3.340000E+02  5.575468E-03  6.709142E-04  3.421802E-04  8.349922E-03  2.834819E-01  1.043918E-02  1.590495E-01  1.017315E+01
 3.345000E+02  5.694557E-03  6.931460E-04  3.526814E-04  8.520177E-03  2.893020E-01  1.067047E-02  1.615374E-01  1.016665E+01
 3.350000E+02  5.815840E-03  7.160470E-04  3.634722E-04  8.693354E-03  2.952224E-01  1.090611E-02  1.640555E-01  1.016006E+01
 3.355000E+02  5.939350E-03  7.396350E-04  3.745595E-04  8.869492E-03  3.012445E-01  1.114617E-02  1.666037E-01  1.015336E+01
 3.360000E+02  6.065122E-03  7.639287E-04  3.859507E-04  9.048631E-03  3.073697E-01  1.139070E-02  1.691825E-01  1.014657E+01
 3.365000E+02  6.193189E-03  7.889467E-04  3.976528E-04  9.230811E-03  3.135992E-01  1.163978E-02  1.717919E-01  1.013968E+01
 3.370000E+02  6.323588E-03  8.147086E-04  4.096736E-04  9.416073E-03  3.199345E-01  1.189347E-02  1.744322E-01  1.013269E+01
 3.375000E+02  6.456354E-03  8.412340E-04  4.220205E-04  9.604456E-03  3.263769E-01  1.215184E-02  1.771036E-01  1.012560E+01
 3.380000E+02  6.591523E-03  8.685432E-04  4.347013E-04  9.796003E-03  3.329279E-01  1.241496E-02  1.798063E-01  1.011841E+01
 3.385000E+02  6.729130E-03  8.966570E-04  4.477241E-04  9.990754E-03  3.395887E-01  1.268289E-02  1.825404E-01  1.011111E+01
 3.390000E+02  6.869213E-03  9.255964E-04  4.610968E-04  1.018875E-02  3.463610E-01  1.295570E-02  1.853063E-01  1.010371E+01
 3.395000E+02  7.011810E-03  9.553833E-04  4.748278E-04  1.039004E-02  3.532459E-01  1.323347E-02  1.881040E-01  1.009621E+01
 3.400000E+02  7.156957E-03  9.860397E-04  4.889254E-04  1.059465E-02  3.602451E-01  1.351626E-02  1.909338E-01  1.008859E+01
 3.405000E+02  7.304693E-03  1.017588E-03  5.033984E-04  1.080264E-02  3.673599E-01  1.380413E-02  1.937959E-01  1.008087E+01
 3.410000E+02  7.455057E-03  1.050053E-03  5.182553E-04  1.101405E-02  3.745918E-01  1.409718E-02  1.966905E-01  1.007304E+01
 3.415000E+02  7.608088E-03  1.083456E-03  5.335053E-04  1.122891E-02  3.819422E-01  1.439545E-02  1.996177E-01  1.006510E+01
 3.420000E+02  7.763826E-03  1.117823E-03  5.491573E-04  1.144728E-02  3.894127E-01  1.469904E-02  2.025777E-01  1.005704E+01
 3.425000E+02  7.922309E-03  1.153178E-03  5.652207E-04  1.166919E-02  3.970046E-01  1.500800E-02  2.055708E-01  1.004888E+01
 3.430000E+02  8.083580E-03  1.189547E-03  5.817050E-04  1.189470E-02  4.047195E-01  1.532241E-02  2.085971E-01  1.004060E+01
 3.435000E+02  8.247679E-03  1.226955E-03  5.986197E-04  1.212384E-02  4.125588E-01  1.564234E-02  2.116567E-01  1.003220E+01
 3.440000E+02  8.414647E-03  1.265430E-03  6.159748E-04  1.235666E-02  4.205242E-01  1.596788E-02  2.147499E-01  1.002369E+01
 3.445000E+02  8.584527E-03  1.304998E-03  6.337804E-04  1.259321E-02  4.286170E-01  1.629909E-02  2.178769E-01  1.001506E+01
 3.450000E+02  8.757361E-03  1.345687E-03  6.520465E-04  1.283353E-02  4.368389E-01  1.663605E-02  2.210378E-01  1.000631E+01
 3.455000E+02  8.933192E-03  1.387525E-03  6.707837E-04  1.307766E-02  4.451913E-01  1.697883E-02  2.242327E-01  9.997441E+00
 3.460000E+02  9.112064E-03  1.430542E-03  6.900025E-04  1.332566E-02  4.536758E-01  1.732751E-02  2.274619E-01  9.988451E+00
 3.465000E+02  9.294021E-03  1.474767E-03  7.097138E-04  1.357758E-02  4.622939E-01  1.768217E-02  2.307255E-01  9.979338E+00
 3.470000E+02  9.479107E-03  1.520229E-03  7.299287E-04  1.383344E-02  4.710472E-01  1.804288E-02  2.340237E-01  9.970101E+00
 3.475000E+02  9.667367E-03  1.566961E-03  7.506583E-04  1.409331E-02  4.799373E-01  1.840972E-02  2.373565E-01  9.960739E+00
 3.480000E+02  9.858847E-03  1.614994E-03  7.719141E-04  1.435724E-02  4.889657E-01  1.878277E-02  2.407243E-01  9.951251E+00
 3.485000E+02  1.005359E-02  1.664360E-03  7.937078E-04  1.462526E-02  4.981339E-01  1.916211E-02  2.441271E-01  9.941635E+00
 3.490000E+02  1.025165E-02  1.715091E-03  8.160512E-04  1.489743E-02  5.074437E-01  1.954782E-02  2.475650E-01  9.931890E+00
 3.495000E+02  1.045307E-02  1.767222E-03  8.389564E-04  1.517379E-02  5.168966E-01  1.993996E-02  2.510383E-01  9.922015E+00
 3.500000E+02  1.065790E-02  1.820788E-03  8.624358E-04  1.545440E-02  5.264941E-01  2.033864E-02  2.545470E-01  9.912009E+00
 3.505000E+02  1.086618E-02  1.875822E-03  8.865019E-04  1.573930E-02  5.362379E-01  2.074392E-02  2.580912E-01  9.901870E+00
 3.510000E+02  1.107797E-02  1.932361E-03  9.111674E-04  1.602854E-02  5.461297E-01  2.115588E-02  2.616712E-01  9.891598E+00
 3.515000E+02  1.129332E-02  1.990443E-03  9.364455E-04  1.632218E-02  5.561709E-01  2.157460E-02  2.652871E-01  9.881190E+00
 3.520000E+02  1.151227E-02  2.050103E-03  9.623492E-04  1.662025E-02  5.663633E-01  2.200018E-02  2.689389E-01  9.870646E+00
 3.525000E+02  1.173487E-02  2.111381E-03  9.888921E-04  1.692281E-02  5.767085E-01  2.243268E-02  2.726267E-01  9.859965E+00
 3.530000E+02  1.196118E-02  2.174315E-03  1.016088E-03  1.722992E-02  5.872080E-01  2.287219E-02  2.763508E-01  9.849144E+00
 3.535000E+02  1.219125E-02  2.238946E-03  1.043951E-03  1.754162E-02  5.978637E-01  2.331880E-02  2.801112E-01  9.838184E+00
 3.540000E+02  1.242513E-02  2.305313E-03  1.072494E-03  1.785796E-02  6.086770E-01  2.377257E-02  2.839080E-01  9.827082E+00
 3.545000E+02  1.266287E-02  2.373459E-03  1.101734E-03  1.817899E-02  6.196497E-01  2.423361E-02  2.877412E-01  9.815838E+00
 3.550000E+02  1.290454E-02  2.443426E-03  1.131683E-03  1.850476E-02  6.307834E-01  2.470198E-02  2.916111E-01  9.804450E+00
 3.555000E+02  1.315017E-02  2.515257E-03  1.162358E-03  1.883534E-02  6.420797E-01  2.517778E-02  2.955177E-01  9.792917E+00
 3.560000E+02  1.339983E-02  2.588996E-03  1.193774E-03  1.917075E-02  6.535404E-01  2.566108E-02  2.994610E-01  9.781237E+00
 3.565000E+02  1.365357E-02  2.664689E-03  1.225945E-03  1.951107E-02  6.651671E-01  2.615197E-02  3.034412E-01  9.769410E+00
 3.570000E+02  1.391145E-02  2.742381E-03  1.258888E-03  1.985634E-02  6.769614E-01  2.665054E-02  3.074584E-01  9.757434E+00
 3.575000E+02  1.417352E-02  2.822120E-03  1.292619E-03  2.020661E-02  6.889251E-01  2.715686E-02  3.115125E-01  9.745308E+00
 3.580000E+02  1.443985E-02  2.903953E-03  1.327154E-03  2.056194E-02  7.010598E-01  2.767103E-02  3.156037E-01  9.733030E+00
 3.585000E+02  1.471049E-02  2.987929E-03  1.362510E-03  2.092238E-02  7.133672E-01  2.819312E-02  3.197320E-01  9.720600E+00
 3.590000E+02  1.498549E-02  3.074098E-03  1.398703E-03  2.128798E-02  7.258490E-01  2.872322E-02  3.238975E-01  9.708016E+00
 3.595000E+02  1.526493E-02  3.162510E-03  1.435751E-03  2.165879E-02  7.385069E-01  2.926142E-02  3.281001E-01  9.695277E+00
 3.600000E+02  1.554885E-02  3.253219E-03  1.473671E-03  2.203487E-02  7.513425E-01  2.980780E-02  3.323401E-01  9.682382E+00
 3.605000E+02  1.583732E-02  3.346275E-03  1.512482E-03  2.241627E-02  7.643575E-01  3.036245E-02  3.366173E-01  9.669329E+00
 3.610000E+02  1.613040E-02  3.441735E-03  1.552200E-03  2.280305E-02  7.775536E-01  3.092544E-02  3.409319E-01  9.656118E+00
 3.615000E+02  1.642815E-02  3.539652E-03  1.592844E-03  2.319526E-02  7.909326E-01  3.149687E-02  3.452837E-01  9.642746E+00
 3.620000E+02  1.673064E-02  3.640083E-03  1.634434E-03  2.359295E-02  8.044960E-01  3.207682E-02  3.496730E-01  9.629214E+00
 3.625000E+02  1.703792E-02  3.743085E-03  1.676987E-03  2.399618E-02  8.182456E-01  3.266537E-02  3.540996E-01  9.615518E+00
 3.630000E+02  1.735007E-02  3.848716E-03  1.720524E-03  2.440500E-02  8.321830E-01  3.326261E-02  3.585635E-01  9.601660E+00
 3.635000E+02  1.766714E-02  3.957036E-03  1.765063E-03  2.481946E-02  8.463100E-01  3.386862E-02  3.630648E-01  9.587637E+00
 3.640000E+02  1.798921E-02  4.068106E-03  1.810625E-03  2.523963E-02  8.606282E-01  3.448350E-02  3.676034E-01  9.573447E+00
 3.645000E+02  1.831634E-02  4.181987E-03  1.857230E-03  2.566555E-02  8.751393E-01  3.510732E-02  3.721794E-01  9.559091E+00
 3.650000E+02  1.864859E-02  4.298742E-03  1.904898E-03  2.609728E-02  8.898450E-01  3.574016E-02  3.767927E-01  9.544566E+00
 3.655000E+02  1.898603E-02  4.418436E-03  1.953650E-03  2.653487E-02  9.047469E-01  3.638212E-02  3.814432E-01  9.529872E+00
 3.660000E+02  1.932873E-02  4.541134E-03  2.003508E-03  2.697839E-02  9.198467E-01  3.703327E-02  3.861309E-01  9.515007E+00
 3.665000E+02  1.967677E-02  4.666904E-03  2.054493E-03  2.742787E-02  9.351461E-01  3.769370E-02  3.908558E-01  9.499970E+00
 3.670000E+02  2.003021E-02  4.795812E-03  2.106626E-03  2.788339E-02  9.506467E-01  3.836350E-02  3.956178E-01  9.484760E+00
 3.675000E+02  2.038911E-02  4.927928E-03  2.159930E-03  2.834499E-02  9.663502E-01  3.904274E-02  4.004168E-01  9.469376E+00
 3.680000E+02  2.075356E-02  5.063324E-03  2.214428E-03  2.881274E-02  9.822583E-01  3.973151E-02  4.052528E-01  9.453817E+00
 3.685000E+02  2.112363E-02  5.202070E-03  2.270142E-03  2.928667E-02  9.983725E-01  4.042990E-02  4.101257E-01  9.438082E+00
 3.690000E+02  2.149938E-02  5.344241E-03  2.327096E-03  2.976686E-02  1.014695E+00  4.113797E-02  4.150354E-01  9.422170E+00
 3.695000E+02  2.188089E-02  5.489911E-03  2.385313E-03  3.025336E-02  1.031226E+00  4.185583E-02  4.199817E-01  9.406078E+00
 3.700000E+02  2.226824E-02  5.639156E-03  2.444817E-03  3.074621E-02  1.047969E+00  4.258354E-02  4.249647E-01  9.389808E+00
 3.705000E+02  2.266150E-02  5.792054E-03  2.505632E-03  3.124548E-02  1.064924E+00  4.332119E-02  4.299841E-01  9.373356E+00
 3.710000E+02  2.306075E-02  5.948683E-03  2.567784E-03  3.175122E-02  1.082094E+00  4.406887E-02  4.350399E-01  9.356723E+00
 3.715000E+02  2.346606E-02  6.109124E-03  2.631297E-03  3.226349E-02  1.099479E+00  4.482664E-02  4.401319E-01  9.339908E+00
 3.720000E+02  2.387751E-02  6.273459E-03  2.696196E-03  3.278234E-02  1.117082E+00  4.559459E-02  4.452600E-01  9.322908E+00
 3.725000E+02  2.429518E-02  6.441772E-03  2.762508E-03  3.330783E-02  1.134904E+00  4.637280E-02  4.504239E-01  9.305724E+00
 3.730000E+02  2.471915E-02  6.614147E-03  2.830258E-03  3.384001E-02  1.152947E+00  4.716135E-02  4.556237E-01  9.288354E+00
 3.735000E+02  2.514950E-02  6.790671E-03  2.899474E-03  3.437893E-02  1.171212E+00  4.796031E-02  4.608590E-01  9.270797E+00
 3.740000E+02  2.558631E-02  6.971432E-03  2.970181E-03  3.492466E-02  1.189700E+00  4.876976E-02  4.661297E-01  9.253053E+00
 3.745000E+02  2.602966E-02  7.156519E-03  3.042408E-03  3.547724E-02  1.208414E+00  4.958978E-02  4.714357E-01  9.235120E+00
 3.750000E+02  2.647964E-02  7.346024E-03  3.116181E-03  3.603674E-02  1.227355E+00  5.042044E-02  4.767766E-01  9.216997E+00
 3.755000E+02  2.693632E-02  7.540040E-03  3.191530E-03  3.660320E-02  1.246524E+00  5.126182E-02  4.821524E-01  9.198684E+00
 3.760000E+02  2.739980E-02  7.738660E-03  3.268483E-03  3.717668E-02  1.265922E+00  5.211399E-02  4.875628E-01  9.180179E+00
 3.765000E+02  2.787015E-02  7.941983E-03  3.347068E-03  3.775723E-02  1.285552E+00  5.297702E-02  4.930075E-01  9.161483E+00
 3.770000E+02  2.834747E-02  8.150105E-03  3.427315E-03  3.834492E-02  1.305415E+00  5.385099E-02  4.984863E-01  9.142593E+00
 3.775000E+02  2.883183E-02  8.363126E-03  3.509253E-03  3.893978E-02  1.325512E+00  5.473597E-02  5.039990E-01  9.123509E+00
 3.780000E+02  2.932333E-02  8.581147E-03  3.592913E-03  3.954189E-02  1.345844E+00  5.563202E-02  5.095453E-01  9.104230E+00
 3.785000E+02  2.982206E-02  8.804273E-03  3.678325E-03  4.015128E-02  1.366413E+00  5.653923E-02  5.151249E-01  9.084756E+00
 3.790000E+02  3.032811E-02  9.032607E-03  3.765521E-03  4.076801E-02  1.387221E+00  5.745764E-02  5.207376E-01  9.065085E+00
 3.795000E+02  3.084156E-02  9.266256E-03  3.854531E-03  4.139214E-02  1.408268E+00  5.838734E-02  5.263831E-01  9.045218E+00
 3.800000E+02  3.136251E-02  9.505330E-03  3.945387E-03  4.202371E-02  1.429557E+00  5.932839E-02  5.320610E-01  9.025152E+00
 3.805000E+02  3.189104E-02  9.749939E-03  4.038121E-03  4.266279E-02  1.451088E+00  6.028084E-02  5.377711E-01  9.004888E+00
 3.810000E+02  3.242726E-02  1.000020E-02  4.132767E-03  4.330942E-02  1.472862E+00  6.124477E-02  5.435129E-01  8.984425E+00
 3.815000E+02  3.297126E-02  1.025621E-02  4.229356E-03  4.396365E-02  1.494882E+00  6.222024E-02  5.492863E-01  8.963761E+00
 3.820000E+02  3.352313E-02  1.051811E-02  4.327923E-03  4.462554E-02  1.517148E+00  6.320731E-02  5.550908E-01  8.942898E+00
 3.825000E+02  3.408296E-02  1.078600E-02  4.428502E-03  4.529513E-02  1.539661E+00  6.420603E-02  5.609260E-01  8.921833E+00
 3.830000E+02  3.465085E-02  1.106001E-02  4.531127E-03  4.597248E-02  1.562423E+00  6.521647E-02  5.667917E-01  8.900566E+00
 3.835000E+02  3.522691E-02  1.134025E-02  4.635832E-03  4.665764E-02  1.585435E+00  6.623868E-02  5.726874E-01  8.879097E+00
 3.840000E+02  3.581123E-02  1.162687E-02  4.742653E-03  4.735066E-02  1.608698E+00  6.727272E-02  5.786127E-01  8.857425E+00
 3.845000E+02  3.640390E-02  1.191996E-02  4.851625E-03  4.805158E-02  1.632213E+00  6.831863E-02  5.845672E-01  8.835550E+00
 3.850000E+02  3.700504E-02  1.221968E-02  4.962785E-03  4.876046E-02  1.655982E+00  6.937648E-02  5.905506E-01  8.813471E+00
 3.855000E+02  3.761473E-02  1.252615E-02  5.076169E-03  4.947734E-02  1.680005E+00  7.044631E-02  5.965623E-01  8.791187E+00
 3.860000E+02  3.823309E-02  1.283950E-02  5.191815E-03  5.020227E-02  1.704283E+00  7.152817E-02  6.026019E-01  8.768699E+00
 3.865000E+02  3.886021E-02  1.315986E-02  5.309759E-03  5.093531E-02  1.728818E+00  7.262211E-02  6.086691E-01  8.746006E+00
 3.870000E+02  3.949620E-02  1.348738E-02  5.430039E-03  5.167649E-02  1.753610E+00  7.372817E-02  6.147632E-01  8.723108E+00
 3.875000E+02  4.014117E-02  1.382219E-02  5.552694E-03  5.242586E-02  1.778661E+00  7.484639E-02  6.208839E-01  8.700003E+00
 3.880000E+02  4.079521E-02  1.416443E-02  5.677763E-03  5.318347E-02  1.803971E+00  7.597682E-02  6.270306E-01  8.676693E+00
 3.885000E+02  4.145844E-02  1.451425E-02  5.805284E-03  5.394936E-02  1.829541E+00  7.711950E-02  6.332029E-01  8.653176E+00
 3.890000E+02  4.213097E-02  1.487180E-02  5.935298E-03  5.472359E-02  1.855372E+00  7.827446E-02  6.394003E-01  8.629452E+00
 3.895000E+02  4.281290E-02  1.523722E-02  6.067845E-03  5.550618E-02  1.881465E+00  7.944174E-02  6.456221E-01  8.605522E+00
 3.900000E+02  4.350435E-02  1.561066E-02  6.202964E-03  5.629719E-02  1.907821E+00  8.062138E-02  6.518679E-01  8.581385E+00
 3.905000E+02  4.420541E-02  1.599228E-02  6.340698E-03  5.709666E-02  1.934441E+00  8.181340E-02  6.581372E-01  8.557041E+00
 3.910000E+02  4.491622E-02  1.638223E-02  6.481088E-03  5.790463E-02  1.961324E+00  8.301783E-02  6.644293E-01  8.532490E+00
 3.915000E+02  4.563687E-02  1.678067E-02  6.624176E-03  5.872114E-02  1.988473E+00  8.423470E-02  6.707437E-01  8.507731E+00
 3.920000E+02  4.636748E-02  1.718777E-02  6.770004E-03  5.954623E-02  2.015886E+00  8.546403E-02  6.770798E-01  8.482765E+00
 3.925000E+02  4.710817E-02  1.760367E-02  6.918615E-03  6.037994E-02  2.043566E+00  8.670585E-02  6.834370E-01  8.457592E+00
 3.930000E+02  4.785905E-02  1.802856E-02  7.070053E-03  6.122232E-02  2.071513E+00  8.796018E-02  6.898147E-01  8.432212E+00
 3.935000E+02  4.862024E-02  1.846259E-02  7.224360E-03  6.207339E-02  2.099727E+00  8.922704E-02  6.962123E-01  8.406625E+00
 3.940000E+02  4.939185E-02  1.890594E-02  7.381583E-03  6.293320E-02  2.128208E+00  9.050643E-02  7.026291E-01  8.380830E+00
 3.945000E+02  5.017400E-02  1.935878E-02  7.541764E-03  6.380178E-02  2.156958E+00  9.179838E-02  7.090645E-01  8.354829E+00
 3.950000E+02  5.096682E-02  1.982128E-02  7.704950E-03  6.467917E-02  2.185976E+00  9.310290E-02  7.155179E-01  8.328621E+00
 3.955000E+02  5.177042E-02  2.029363E-02  7.871186E-03  6.556540E-02  2.215263E+00  9.441998E-02  7.219885E-01  8.302207E+00
 3.960000E+02  5.258492E-02  2.077600E-02  8.040518E-03  6.646050E-02  2.244819E+00  9.574964E-02  7.284756E-01  8.275587E+00
 3.965000E+02  5.341044E-02  2.126859E-02  8.212993E-03  6.736452E-02  2.274644E+00  9.709188E-02  7.349787E-01  8.248762E+00
 3.970000E+02  5.424712E-02  2.177156E-02  8.388657E-03  6.827747E-02  2.304739E+00  9.844669E-02  7.414969E-01  8.221730E+00
 3.975000E+02  5.509506E-02  2.228512E-02  8.567559E-03  6.919940E-02  2.335103E+00  9.981409E-02  7.480295E-01  8.194494E+00
 3.980000E+02  5.595441E-02  2.280946E-02  8.749746E-03  7.013033E-02  2.365738E+00  1.011941E-01  7.545759E-01  8.167054E+00
 3.985000E+02  5.682527E-02  2.334477E-02  8.935266E-03  7.107028E-02  2.396642E+00  1.025866E-01  7.611352E-01  8.139409E+00
 3.990000E+02  5.770778E-02  2.389124E-02  9.124168E-03  7.201930E-02  2.427816E+00  1.039916E-01  7.677067E-01  8.111561E+00
 3.995000E+02  5.860207E-02  2.444908E-02  9.316501E-03  7.297739E-02  2.459260E+00  1.054093E-01  7.742897E-01  8.083511E+00
 4.000000E+02  5.950826E-02  2.501849E-02  9.512316E-03  7.394460E-02  2.490974E+00  1.068394E-01  7.808834E-01  8.055258E+00
 4.005000E+02  6.042649E-02  2.559967E-02  9.711661E-03  7.492093E-02  2.522957E+00  1.082820E-01  7.874869E-01  8.026803E+00
 4.010000E+02  6.135688E-02  2.619284E-02  9.914588E-03  7.590643E-02  2.555210E+00  1.097371E-01  7.940995E-01  7.998148E+00
 4.015000E+02  6.229957E-02  2.679820E-02  1.012115E-02  7.690110E-02  2.587732E+00  1.112046E-01  8.007203E-01  7.969293E+00
 4.020000E+02  6.325468E-02  2.741597E-02  1.033139E-02  7.790497E-02  2.620522E+00  1.126846E-01  8.073486E-01  7.940239E+00
 4.025000E+02  6.422235E-02  2.804637E-02  1.054537E-02  7.891805E-02  2.653582E+00  1.141770E-01  8.139835E-01  7.910986E+00
 4.030000E+02  6.520272E-02  2.868961E-02  1.076314E-02  7.994037E-02  2.686909E+00  1.156817E-01  8.206241E-01  7.881536E+00
 4.035000E+02  6.619591E-02  2.934593E-02  1.098475E-02  8.097195E-02  2.720503E+00  1.171987E-01  8.272696E-01  7.851889E+00
 4.040000E+02  6.720207E-02  3.001554E-02  1.121025E-02  8.201279E-02  2.754365E+00  1.187279E-01  8.339191E-01  7.822047E+00
 4.045000E+02  6.822133E-02  3.069867E-02  1.143970E-02  8.306291E-02  2.788493E+00  1.202694E-01  8.405718E-01  7.792011E+00
 4.050000E+02  6.925382E-02  3.139556E-02  1.167316E-02  8.412233E-02  2.822887E+00  1.218231E-01  8.472267E-01  7.761781E+00
 4.055000E+02  7.029969E-02  3.210645E-02  1.191066E-02  8.519105E-02  2.857546E+00  1.233889E-01  8.538830E-01  7.731360E+00
 4.060000E+02  7.135907E-02  3.283156E-02  1.215228E-02  8.626909E-02  2.892469E+00  1.249667E-01  8.605398E-01  7.700747E+00
 4.065000E+02  7.243211E-02  3.357115E-02  1.239807E-02  8.735645E-02  2.927656E+00  1.265566E-01  8.671960E-01  7.669945E+00
 4.070000E+02  7.351894E-02  3.432546E-02  1.264807E-02  8.845314E-02  2.963105E+00  1.281584E-01  8.738509E-01  7.638955E+00
 4.075000E+02  7.461971E-02  3.509472E-02  1.290235E-02  8.955917E-02  2.998816E+00  1.297720E-01  8.805034E-01  7.607777E+00
 4.080000E+02  7.573455E-02  3.587921E-02  1.316097E-02  9.067454E-02  3.034787E+00  1.313975E-01  8.871526E-01  7.576414E+00
 4.085000E+02  7.686361E-02  3.667916E-02  1.342397E-02  9.179925E-02  3.071017E+00  1.330347E-01  8.937976E-01  7.544867E+00
 4.090000E+02  7.800704E-02  3.749483E-02  1.369142E-02  9.293331E-02  3.107506E+00  1.346835E-01  9.004374E-01  7.513137E+00
 4.095000E+02  7.916497E-02  3.832649E-02  1.396338E-02  9.407671E-02  3.144252E+00  1.363440E-01  9.070710E-01  7.481227E+00
 4.100000E+02  8.033755E-02  3.917440E-02  1.423990E-02  9.522945E-02  3.181253E+00  1.380159E-01  9.136974E-01  7.449136E+00
 4.105000E+02  8.152494E-02  4.003883E-02  1.452104E-02  9.639153E-02  3.218509E+00  1.396992E-01  9.203157E-01  7.416869E+00
 4.110000E+02  8.272727E-02  4.092004E-02  1.480685E-02  9.756294E-02  3.256018E+00  1.413938E-01  9.269249E-01  7.384425E+00
 4.115000E+02  8.394469E-02  4.181831E-02  1.509741E-02  9.874367E-02  3.293778E+00  1.430996E-01  9.335239E-01  7.351807E+00
 4.120000E+02  8.517734E-02  4.273391E-02  1.539276E-02  9.993372E-02  3.331788E+00  1.448166E-01  9.401117E-01  7.319016E+00
 4.125000E+02  8.642539E-02  4.366713E-02  1.569296E-02  1.011331E-01  3.370046E+00  1.465445E-01  9.466874E-01  7.286055E+00
 4.130000E+02  8.768898E-02  4.461824E-02  1.599808E-02  1.023417E-01  3.408551E+00  1.482834E-01  9.532498E-01  7.252925E+00
 4.135000E+02  8.896825E-02  4.558753E-02  1.630818E-02  1.035596E-01  3.447301E+00  1.500331E-01  9.597981E-01  7.219629E+00
 4.140000E+02  9.026335E-02  4.657529E-02  1.662331E-02  1.047868E-01  3.486294E+00  1.517934E-01  9.663310E-01  7.186168E+00
 4.145000E+02  9.157445E-02  4.758182E-02  1.694354E-02  1.060233E-01  3.525528E+00  1.535643E-01  9.728477E-01  7.152544E+00
 4.150000E+02  9.290168E-02  4.860741E-02  1.726892E-02  1.072689E-01  3.565001E+00  1.553456E-01  9.793470E-01  7.118760E+00
 4.155000E+02  9.424521E-02  4.965235E-02  1.759953E-02  1.085238E-01  3.604711E+00  1.571373E-01  9.858279E-01  7.084817E+00
 4.160000E+02  9.560518E-02  5.071696E-02  1.793541E-02  1.097878E-01  3.644656E+00  1.589391E-01  9.922894E-01  7.050719E+00
 4.165000E+02  9.698175E-02  5.180153E-02  1.827663E-02  1.110610E-01  3.684834E+00  1.607510E-01  9.987303E-01  7.016467E+00
 4.170000E+02  9.837507E-02  5.290638E-02  1.862326E-02  1.123434E-01  3.725242E+00  1.625728E-01  1.005150E+00  6.982063E+00
 4.175000E+02  9.978529E-02  5.403181E-02  1.897535E-02  1.136348E-01  3.765879E+00  1.644044E-01  1.011546E+00  6.947511E+00
 4.180000E+02  1.012126E-01  5.517815E-02  1.933297E-02  1.149353E-01  3.806742E+00  1.662457E-01  1.017919E+00  6.912811E+00
 4.185000E+02  1.026571E-01  5.634571E-02  1.969618E-02  1.162448E-01  3.847828E+00  1.680964E-01  1.024268E+00  6.877968E+00
 4.190000E+02  1.041189E-01  5.753481E-02  2.006504E-02  1.175634E-01  3.889134E+00  1.699564E-01  1.030590E+00  6.842983E+00
 4.195000E+02  1.055983E-01  5.874578E-02  2.043961E-02  1.188909E-01  3.930660E+00  1.718256E-01  1.036885E+00  6.807859E+00
 4.200000E+02  1.070954E-01  5.997895E-02  2.081997E-02  1.202274E-01  3.972400E+00  1.737039E-01  1.043153E+00  6.772598E+00
 4.205000E+02  1.086103E-01  6.123465E-02  2.120616E-02  1.215727E-01  4.014354E+00  1.755910E-01  1.049391E+00  6.737204E+00
 4.210000E+02  1.101433E-01  6.251322E-02  2.159826E-02  1.229269E-01  4.056518E+00  1.774868E-01  1.055599E+00  6.701678E+00
 4.215000E+02  1.116943E-01  6.381499E-02  2.199633E-02  1.242899E-01  4.098889E+00  1.793912E-01  1.061776E+00  6.666025E+00
 4.220000E+02  1.132637E-01  6.514030E-02  2.240044E-02  1.256616E-01  4.141464E+00  1.813038E-01  1.067921E+00  6.630246E+00
 4.225000E+02  1.148516E-01  6.648951E-02  2.281063E-02  1.270421E-01  4.184241E+00  1.832247E-01  1.074032E+00  6.594344E+00
 4.230000E+02  1.164580E-01  6.786296E-02  2.322699E-02  1.284312E-01  4.227215E+00  1.851535E-01  1.080108E+00  6.558323E+00
 4.235000E+02  2.868411E-02  1.292991E-04  3.392999E-07  1.431482E-08  3.618554E-09  1.218352E-12  5.435820E-14  2.508547E-15
 4.240000E+02  2.865090E-02  1.284415E-04  3.322409E-07  1.375040E-08  3.432098E-09  1.142053E-12  5.010364E-14  2.259425E-15
 4.245000E+02  2.861775E-02  1.275917E-04  3.253451E-07  1.320950E-08  3.255662E-09  1.070699E-12  4.619112E-14  2.035552E-15
 4.250000E+02  2.858468E-02  1.267495E-04  3.186083E-07  1.269109E-08  3.088686E-09  1.003958E-12  4.259243E-14  1.834318E-15
 4.255000E+02  2.855168E-02  1.259148E-04  3.120267E-07  1.219418E-08  2.930642E-09  9.415232E-13  3.928176E-14  1.653389E-15
 4.260000E+02  2.851876E-02  1.250877E-04  3.055962E-07  1.171784E-08  2.781034E-09  8.831070E-13  3.623544E-14  1.490674E-15
 4.265000E+02  2.848590E-02  1.242679E-04  2.993131E-07  1.126117E-08  2.639393E-09  8.284422E-13  3.343183E-14  1.344304E-15
 4.270000E+02  2.845312E-02  1.234554E-04  2.931736E-07  1.082331E-08  2.505278E-09  7.772801E-13  3.085107E-14  1.212604E-15
 4.275000E+02  2.842041E-02  1.226501E-04  2.871743E-07  1.040346E-08  2.378273E-09  7.293887E-13  2.847500E-14  1.094074E-15
 4.280000E+02  2.838777E-02  1.218520E-04  2.813115E-07  1.000082E-08  2.257985E-09  6.845521E-13  2.628695E-14  9.873720E-16
 4.285000E+02  2.835520E-02  1.210610E-04  2.755819E-07  9.614664E-09  2.144046E-09  6.425689E-13  2.427166E-14  8.912927E-16
 4.290000E+02  2.832271E-02  1.202770E-04  2.699822E-07  9.244275E-09  2.036106E-09  6.032515E-13  2.241513E-14  8.047577E-16
 4.295000E+02  2.829028E-02  1.194999E-04  2.645091E-07  8.888976E-09  1.933837E-09  5.664249E-13  2.070452E-14  7.268000E-16
 4.300000E+02  2.825792E-02  1.187296E-04  2.591595E-07  8.548121E-09  1.836928E-09  5.319262E-13  1.912807E-14  6.565521E-16
 4.305000E+02  2.822564E-02  1.179661E-04  2.539304E-07  8.221091E-09  1.745088E-09  4.996033E-13  1.767497E-14  5.932363E-16
 4.310000E+02  2.819342E-02  1.172093E-04  2.488188E-07  7.907297E-09  1.658041E-09  4.693143E-13  1.633532E-14  5.361547E-16
 4.315000E+02  2.816128E-02  1.164591E-04  2.438218E-07  7.606174E-09  1.575526E-09  4.409270E-13  1.510002E-14  4.846811E-16
 4.320000E+02  2.812920E-02  1.157155E-04  2.389365E-07  7.317183E-09  1.497298E-09  4.143181E-13  1.396074E-14  4.382532E-16
 4.325000E+02  2.809720E-02  1.149784E-04  2.341603E-07  7.039811E-09  1.423124E-09  3.893722E-13  1.290981E-14  3.963666E-16
 4.330000E+02  2.806526E-02  1.142477E-04  2.294905E-07  6.773564E-09  1.352787E-09  3.659821E-13  1.194019E-14  3.585679E-16
 4.335000E+02  2.803339E-02  1.135233E-04  2.249244E-07  6.517974E-09  1.286079E-09  3.440473E-13  1.104544E-14  3.244500E-16
 4.340000E+02  2.800160E-02  1.128052E-04  2.204596E-07  6.272591E-09  1.222806E-09  3.234744E-13  1.021961E-14  2.936474E-16
 4.345000E+02  2.796987E-02  1.120933E-04  2.160936E-07  6.036986E-09  1.162784E-09  3.041759E-13  9.457258E-15  2.658311E-16
 4.350000E+02  2.793821E-02  1.113876E-04  2.118240E-07  5.810748E-09  1.105838E-09  2.860701E-13  8.753370E-15  2.407058E-16
 4.355000E+02  2.790661E-02  1.106880E-04  2.076484E-07  5.593485E-09  1.051804E-09  2.690810E-13  8.103344E-15  2.180059E-16
 4.360000E+02  2.787509E-02  1.099944E-04  2.035647E-07  5.384823E-09  1.000528E-09  2.531372E-13  7.502949E-15  1.974923E-16
 4.365000E+02  2.784364E-02  1.093067E-04  1.995705E-07  5.184402E-09  9.518634E-10  2.381722E-13  6.948292E-15  1.789502E-16
 4.370000E+02  2.781225E-02  1.086249E-04  1.956637E-07  4.991880E-09  9.056708E-10  2.241240E-13  6.435796E-15  1.621863E-16
 4.375000E+02  2.778093E-02  1.079490E-04  1.918423E-07  4.806928E-09  8.618198E-10  2.109345E-13  5.962171E-15  1.470264E-16
 4.380000E+02  2.774968E-02  1.072789E-04  1.881041E-07  4.629233E-09  8.201868E-10  1.985493E-13  5.524388E-15  1.333140E-16
 4.385000E+02  2.771849E-02  1.066144E-04  1.844472E-07  4.458495E-09  7.806549E-10  1.869178E-13  5.119662E-15  1.209079E-16
 4.390000E+02  2.768737E-02  1.059556E-04  1.808697E-07  4.294428E-09  7.431138E-10  1.759925E-13  4.745429E-15  1.096812E-16
 4.395000E+02  2.765632E-02  1.053024E-04  1.773696E-07  4.136755E-09  7.074590E-10  1.657291E-13  4.399330E-15  9.951943E-17
 4.400000E+02  2.762534E-02  1.046547E-04  1.739452E-07  3.985215E-09  6.735918E-10  1.560861E-13  4.079193E-15  9.031945E-17
 4.405000E+02  2.759442E-02  1.040125E-04  1.705946E-07  3.839557E-09  6.414188E-10  1.470247E-13  3.783017E-15  8.198835E-17
 4.410000E+02  2.756357E-02  1.033757E-04  1.673160E-07  3.699539E-09  6.108517E-10  1.385086E-13  3.508960E-15  7.444236E-17
 4.415000E+02  2.753278E-02  1.027443E-04  1.641079E-07  3.564931E-09  5.818070E-10  1.305039E-13  3.255325E-15  6.760595E-17
 4.420000E+02  2.750207E-02  1.021182E-04  1.609684E-07  3.435513E-09  5.542057E-10  1.229788E-13  3.020549E-15  6.141101E-17
 4.425000E+02  2.747141E-02  1.014974E-04  1.578961E-07  3.311075E-09  5.279731E-10  1.159036E-13  2.803192E-15  5.579608E-17
 4.430000E+02  2.744083E-02  1.008817E-04  1.548893E-07  3.191413E-09  5.030384E-10  1.092504E-13  2.601925E-15  5.070573E-17
 4.435000E+02  2.741030E-02  1.002712E-04  1.519465E-07  3.076336E-09  4.793348E-10  1.029933E-13  2.415526E-15  4.608991E-17
 4.440000E+02  2.737985E-02  9.966580E-05  1.490662E-07  2.965657E-09  4.567988E-10  9.710776E-14  2.242865E-15  4.190346E-17
 4.445000E+02  2.734946E-02  9.906542E-05  1.462469E-07  2.859199E-09  4.353706E-10  9.157100E-14  2.082902E-15  3.810561E-17
 4.450000E+02  2.731913E-02  9.847004E-05  1.434872E-07  2.756792E-09  4.149934E-10  8.636164E-14  1.934679E-15  3.465952E-17
 4.455000E+02  2.728887E-02  9.787960E-05  1.407858E-07  2.658275E-09  3.956135E-10  8.145964E-14  1.797308E-15  3.153192E-17
 4.460000E+02  2.725867E-02  9.729404E-05  1.381413E-07  2.563490E-09  3.771799E-10  7.684622E-14  1.669975E-15  2.869275E-17
 4.465000E+02  2.722854E-02  9.671332E-05  1.355523E-07  2.472290E-09  3.596446E-10  7.250382E-14  1.551925E-15  2.611486E-17
 4.470000E+02  2.719847E-02  9.613740E-05  1.330176E-07  2.384531E-09  3.429618E-10  6.841595E-14  1.442463E-15  2.377369E-17
 4.475000E+02  2.716846E-02  9.556621E-05  1.305360E-07  2.300075E-09  3.270885E-10  6.456717E-14  1.340947E-15  2.164704E-17
 4.480000E+02  2.713852E-02  9.499972E-05  1.281061E-07  2.218792E-09  3.119836E-10  6.094300E-14  1.246783E-15  1.971484E-17
 4.485000E+02  2.710864E-02  9.443787E-05  1.257269E-07  2.140557E-09  2.976083E-10  5.752988E-14  1.159426E-15  1.795893E-17
 4.490000E+02  2.707883E-02  9.388062E-05  1.233972E-07  2.065248E-09  2.839259E-10  5.431508E-14  1.078368E-15  1.636288E-17
 4.495000E+02  2.704908E-02  9.332792E-05  1.211157E-07  1.992749E-09  2.709016E-10  5.128667E-14  1.003143E-15  1.491183E-17
 4.500000E+02  2.701939E-02  9.277973E-05  1.188816E-07  1.922951E-09  2.585024E-10  4.843347E-14  9.333205E-16  1.359232E-17
 4.505000E+02  2.698977E-02  9.223601E-05  1.166935E-07  1.855748E-09  2.466969E-10  4.574499E-14  8.685005E-16  1.239218E-17
 4.510000E+02  2.696020E-02  9.169670E-05  1.145506E-07  1.791036E-09  2.354556E-10  4.321137E-14  8.083149E-16  1.130037E-17
 4.515000E+02  2.693070E-02  9.116176E-05  1.124518E-07  1.728720E-09  2.247503E-10  4.082338E-14  7.524231E-16  1.030690E-17
 4.520000E+02  2.690127E-02  9.063115E-05  1.103960E-07  1.668704E-09  2.145544E-10  3.857235E-14  7.005102E-16  9.402732E-18
 4.525000E+02  2.687189E-02  9.010483E-05  1.083824E-07  1.610900E-09  2.048425E-10  3.645014E-14  6.522850E-16  8.579660E-18
 4.530000E+02  2.684258E-02  8.958275E-05  1.064099E-07  1.555222E-09  1.955908E-10  3.444914E-14  6.074781E-16  7.830255E-18
 4.535000E+02  2.681333E-02  8.906487E-05  1.044777E-07  1.501587E-09  1.867764E-10  3.256215E-14  5.658404E-16  7.147781E-18
 4.540000E+02  2.678414E-02  8.855116E-05  1.025848E-07  1.449915E-09  1.783778E-10  3.078246E-14  5.271415E-16  6.526130E-18
 4.545000E+02  2.675501E-02  8.804156E-05  1.007304E-07  1.400132E-09  1.703745E-10  2.910375E-14  4.911680E-16  5.959766E-18
 4.550000E+02  2.672594E-02  8.753604E-05  9.891355E-08  1.352163E-09  1.627472E-10  2.752009E-14  4.577227E-16  5.443663E-18
 4.555000E+02  2.669694E-02  8.703456E-05  9.713346E-08  1.305940E-09  1.554773E-10  2.602589E-14  4.266227E-16  4.973266E-18
 4.560000E+02  2.666799E-02  8.653707E-05  9.538931E-08  1.261395E-09  1.485475E-10  2.461592E-14  3.976990E-16  4.544438E-18
 4.565000E+02  2.663911E-02  8.604355E-05  9.368029E-08  1.218463E-09  1.419410E-10  2.328527E-14  3.707949E-16  4.153426E-18
 4.570000E+02  2.661029E-02  8.555394E-05  9.200563E-08  1.177084E-09  1.356422E-10  2.202931E-14  3.457654E-16  3.796822E-18
 4.575000E+02  2.658152E-02  8.506822E-05  9.036457E-08  1.137197E-09  1.296362E-10  2.084370E-14  3.224763E-16  3.471532E-18
 4.580000E+02  2.655282E-02  8.458634E-05  8.875637E-08  1.098747E-09  1.239086E-10  1.972436E-14  3.008029E-16  3.174747E-18
 4.585000E+02  2.652418E-02  8.410826E-05  8.718029E-08  1.061677E-09  1.184461E-10  1.866744E-14  2.806300E-16  2.903914E-18
 4.590000E+02  2.649560E-02  8.363396E-05  8.563564E-08  1.025937E-09  1.132358E-10  1.766935E-14  2.618509E-16  2.656714E-18
 4.595000E+02  2.646707E-02  8.316339E-05  8.412172E-08  9.914747E-10  1.082656E-10  1.672668E-14  2.443663E-16  2.431039E-18
 4.600000E+02  2.643861E-02  8.269651E-05  8.263786E-08  9.582428E-10  1.035239E-10  1.583626E-14  2.280845E-16  2.224973E-18
 4.605000E+02  2.641021E-02  8.223330E-05  8.118340E-08  9.261947E-10  9.899981E-11  1.499507E-14  2.129204E-16  2.036776E-18
 4.610000E+02  2.638186E-02  8.177371E-05  7.975770E-08  8.952859E-10  9.468282E-11  1.420030E-14  1.987951E-16  1.864863E-18
 4.615000E+02  2.635357E-02  8.131771E-05  7.836013E-08  8.654735E-10  9.056306E-11  1.344929E-14  1.856353E-16  1.707795E-18
 4.620000E+02  2.632535E-02  8.086526E-05  7.699008E-08  8.367163E-10  8.663112E-11  1.273955E-14  1.733732E-16  1.564262E-18
 4.625000E+02  2.629718E-02  8.041634E-05  7.564696E-08  8.089750E-10  8.287807E-11  1.206873E-14  1.619457E-16  1.433070E-18
 4.630000E+02  2.626907E-02  7.997091E-05  7.433017E-08  7.822116E-10  7.929540E-11  1.143460E-14  1.512945E-16  1.313136E-18
 4.635000E+02  2.624102E-02  7.952892E-05  7.303915E-08  7.563897E-10  7.587504E-11  1.083510E-14  1.413651E-16  1.203472E-18
 4.640000E+02  2.621303E-02  7.909036E-05  7.177335E-08  7.314742E-10  7.260930E-11  1.026826E-14  1.321074E-16  1.103178E-18
 4.645000E+02  2.618509E-02  7.865519E-05  7.053222E-08  7.074315E-10  6.949089E-11  9.732241E-15  1.234745E-16  1.011437E-18
 4.650000E+02  2.615721E-02  7.822338E-05  6.931523E-08  6.842292E-10  6.651287E-11  9.225300E-15  1.154230E-16  9.275033E-19
 4.655000E+02  2.612939E-02  7.779488E-05  6.812186E-08  6.618364E-10  6.366862E-11  8.745803E-15  1.079127E-16  8.506968E-19
 4.660000E+02  2.610163E-02  7.736968E-05  6.695160E-08  6.402231E-10  6.095189E-11  8.292211E-15  1.009062E-16  7.803991E-19
 4.665000E+02  2.607393E-02  7.694774E-05  6.580397E-08  6.193607E-10  5.835668E-11  7.863072E-15  9.436852E-17  7.160463E-19
 4.670000E+02  2.604628E-02  7.652903E-05  6.467848E-08  5.992215E-10  5.587733E-11  7.457019E-15  8.826752E-17  6.571244E-19
 4.675000E+02  2.601869E-02  7.611353E-05  6.357466E-08  5.797790E-10  5.350843E-11  7.072764E-15  8.257314E-17  6.031646E-19
 4.680000E+02  2.599116E-02  7.570118E-05  6.249204E-08  5.610078E-10  5.124484E-11  6.709094E-15  7.725750E-17  5.537398E-19
 4.685000E+02  2.596368E-02  7.529198E-05  6.143019E-08  5.428833E-10  4.908166E-11  6.364865E-15  7.229465E-17  5.084602E-19
 4.690000E+02  2.593626E-02  7.488589E-05  6.038865E-08  5.253820E-10  4.701425E-11  6.039000E-15  6.766050E-17  4.669704E-19
 4.695000E+02  2.590890E-02  7.448288E-05  5.936700E-08  5.084811E-10  4.503817E-11  5.730481E-15  6.333264E-17  4.289459E-19
 4.700000E+02  2.588159E-02  7.408292E-05  5.836482E-08  4.921589E-10  4.314921E-11  5.438352E-15  5.929022E-17  3.940907E-19
 4.705000E+02  2.585434E-02  7.368599E-05  5.738170E-08  4.763945E-10  4.134335E-11  5.161709E-15  5.551386E-17  3.621348E-19
 4.710000E+02  2.582714E-02  7.329205E-05  5.641724E-08  4.611676E-10  3.961677E-11  4.899701E-15  5.198554E-17  3.328315E-19
 4.715000E+02  2.580000E-02  7.290108E-05  5.547105E-08  4.464588E-10  3.796583E-11  4.651525E-15  4.868848E-17  3.059556E-19
 4.720000E+02  2.577292E-02  7.251304E-05  5.454274E-08  4.322496E-10  3.638707E-11  4.416422E-15  4.560708E-17  2.813014E-19
 4.725000E+02  2.574589E-02  7.212792E-05  5.363195E-08  4.185219E-10  3.487719E-11  4.193679E-15  4.272680E-17  2.586812E-19
 4.730000E+02  2.571892E-02  7.174568E-05  5.273831E-08  4.052584E-10  3.343305E-11  3.982622E-15  4.003413E-17  2.379232E-19
 4.735000E+02  2.569200E-02  7.136630E-05  5.186145E-08  3.924427E-10  3.205166E-11  3.782614E-15  3.751650E-17  2.188707E-19
 4.740000E+02  2.566514E-02  7.098975E-05  5.100104E-08  3.800585E-10  3.073016E-11  3.593054E-15  3.516217E-17  2.013803E-19
 4.745000E+02  2.563833E-02  7.061601E-05  5.015673E-08  3.680906E-10  2.946585E-11  3.413378E-15  3.296025E-17  1.853210E-19
 4.750000E+02  2.561157E-02  7.024505E-05  4.932819E-08  3.565242E-10  2.825612E-11  3.243049E-15  3.090056E-17  1.705731E-19
 4.755000E+02  2.558487E-02  6.987684E-05  4.851509E-08  3.453450E-10  2.709853E-11  3.081564E-15  2.897366E-17  1.570270E-19
 4.760000E+02  2.555823E-02  6.951136E-05  4.771712E-08  3.345392E-10  2.599071E-11  2.928445E-15  2.717072E-17  1.445825E-19
 4.765000E+02  2.553164E-02  6.914858E-05  4.693396E-08  3.240937E-10  2.493044E-11  2.783243E-15  2.548352E-17  1.331479E-19
 4.770000E+02  2.550510E-02  6.878848E-05  4.616531E-08  3.139957E-10  2.391557E-11  2.645534E-15  2.390442E-17  1.226395E-19
 4.775000E+02  2.547862E-02  6.843104E-05  4.541087E-08  3.042330E-10  2.294407E-11  2.514915E-15  2.242628E-17  1.129804E-19
 4.780000E+02  2.545219E-02  6.807623E-05  4.467035E-08  2.947938E-10  2.201401E-11  2.391008E-15  2.104245E-17  1.041005E-19
 4.785000E+02  2.542581E-02  6.772402E-05  4.394348E-08  2.856668E-10  2.112354E-11  2.273454E-15  1.974674E-17  9.593532E-20
 4.790000E+02  2.539949E-02  6.737439E-05  4.322996E-08  2.768409E-10  2.027089E-11  2.161916E-15  1.853335E-17  8.842614E-20
 4.795000E+02  2.537322E-02  6.702732E-05  4.252952E-08  2.683058E-10  1.945438E-11  2.056074E-15  1.739691E-17  8.151899E-20
 4.800000E+02  2.534701E-02  6.668279E-05  4.184191E-08  2.600511E-10  1.867241E-11  1.955626E-15  1.633239E-17  7.516447E-20
 4.805000E+02  2.532084E-02  6.634077E-05  4.116687E-08  2.520673E-10  1.792345E-11  1.860287E-15  1.533509E-17  6.931735E-20
 4.810000E+02  2.529473E-02  6.600124E-05  4.050413E-08  2.443448E-10  1.720604E-11  1.769787E-15  1.440064E-17  6.393616E-20
 4.815000E+02  2.526868E-02  6.566418E-05  3.985345E-08  2.368745E-10  1.651880E-11  1.683870E-15  1.352497E-17  5.898292E-20
 4.820000E+02  2.524267E-02  6.532956E-05  3.921459E-08  2.296479E-10  1.586039E-11  1.602296E-15  1.270425E-17  5.442278E-20
 4.825000E+02  2.521672E-02  6.499737E-05  3.858731E-08  2.226564E-10  1.522955E-11  1.524836E-15  1.193495E-17  5.022383E-20
 4.830000E+02  2.519082E-02  6.466758E-05  3.797137E-08  2.158919E-10  1.462507E-11  1.451276E-15  1.121373E-17  4.635678E-20
 4.835000E+02  2.516497E-02  6.434016E-05  3.736656E-08  2.093466E-10  1.404580E-11  1.381412E-15  1.053751E-17  4.279478E-20
 4.840000E+02  2.513917E-02  6.401511E-05  3.677264E-08  2.030130E-10  1.349064E-11  1.315049E-15  9.903380E-18  3.951321E-20
 4.845000E+02  2.511343E-02  6.369239E-05  3.618940E-08  1.968838E-10  1.295853E-11  1.252007E-15  9.308650E-18  3.648946E-20
 4.850000E+02  2.508774E-02  6.337199E-05  3.561663E-08  1.909521E-10  1.244848E-11  1.192113E-15  8.750796E-18  3.370281E-20
 4.855000E+02  2.506210E-02  6.305388E-05  3.505412E-08  1.852110E-10  1.195953E-11  1.135203E-15  8.227459E-18  3.113422E-20
 4.860000E+02  2.503650E-02  6.273805E-05  3.450167E-08  1.796542E-10  1.149076E-11  1.081123E-15  7.736439E-18  2.876622E-20
 4.865000E+02  2.501097E-02  6.242447E-05  3.395907E-08  1.742753E-10  1.104131E-11  1.029727E-15  7.275678E-18  2.658279E-20
 4.870000E+02  2.498548E-02  6.211313E-05  3.342613E-08  1.690682E-10  1.061033E-11  9.808756E-16  6.843255E-18  2.456919E-20
 4.875000E+02  2.496004E-02  6.180401E-05  3.290266E-08  1.640273E-10  1.019704E-11  9.344391E-16  6.437372E-18  2.271190E-20
 4.880000E+02  2.493465E-02  6.149708E-05  3.238848E-08  1.591467E-10  9.800669E-12  8.902929E-16  6.056351E-18  2.099849E-20
 4.885000E+02  2.490932E-02  6.119232E-05  3.188340E-08  1.544212E-10  9.420498E-12  8.483198E-16  5.698621E-18  1.941757E-20
 4.890000E+02  2.488403E-02  6.088973E-05  3.138724E-08  1.498455E-10  9.055833E-12  8.084085E-16  5.362714E-18  1.795863E-20
 4.895000E+02  2.485880E-02  6.058927E-05  3.089984E-08  1.454146E-10  8.706010E-12  7.704539E-16  5.047258E-18  1.661204E-20
 4.900000E+02  2.483361E-02  6.029093E-05  3.042101E-08  1.411235E-10  8.370397E-12  7.343563E-16  4.750969E-18  1.536895E-20
 4.905000E+02  2.480848E-02  5.999469E-05  2.995059E-08  1.369677E-10  8.048389E-12  7.000211E-16  4.472646E-18  1.422120E-20
 4.910000E+02  2.478339E-02  5.970053E-05  2.948841E-08  1.329426E-10  7.739409E-12  6.673591E-16  4.211166E-18  1.316132E-20
 4.915000E+02  2.475836E-02  5.940844E-05  2.903432E-08  1.290438E-10  7.442905E-12  6.362854E-16  3.965478E-18  1.218241E-20
 4.920000E+02  2.473337E-02  5.911839E-05  2.858816E-08  1.252672E-10  7.158348E-12  6.067198E-16  3.734598E-18  1.127813E-20
 4.925000E+02  2.470844E-02  5.883037E-05  2.814978E-08  1.216086E-10  6.885235E-12  5.785862E-16  3.517606E-18  1.044267E-20
 4.930000E+02  2.468355E-02  5.854436E-05  2.771902E-08  1.180642E-10  6.623083E-12  5.518125E-16  3.313640E-18  9.670653E-21
 4.935000E+02  2.465871E-02  5.826034E-05  2.729574E-08  1.146301E-10  6.371432E-12  5.263303E-16  3.121893E-18  8.957151E-21
 4.940000E+02  2.463392E-02  5.797830E-05  2.687979E-08  1.113028E-10  6.129840E-12  5.020750E-16  2.941612E-18  8.297621E-21
 4.945000E+02  2.460918E-02  5.769822E-05  2.647104E-08  1.080787E-10  5.897887E-12  4.789850E-16  2.772088E-18  7.687881E-21
 4.950000E+02  2.458449E-02  5.742008E-05  2.606934E-08  1.049544E-10  5.675169E-12  4.570022E-16  2.612659E-18  7.124082E-21
 4.955000E+02  2.455985E-02  5.714387E-05  2.567456E-08  1.019266E-10  5.461302E-12  4.360714E-16  2.462706E-18  6.602678E-21
 4.960000E+02  2.453526E-02  5.686956E-05  2.528656E-08  9.899214E-11  5.255915E-12  4.161402E-16  2.321647E-18  6.120404E-21
 4.965000E+02  2.451071E-02  5.659714E-05  2.490523E-08  9.614802E-11  5.058658E-12  3.971590E-16  2.188938E-18  5.674252E-21
 4.970000E+02  2.448621E-02  5.632660E-05  2.453042E-08  9.339125E-11  4.869192E-12  3.790807E-16  2.064070E-18  5.261450E-21
 4.975000E+02  2.446177E-02  5.605792E-05  2.416203E-08  9.071899E-11  4.687196E-12  3.618607E-16  1.946563E-18  4.879446E-21
 4.980000E+02  2.443736E-02  5.579109E-05  2.379991E-08  8.812847E-11  4.512359E-12  3.454565E-16  1.835972E-18  4.525885E-21
 4.985000E+02  2.441301E-02  5.552608E-05  2.344397E-08  8.561706E-11  4.344388E-12  3.298279E-16  1.731875E-18  4.198597E-21
 4.990000E+02  2.438871E-02  5.526288E-05  2.309407E-08  8.318218E-11  4.183000E-12  3.149369E-16  1.633879E-18  3.895583E-21
 4.995000E+02  2.436445E-02  5.500148E-05  2.275011E-08  8.082135E-11  4.027924E-12  3.007472E-16  1.541615E-18  3.614998E-21
 5.000000E+02  2.434024E-02  5.474186E-05  2.241197E-08  7.853218E-11  3.878900E-12  2.872245E-16  1.454738E-18  3.355141E-21
