# T/K; Cv/J*K^-1
#           T           tot           vib           rot         trans          elec            mf          indi
 2.000000E+02  2.527135E+01  2.215342E+01  1.558966E+00  1.558966E+00  0.000000E+00  0.000000E+00  0.000000E+00
 2.005000E+02  2.531038E+01  2.219245E+01  1.558966E+00  1.558966E+00  0.000000E+00  0.000000E+00  0.000000E+00
 2.010000E+02  2.534934E+01  2.223140E+01  1.558967E+00  1.558967E+00  0.000000E+00  0.000000E+00  0.000000E+00
 2.015000E+02  2.538822E+01  2.227029E+01  1.558967E+00  1.558967E+00  0.000000E+00  0.000000E+00  0.000000E+00
 2.020000E+02  2.542704E+01  2.230911E+01  1.558967E+00  1.558967E+00  0.000000E+00  0.000000E+00  0.000000E+00
 2.025000E+02  2.546579E+01  2.234785E+01  1.558967E+00  1.558967E+00  0.000000E+00  0.000000E+00  0.000000E+00
 2.030000E+02  2.550447E+01  2.238653E+01  1.558968E+00  1.558968E+00  0.000000E+00  0.000000E+00  0.000000E+00
 2.035000E+02  2.554308E+01  2.242514E+01  1.558968E+00  1.558968E+00  0.000000E+00  0.000000E+00  0.000000E+00
 2.040000E+02  2.558161E+01  2.246368E+01  1.558968E+00  1.558968E+00  0.000000E+00  0.000000E+00  0.000000E+00
 2.045000E+02  2.562008E+01  2.250215E+01  1.558969E+00  1.558969E+00  0.000000E+00  0.000000E+00  0.000000E+00
 2.050000E+02  2.565849E+01  2.254055E+01  1.558969E+00  1.558969E+00  0.000000E+00  0.000000E+00  0.000000E+00
 2.055000E+02  2.569682E+01  2.257888E+01  1.558969E+00  1.558969E+00  0.000000E+00  0.000000E+00  0.000000E+00
 2.060000E+02  2.573508E+01  2.261714E+01  1.558970E+00  1.558970E+00  0.000000E+00  0.000000E+00  0.000000E+00
 2.065000E+02  2.577328E+01  2.265534E+01  1.558970E+00  1.558970E+00  0.000000E+00  0.000000E+00  0.000000E+00
 2.070000E+02  2.581141E+01  2.269347E+01  1.558970E+00  1.558970E+00  0.000000E+00  0.000000E+00  0.000000E+00
 2.075000E+02  2.584947E+01  2.273152E+01  1.558971E+00  1.558971E+00  0.000000E+00  0.000000E+00  0.000000E+00
 2.080000E+02  2.588746E+01  2.276952E+01  1.558971E+00  1.558971E+00  0.000000E+00  0.000000E+00  0.000000E+00
 2.085000E+02  2.592538E+01  2.280744E+01  1.558972E+00  1.558972E+00  0.000000E+00  0.000000E+00  0.000000E+00
 2.090000E+02  2.596324E+01  2.284529E+01  1.558972E+00  1.558972E+00  0.000000E+00  0.000000E+00  0.000000E+00
 2.095000E+02  2.600103E+01  2.288308E+01  1.558973E+00  1.558973E+00  0.000000E+00  0.000000E+00  0.000000E+00
 2.100000E+02  2.603875E+01  2.292080E+01  1.558973E+00  1.558973E+00  0.000000E+00  0.000000E+00  0.000000E+00
 2.105000E+02  2.607640E+01  2.295846E+01  1.558974E+00  1.558974E+00  0.000000E+00  0.000000E+00  0.000000E+00
 2.110000E+02  2.611399E+01  2.299604E+01  1.558974E+00  1.558974E+00  0.000000E+00  0.000000E+00  0.000000E+00
 2.115000E+02  2.615151E+01  2.303356E+01  1.558975E+00  1.558975E+00  0.000000E+00  0.000000E+00  0.000000E+00
 2.120000E+02  2.618896E+01  2.307101E+01  1.558975E+00  1.558975E+00  0.000000E+00  0.000000E+00  0.000000E+00
 2.125000E+02  2.622635E+01  2.310840E+01  1.558976E+00  1.558976E+00  0.000000E+00  0.000000E+00  0.000000E+00
 2.130000E+02  2.626367E+01  2.314572E+01  1.558977E+00  1.558977E+00  0.000000E+00  0.000000E+00  0.000000E+00
 2.135000E+02  2.630093E+01  2.318297E+01  1.558977E+00  1.558977E+00  0.000000E+00  0.000000E+00  0.000000E+00
 2.140000E+02  2.633812E+01  2.322016E+01  1.558978E+00  1.558978E+00  0.000000E+00  0.000000E+00  0.000000E+00
 2.145000E+02  2.637524E+01  2.325728E+01  1.558979E+00  1.558979E+00  0.000000E+00  0.000000E+00  0.000000E+00
 2.150000E+02  2.641229E+01  2.329434E+01  1.558980E+00  1.558980E+00  0.000000E+00  0.000000E+00  0.000000E+00
 2.155000E+02  2.644929E+01  2.333133E+01  1.558980E+00  1.558980E+00  0.000000E+00  0.000000E+00  0.000000E+00
 2.160000E+02  2.648621E+01  2.336825E+01  1.558981E+00  1.558981E+00  0.000000E+00  0.000000E+00  0.000000E+00
 2.165000E+02  2.652307E+01  2.340511E+01  1.558982E+00  1.558982E+00  0.000000E+00  0.000000E+00  0.000000E+00
 2.170000E+02  2.655987E+01  2.344190E+01  1.558983E+00  1.558983E+00  0.000000E+00  0.000000E+00  0.000000E+00
 2.175000E+02  2.659660E+01  2.347863E+01  1.558984E+00  1.558984E+00  0.000000E+00  0.000000E+00  0.000000E+00
 2.180000E+02  2.663326E+01  2.351529E+01  1.558985E+00  1.558985E+00  0.000000E+00  0.000000E+00  0.000000E+00
 2.185000E+02  2.666986E+01  2.355189E+01  1.558986E+00  1.558986E+00  0.000000E+00  0.000000E+00  0.000000E+00
 2.190000E+02  2.670640E+01  2.358842E+01  1.558987E+00  1.558987E+00  0.000000E+00  0.000000E+00  0.000000E+00
 2.195000E+02  2.674287E+01  2.362489E+01  1.558988E+00  1.558988E+00  0.000000E+00  0.000000E+00  0.000000E+00
 2.200000E+02  2.677928E+01  2.366130E+01  1.558989E+00  1.558989E+00  0.000000E+00  0.000000E+00  0.000000E+00
 2.205000E+02  2.681562E+01  2.369764E+01  1.558990E+00  1.558990E+00  0.000000E+00  0.000000E+00  0.000000E+00
 2.210000E+02  2.685190E+01  2.373391E+01  1.558991E+00  1.558991E+00  0.000000E+00  0.000000E+00  0.000000E+00
 2.215000E+02  2.688811E+01  2.377013E+01  1.558993E+00  1.558993E+00  0.000000E+00  0.000000E+00  0.000000E+00
 2.220000E+02  2.692426E+01  2.380627E+01  1.558994E+00  1.558994E+00  0.000000E+00  0.000000E+00  0.000000E+00
 2.225000E+02  2.696035E+01  2.384236E+01  1.558995E+00  1.558995E+00  0.000000E+00  0.000000E+00  0.000000E+00
 2.230000E+02  2.699637E+01  2.387838E+01  1.558997E+00  1.558997E+00  0.000000E+00  0.000000E+00  0.000000E+00
 2.235000E+02  2.703233E+01  2.391434E+01  1.558998E+00  1.558998E+00  0.000000E+00  0.000000E+00  0.000000E+00
 2.240000E+02  2.706823E+01  2.395023E+01  1.559000E+00  1.559000E+00  0.000000E+00  0.000000E+00  0.000000E+00
 2.245000E+02  2.710406E+01  2.398606E+01  1.559001E+00  1.559001E+00  0.000000E+00  0.000000E+00  0.000000E+00
 2.250000E+02  2.713984E+01  2.402183E+01  1.559003E+00  1.559003E+00  0.000000E+00  0.000000E+00  0.000000E+00
 2.255000E+02  2.717554E+01  2.405753E+01  1.559005E+00  1.559005E+00  0.000000E+00  0.000000E+00  0.000000E+00
 2.260000E+02  2.721119E+01  2.409318E+01  1.559006E+00  1.559006E+00  0.000000E+00  0.000000E+00  0.000000E+00
 2.265000E+02  2.724677E+01  2.412876E+01  1.559008E+00  1.559008E+00  0.000000E+00  0.000000E+00  0.000000E+00
 2.270000E+02  2.728229E+01  2.416427E+01  1.559010E+00  1.559010E+00  0.000000E+00  0.000000E+00  0.000000E+00
 2.275000E+02  2.731775E+01  2.419973E+01  1.559012E+00  1.559012E+00  0.000000E+00  0.000000E+00  0.000000E+00
 2.280000E+02  2.735315E+01  2.423512E+01  1.559014E+00  1.559014E+00  0.000000E+00  0.000000E+00  0.000000E+00
 2.285000E+02  2.738848E+01  2.427045E+01  1.559016E+00  1.559016E+00  0.000000E+00  0.000000E+00  0.000000E+00
 2.290000E+02  2.742375E+01  2.430572E+01  1.559018E+00  1.559018E+00  0.000000E+00  0.000000E+00  0.000000E+00
 2.295000E+02  2.745896E+01  2.434092E+01  1.559021E+00  1.559021E+00  0.000000E+00  0.000000E+00  0.000000E+00
 2.300000E+02  2.749411E+01  2.437607E+01  1.559023E+00  1.559023E+00  0.000000E+00  0.000000E+00  0.000000E+00
 2.305000E+02  2.752920E+01  2.441115E+01  1.559025E+00  1.559025E+00  0.000000E+00  0.000000E+00  0.000000E+00
 2.310000E+02  2.756423E+01  2.444617E+01  1.559028E+00  1.559028E+00  0.000000E+00  0.000000E+00  0.000000E+00
 2.315000E+02  2.759919E+01  2.448113E+01  1.559031E+00  1.559031E+00  0.000000E+00  0.000000E+00  0.000000E+00
 2.320000E+02  2.763410E+01  2.451603E+01  1.559033E+00  1.559033E+00  0.000000E+00  0.000000E+00  0.000000E+00
 2.325000E+02  2.766894E+01  2.455087E+01  1.559036E+00  1.559036E+00  0.000000E+00  0.000000E+00  0.000000E+00
 2.330000E+02  2.770372E+01  2.458564E+01  1.559039E+00  1.559039E+00  0.000000E+00  0.000000E+00  0.000000E+00
 2.335000E+02  2.773844E+01  2.462036E+01  1.559042E+00  1.559042E+00  0.000000E+00  0.000000E+00  0.000000E+00
 2.340000E+02  2.777311E+01  2.465502E+01  1.559045E+00  1.559045E+00  0.000000E+00  0.000000E+00  0.000000E+00
 2.345000E+02  2.780771E+01  2.468961E+01  1.559048E+00  1.559048E+00  0.000000E+00  0.000000E+00  0.000000E+00
 2.350000E+02  2.784225E+01  2.472414E+01  1.559051E+00  1.559051E+00  0.000000E+00  0.000000E+00  0.000000E+00
 2.355000E+02  2.787673E+01  2.475862E+01  1.559055E+00  1.559055E+00  0.000000E+00  0.000000E+00  0.000000E+00
 2.360000E+02  2.791115E+01  2.479303E+01  1.559058E+00  1.559058E+00  0.000000E+00  0.000000E+00  0.000000E+00
 2.365000E+02  2.794551E+01  2.482739E+01  1.559062E+00  1.559062E+00  0.000000E+00  0.000000E+00  0.000000E+00
 2.370000E+02  2.797981E+01  2.486168E+01  1.559066E+00  1.559066E+00  0.000000E+00  0.000000E+00  0.000000E+00
 2.375000E+02  2.801405E+01  2.489591E+01  1.559070E+00  1.559070E+00  0.000000E+00  0.000000E+00  0.000000E+00
 2.380000E+02  2.804823E+01  2.493009E+01  1.559074E+00  1.559074E+00  0.000000E+00  0.000000E+00  0.000000E+00
 2.385000E+02  2.808236E+01  2.496420E+01  1.559078E+00  1.559078E+00  0.000000E+00  0.000000E+00  0.000000E+00
 2.390000E+02  2.811642E+01  2.499826E+01  1.559082E+00  1.559082E+00  0.000000E+00  0.000000E+00  0.000000E+00
 2.395000E+02  2.815043E+01  2.503225E+01  1.559087E+00  1.559087E+00  0.000000E+00  0.000000E+00  0.000000E+00
 2.400000E+02  2.818437E+01  2.506619E+01  1.559091E+00  1.559091E+00  0.000000E+00  0.000000E+00  0.000000E+00
 2.405000E+02  2.821826E+01  2.510007E+01  1.559096E+00  1.559096E+00  0.000000E+00  0.000000E+00  0.000000E+00
 2.410000E+02  2.825209E+01  2.513389E+01  1.559101E+00  1.559101E+00  0.000000E+00  0.000000E+00  0.000000E+00
 2.415000E+02  2.828586E+01  2.516765E+01  1.559106E+00  1.559106E+00  0.000000E+00  0.000000E+00  0.000000E+00
 2.420000E+02  2.831957E+01  2.520135E+01  1.559111E+00  1.559111E+00  0.000000E+00  0.000000E+00  0.000000E+00
 2.425000E+02  2.835322E+01  2.523499E+01  1.559117E+00  1.559117E+00  0.000000E+00  0.000000E+00  0.000000E+00
 2.430000E+02  2.838682E+01  2.526857E+01  1.559122E+00  1.559122E+00  0.000000E+00  0.000000E+00  0.000000E+00
 2.435000E+02  2.842036E+01  2.530210E+01  1.559128E+00  1.559128E+00  0.000000E+00  0.000000E+00  0.000000E+00
 2.440000E+02  2.845384E+01  2.533557E+01  1.559134E+00  1.559134E+00  0.000000E+00  0.000000E+00  0.000000E+00
 2.445000E+02  2.848726E+01  2.536898E+01  1.559140E+00  1.559140E+00  0.000000E+00  0.000000E+00  0.000000E+00
 2.450000E+02  2.852062E+01  2.540233E+01  1.559147E+00  1.559147E+00  0.000000E+00  0.000000E+00  0.000000E+00
 2.455000E+02  2.855393E+01  2.543562E+01  1.559153E+00  1.559153E+00  0.000000E+00  0.000000E+00  0.000000E+00
 2.460000E+02  2.858718E+01  2.546886E+01  1.559160E+00  1.559160E+00  0.000000E+00  0.000000E+00  0.000000E+00
 2.465000E+02  2.862037E+01  2.550204E+01  1.559167E+00  1.559167E+00  0.000000E+00  0.000000E+00  0.000000E+00
 2.470000E+02  2.865351E+01  2.553516E+01  1.559174E+00  1.559174E+00  0.000000E+00  0.000000E+00  0.000000E+00
 2.475000E+02  2.868659E+01  2.556822E+01  1.559182E+00  1.559182E+00  0.000000E+00  0.000000E+00  0.000000E+00
 2.480000E+02  2.871961E+01  2.560123E+01  1.559189E+00  1.559189E+00  0.000000E+00  0.000000E+00  0.000000E+00
 2.485000E+02  2.875258E+01  2.563418E+01  1.559197E+00  1.559197E+00  0.000000E+00  0.000000E+00  0.000000E+00
 2.490000E+02  2.878548E+01  2.566707E+01  1.559205E+00  1.559205E+00  0.000000E+00  0.000000E+00  0.000000E+00
 2.495000E+02  2.881834E+01  2.569991E+01  1.559214E+00  1.559214E+00  0.000000E+00  0.000000E+00  0.000000E+00
 2.500000E+02  2.885113E+01  2.573269E+01  1.559223E+00  1.559223E+00  0.000000E+00  0.000000E+00  0.000000E+00
 2.505000E+02  2.888387E+01  2.576541E+01  1.559231E+00  1.559231E+00  0.000000E+00  0.000000E+00  0.000000E+00
 2.510000E+02  2.891656E+01  2.579808E+01  1.559241E+00  1.559241E+00  0.000000E+00  0.000000E+00  0.000000E+00
 2.515000E+02  2.894919E+01  2.583069E+01  1.559250E+00  1.559250E+00  0.000000E+00  0.000000E+00  0.000000E+00
 2.520000E+02  2.898176E+01  2.586324E+01  1.559260E+00  1.559260E+00  0.000000E+00  0.000000E+00  0.000000E+00
 2.525000E+02  2.901428E+01  2.589574E+01  1.559270E+00  1.559270E+00  0.000000E+00  0.000000E+00  0.000000E+00
 2.530000E+02  2.904674E+01  2.592818E+01  1.559280E+00  1.559280E+00  0.000000E+00  0.000000E+00  0.000000E+00
 2.535000E+02  2.907915E+01  2.596056E+01  1.559291E+00  1.559291E+00  0.000000E+00  0.000000E+00  0.000000E+00
 2.540000E+02  2.911150E+01  2.599289E+01  1.559302E+00  1.559302E+00  0.000000E+00  0.000000E+00  0.000000E+00
 2.545000E+02  2.914380E+01  2.602517E+01  1.559313E+00  1.559313E+00  0.000000E+00  0.000000E+00  0.000000E+00
 2.550000E+02  2.917604E+01  2.605739E+01  1.559325E+00  1.559325E+00  0.000000E+00  0.000000E+00  0.000000E+00
 2.555000E+02  2.920822E+01  2.608955E+01  1.559337E+00  1.559337E+00  0.000000E+00  0.000000E+00  0.000000E+00
 2.560000E+02  2.924036E+01  2.612166E+01  1.559349E+00  1.559349E+00  0.000000E+00  0.000000E+00  0.000000E+00
 2.565000E+02  2.927243E+01  2.615371E+01  1.559362E+00  1.559362E+00  0.000000E+00  0.000000E+00  0.000000E+00
 2.570000E+02  2.930446E+01  2.618571E+01  1.559375E+00  1.559375E+00  0.000000E+00  0.000000E+00  0.000000E+00
 2.575000E+02  2.933643E+01  2.621765E+01  1.559389E+00  1.559389E+00  0.000000E+00  0.000000E+00  0.000000E+00
 2.580000E+02  2.936834E+01  2.624954E+01  1.559403E+00  1.559403E+00  0.000000E+00  0.000000E+00  0.000000E+00
 2.585000E+02  2.940020E+01  2.628137E+01  1.559417E+00  1.559417E+00  0.000000E+00  0.000000E+00  0.000000E+00
 2.590000E+02  2.943201E+01  2.631315E+01  1.559432E+00  1.559432E+00  0.000000E+00  0.000000E+00  0.000000E+00
 2.595000E+02  2.946376E+01  2.634487E+01  1.559447E+00  1.559447E+00  0.000000E+00  0.000000E+00  0.000000E+00
 2.600000E+02  2.949546E+01  2.637654E+01  1.559462E+00  1.559462E+00  0.000000E+00  0.000000E+00  0.000000E+00
 2.605000E+02  2.952711E+01  2.640815E+01  1.559478E+00  1.559478E+00  0.000000E+00  0.000000E+00  0.000000E+00
 2.610000E+02  2.955870E+01  2.643971E+01  1.559495E+00  1.559495E+00  0.000000E+00  0.000000E+00  0.000000E+00
 2.615000E+02  2.959024E+01  2.647122E+01  1.559512E+00  1.559512E+00  0.000000E+00  0.000000E+00  0.000000E+00
 2.620000E+02  2.962173E+01  2.650267E+01  1.559529E+00  1.559529E+00  0.000000E+00  0.000000E+00  0.000000E+00
 2.625000E+02  2.965317E+01  2.653407E+01  1.559547E+00  1.559547E+00  0.000000E+00  0.000000E+00  0.000000E+00
 2.630000E+02  2.968455E+01  2.656542E+01  1.559565E+00  1.559565E+00  0.000000E+00  0.000000E+00  0.000000E+00
 2.635000E+02  2.971588E+01  2.659671E+01  1.559584E+00  1.559584E+00  0.000000E+00  0.000000E+00  0.000000E+00
 2.640000E+02  2.974715E+01  2.662794E+01  1.559604E+00  1.559604E+00  0.000000E+00  0.000000E+00  0.000000E+00
 2.645000E+02  2.977838E+01  2.665913E+01  1.559624E+00  1.559624E+00  0.000000E+00  0.000000E+00  0.000000E+00
 2.650000E+02  2.980955E+01  2.669026E+01  1.559644E+00  1.559644E+00  0.000000E+00  0.000000E+00  0.000000E+00
 2.655000E+02  2.984067E+01  2.672134E+01  1.559665E+00  1.559665E+00  0.000000E+00  0.000000E+00  0.000000E+00
 2.660000E+02  2.987174E+01  2.675236E+01  1.559687E+00  1.559687E+00  0.000000E+00  0.000000E+00  0.000000E+00
 2.665000E+02  2.990275E+01  2.678333E+01  1.559709E+00  1.559709E+00  0.000000E+00  0.000000E+00  0.000000E+00
 2.670000E+02  2.993371E+01  2.681425E+01  1.559732E+00  1.559732E+00  0.000000E+00  0.000000E+00  0.000000E+00
 2.675000E+02  2.996463E+01  2.684512E+01  1.559756E+00  1.559756E+00  0.000000E+00  0.000000E+00  0.000000E+00
 2.680000E+02  2.999549E+01  2.687593E+01  1.559780E+00  1.559780E+00  0.000000E+00  0.000000E+00  0.000000E+00
 2.685000E+02  3.002630E+01  2.690669E+01  1.559805E+00  1.559805E+00  0.000000E+00  0.000000E+00  0.000000E+00
 2.690000E+02  3.005706E+01  2.693740E+01  1.559830E+00  1.559830E+00  0.000000E+00  0.000000E+00  0.000000E+00
 2.695000E+02  3.008776E+01  2.696805E+01  1.559856E+00  1.559856E+00  0.000000E+00  0.000000E+00  0.000000E+00
 2.700000E+02  3.011842E+01  2.699865E+01  1.559883E+00  1.559883E+00  0.000000E+00  0.000000E+00  0.000000E+00
 2.705000E+02  3.014902E+01  2.702920E+01  1.559911E+00  1.559911E+00  0.000000E+00  0.000000E+00  0.000000E+00
 2.710000E+02  3.017958E+01  2.705970E+01  1.559939E+00  1.559939E+00  0.000000E+00  0.000000E+00  0.000000E+00
 2.715000E+02  3.021008E+01  2.709015E+01  1.559968E+00  1.559968E+00  0.000000E+00  0.000000E+00  0.000000E+00
 2.720000E+02  3.024054E+01  2.712054E+01  1.559998E+00  1.559998E+00  0.000000E+00  0.000000E+00  0.000000E+00
 2.725000E+02  3.027094E+01  2.715088E+01  1.560028E+00  1.560028E+00  0.000000E+00  0.000000E+00  0.000000E+00
 2.730000E+02  3.030129E+01  2.718118E+01  1.560060E+00  1.560060E+00  0.000000E+00  0.000000E+00  0.000000E+00
 2.735000E+02  3.033160E+01  2.721141E+01  1.560092E+00  1.560092E+00  0.000000E+00  0.000000E+00  0.000000E+00
 2.740000E+02  3.036185E+01  2.724160E+01  1.560125E+00  1.560125E+00  0.000000E+00  0.000000E+00  0.000000E+00
 2.745000E+02  3.039205E+01  2.727174E+01  1.560159E+00  1.560159E+00  0.000000E+00  0.000000E+00  0.000000E+00
 2.750000E+02  3.042221E+01  2.730182E+01  1.560193E+00  1.560193E+00  0.000000E+00  0.000000E+00  0.000000E+00
 2.755000E+02  3.045231E+01  2.733186E+01  1.560229E+00  1.560229E+00  0.000000E+00  0.000000E+00  0.000000E+00
 2.760000E+02  3.048237E+01  2.736184E+01  1.560265E+00  1.560265E+00  0.000000E+00  0.000000E+00  0.000000E+00
 2.765000E+02  3.051237E+01  2.739177E+01  1.560303E+00  1.560303E+00  0.000000E+00  0.000000E+00  0.000000E+00
 2.770000E+02  3.054233E+01  2.742165E+01  1.560341E+00  1.560341E+00  0.000000E+00  0.000000E+00  0.000000E+00
 2.775000E+02  3.057224E+01  2.745148E+01  1.560381E+00  1.560381E+00  0.000000E+00  0.000000E+00  0.000000E+00
 2.780000E+02  3.060210E+01  2.748125E+01  1.560421E+00  1.560421E+00  0.000000E+00  0.000000E+00  0.000000E+00
 2.785000E+02  3.063191E+01  2.751098E+01  1.560462E+00  1.560462E+00  0.000000E+00  0.000000E+00  0.000000E+00
 2.790000E+02  3.066167E+01  2.754066E+01  1.560505E+00  1.560505E+00  0.000000E+00  0.000000E+00  0.000000E+00
 2.795000E+02  3.069138E+01  2.757028E+01  1.560548E+00  1.560548E+00  0.000000E+00  0.000000E+00  0.000000E+00
 2.800000E+02  3.072105E+01  2.759986E+01  1.560593E+00  1.560593E+00  0.000000E+00  0.000000E+00  0.000000E+00
 2.805000E+02  3.075066E+01  2.762938E+01  1.560638E+00  1.560638E+00  0.000000E+00  0.000000E+00  0.000000E+00
 2.810000E+02  3.078023E+01  2.765886E+01  1.560685E+00  1.560685E+00  0.000000E+00  0.000000E+00  0.000000E+00
 2.815000E+02  3.080975E+01  2.768828E+01  1.560733E+00  1.560733E+00  0.000000E+00  0.000000E+00  0.000000E+00
 2.820000E+02  3.083922E+01  2.771766E+01  1.560782E+00  1.560782E+00  0.000000E+00  0.000000E+00  0.000000E+00
 2.825000E+02  3.086865E+01  2.774698E+01  1.560832E+00  1.560832E+00  0.000000E+00  0.000000E+00  0.000000E+00
 2.830000E+02  3.089802E+01  2.777626E+01  1.560884E+00  1.560884E+00  0.000000E+00  0.000000E+00  0.000000E+00
 2.835000E+02  3.092735E+01  2.780548E+01  1.560937E+00  1.560937E+00  0.000000E+00  0.000000E+00  0.000000E+00
 2.840000E+02  3.095663E+01  2.783465E+01  1.560991E+00  1.560991E+00  0.000000E+00  0.000000E+00  0.000000E+00
 2.845000E+02  3.098587E+01  2.786378E+01  1.561046E+00  1.561046E+00  0.000000E+00  0.000000E+00  0.000000E+00
 2.850000E+02  3.101506E+01  2.789285E+01  1.561103E+00  1.561103E+00  0.000000E+00  0.000000E+00  0.000000E+00
 2.855000E+02  3.104420E+01  2.792188E+01  1.561160E+00  1.561160E+00  0.000000E+00  0.000000E+00  0.000000E+00
 2.860000E+02  3.107329E+01  2.795085E+01  1.561220E+00  1.561220E+00  0.000000E+00  0.000000E+00  0.000000E+00
 2.865000E+02  3.110234E+01  2.797978E+01  1.561281E+00  1.561281E+00  0.000000E+00  0.000000E+00  0.000000E+00
 2.870000E+02  3.113134E+01  2.800865E+01  1.561343E+00  1.561343E+00  0.000000E+00  0.000000E+00  0.000000E+00
 2.875000E+02  3.116029E+01  2.803748E+01  1.561407E+00  1.561407E+00  0.000000E+00  0.000000E+00  0.000000E+00
 2.880000E+02  3.118920E+01  2.806626E+01  1.561472E+00  1.561472E+00  0.000000E+00  0.000000E+00  0.000000E+00
 2.885000E+02  3.121806E+01  2.809498E+01  1.561538E+00  1.561538E+00  0.000000E+00  0.000000E+00  0.000000E+00
 2.890000E+02  3.124688E+01  2.812366E+01  1.561607E+00  1.561607E+00  0.000000E+00  0.000000E+00  0.000000E+00
 2.895000E+02  3.127565E+01  2.815229E+01  1.561676E+00  1.561676E+00  0.000000E+00  0.000000E+00  0.000000E+00
 2.900000E+02  3.130437E+01  2.818087E+01  1.561748E+00  1.561748E+00  0.000000E+00  0.000000E+00  0.000000E+00
 2.905000E+02  3.133305E+01  2.820940E+01  1.561821E+00  1.561821E+00  0.000000E+00  0.000000E+00  0.000000E+00
 2.910000E+02  3.136168E+01  2.823789E+01  1.561896E+00  1.561896E+00  0.000000E+00  0.000000E+00  0.000000E+00
 2.915000E+02  3.139026E+01  2.826632E+01  1.561972E+00  1.561972E+00  0.000000E+00  0.000000E+00  0.000000E+00
 2.920000E+02  3.141881E+01  2.829470E+01  1.562051E+00  1.562051E+00  0.000000E+00  0.000000E+00  0.000000E+00
 2.925000E+02  3.144730E+01  2.832304E+01  1.562131E+00  1.562131E+00  0.000000E+00  0.000000E+00  0.000000E+00
 2.930000E+02  3.147575E+01  2.835133E+01  1.562212E+00  1.562212E+00  0.000000E+00  0.000000E+00  0.000000E+00
 2.935000E+02  3.150416E+01  2.837957E+01  1.562296E+00  1.562296E+00  0.000000E+00  0.000000E+00  0.000000E+00
 2.940000E+02  3.153252E+01  2.840776E+01  1.562382E+00  1.562382E+00  0.000000E+00  0.000000E+00  0.000000E+00
 2.945000E+02  3.156083E+01  2.843590E+01  1.562469E+00  1.562469E+00  0.000000E+00  0.000000E+00  0.000000E+00
 2.950000E+02  3.158911E+01  2.846399E+01  1.562558E+00  1.562558E+00  0.000000E+00  0.000000E+00  0.000000E+00
 2.955000E+02  3.161733E+01  2.849203E+01  1.562650E+00  1.562650E+00  0.000000E+00  0.000000E+00  0.000000E+00
 2.960000E+02  3.164551E+01  2.852003E+01  1.562743E+00  1.562743E+00  0.000000E+00  0.000000E+00  0.000000E+00
 2.965000E+02  3.167365E+01  2.854797E+01  1.562839E+00  1.562839E+00  0.000000E+00  0.000000E+00  0.000000E+00
 2.970000E+02  3.170175E+01  2.857587E+01  1.562936E+00  1.562936E+00  0.000000E+00  0.000000E+00  0.000000E+00
 2.975000E+02  3.172980E+01  2.860372E+01  1.563036E+00  1.563036E+00  0.000000E+00  0.000000E+00  0.000000E+00
 2.980000E+02  3.175780E+01  2.863152E+01  1.563138E+00  1.563138E+00  0.000000E+00  0.000000E+00  0.000000E+00
 2.985000E+02  3.178576E+01  2.865928E+01  1.563242E+00  1.563242E+00  0.000000E+00  0.000000E+00  0.000000E+00
 2.990000E+02  3.181368E+01  2.868698E+01  1.563349E+00  1.563349E+00  0.000000E+00  0.000000E+00  0.000000E+00
 2.995000E+02  3.184156E+01  2.871464E+01  1.563457E+00  1.563457E+00  0.000000E+00  0.000000E+00  0.000000E+00
 3.000000E+02  3.186939E+01  2.874225E+01  1.563568E+00  1.563568E+00  0.000000E+00  0.000000E+00  0.000000E+00
 3.005000E+02  3.189717E+01  2.876981E+01  1.563682E+00  1.563682E+00  0.000000E+00  0.000000E+00  0.000000E+00
 3.010000E+02  3.192492E+01  2.879732E+01  1.563798E+00  1.563798E+00  0.000000E+00  0.000000E+00  0.000000E+00
 3.015000E+02  3.195262E+01  2.882479E+01  1.563916E+00  1.563916E+00  0.000000E+00  0.000000E+00  0.000000E+00
 3.020000E+02  3.198028E+01  2.885220E+01  1.564037E+00  1.564037E+00  0.000000E+00  0.000000E+00  0.000000E+00
 3.025000E+02  3.200789E+01  2.887957E+01  1.564160E+00  1.564160E+00  0.000000E+00  0.000000E+00  0.000000E+00
 3.030000E+02  3.203546E+01  2.890689E+01  1.564286E+00  1.564286E+00  0.000000E+00  0.000000E+00  0.000000E+00
 3.035000E+02  3.206299E+01  2.893416E+01  1.564415E+00  1.564415E+00  0.000000E+00  0.000000E+00  0.000000E+00
 3.040000E+02  3.209048E+01  2.896139E+01  1.564547E+00  1.564547E+00  0.000000E+00  0.000000E+00  0.000000E+00
 3.045000E+02  3.211793E+01  2.898856E+01  1.564681E+00  1.564681E+00  0.000000E+00  0.000000E+00  0.000000E+00
 3.050000E+02  3.214533E+01  2.901569E+01  1.564818E+00  1.564818E+00  0.000000E+00  0.000000E+00  0.000000E+00
 3.055000E+02  3.217269E+01  2.904277E+01  1.564957E+00  1.564957E+00  0.000000E+00  0.000000E+00  0.000000E+00
 3.060000E+02  3.220001E+01  2.906980E+01  1.565100E+00  1.565100E+00  0.000000E+00  0.000000E+00  0.000000E+00
 3.065000E+02  3.222728E+01  2.909679E+01  1.565246E+00  1.565246E+00  0.000000E+00  0.000000E+00  0.000000E+00
 3.070000E+02  3.225451E+01  2.912373E+01  1.565394E+00  1.565394E+00  0.000000E+00  0.000000E+00  0.000000E+00
 3.075000E+02  3.228171E+01  2.915061E+01  1.565546E+00  1.565546E+00  0.000000E+00  0.000000E+00  0.000000E+00
 3.080000E+02  3.230886E+01  2.917745E+01  1.565701E+00  1.565701E+00  0.000000E+00  0.000000E+00  0.000000E+00
 3.085000E+02  3.233596E+01  2.920425E+01  1.565859E+00  1.565859E+00  0.000000E+00  0.000000E+00  0.000000E+00
 3.090000E+02  3.236303E+01  2.923099E+01  1.566020E+00  1.566020E+00  0.000000E+00  0.000000E+00  0.000000E+00
 3.095000E+02  3.239006E+01  2.925769E+01  1.566184E+00  1.566184E+00  0.000000E+00  0.000000E+00  0.000000E+00
 3.100000E+02  3.241704E+01  2.928434E+01  1.566352E+00  1.566352E+00  0.000000E+00  0.000000E+00  0.000000E+00
 3.105000E+02  3.244398E+01  2.931094E+01  1.566523E+00  1.566523E+00  0.000000E+00  0.000000E+00  0.000000E+00
 3.110000E+02  3.247089E+01  2.933749E+01  1.566697E+00  1.566697E+00  0.000000E+00  0.000000E+00  0.000000E+00
 3.115000E+02  3.249775E+01  2.936400E+01  1.566875E+00  1.566875E+00  0.000000E+00  0.000000E+00  0.000000E+00
 3.120000E+02  3.252457E+01  2.939045E+01  1.567057E+00  1.567057E+00  0.000000E+00  0.000000E+00  0.000000E+00
 3.125000E+02  3.255135E+01  2.941686E+01  1.567242E+00  1.567242E+00  0.000000E+00  0.000000E+00  0.000000E+00
 3.130000E+02  3.257808E+01  2.944322E+01  1.567430E+00  1.567430E+00  0.000000E+00  0.000000E+00  0.000000E+00
 3.135000E+02  3.260478E+01  2.946954E+01  1.567623E+00  1.567623E+00  0.000000E+00  0.000000E+00  0.000000E+00
 3.140000E+02  3.263144E+01  2.949580E+01  1.567819E+00  1.567819E+00  0.000000E+00  0.000000E+00  0.000000E+00
 3.145000E+02  3.265806E+01  2.952202E+01  1.568019E+00  1.568019E+00  0.000000E+00  0.000000E+00  0.000000E+00
 3.150000E+02  3.268463E+01  2.954819E+01  1.568223E+00  1.568223E+00  0.000000E+00  0.000000E+00  0.000000E+00
 3.155000E+02  3.271117E+01  2.957431E+01  1.568431E+00  1.568431E+00  0.000000E+00  0.000000E+00  0.000000E+00
 3.160000E+02  3.273767E+01  2.960038E+01  1.568643E+00  1.568643E+00  0.000000E+00  0.000000E+00  0.000000E+00
 3.165000E+02  3.276412E+01  2.962641E+01  1.568859E+00  1.568859E+00  0.000000E+00  0.000000E+00  0.000000E+00
 3.170000E+02  3.279054E+01  2.965238E+01  1.569079E+00  1.569079E+00  0.000000E+00  0.000000E+00  0.000000E+00
 3.175000E+02  3.281691E+01  2.967831E+01  1.569303E+00  1.569303E+00  0.000000E+00  0.000000E+00  0.000000E+00
 3.180000E+02  3.284325E+01  2.970419E+01  1.569531E+00  1.569531E+00  0.000000E+00  0.000000E+00  0.000000E+00
 3.185000E+02  3.286955E+01  2.973002E+01  1.569764E+00  1.569764E+00  0.000000E+00  0.000000E+00  0.000000E+00
 3.190000E+02  3.289581E+01  2.975580E+01  1.570002E+00  1.570002E+00  0.000000E+00  0.000000E+00  0.000000E+00
 3.195000E+02  3.292202E+01  2.978154E+01  1.570243E+00  1.570243E+00  0.000000E+00  0.000000E+00  0.000000E+00
 3.200000E+02  3.294820E+01  2.980722E+01  1.570490E+00  1.570490E+00  0.000000E+00  0.000000E+00  0.000000E+00
 3.205000E+02  3.297434E+01  2.983286E+01  1.570740E+00  1.570740E+00  0.000000E+00  0.000000E+00  0.000000E+00
 3.210000E+02  3.300044E+01  2.985845E+01  1.570996E+00  1.570996E+00  0.000000E+00  0.000000E+00  0.000000E+00
 3.215000E+02  3.302650E+01  2.988399E+01  1.571256E+00  1.571256E+00  0.000000E+00  0.000000E+00  0.000000E+00
 3.220000E+02  3.305253E+01  2.990948E+01  1.571522E+00  1.571522E+00  0.000000E+00  0.000000E+00  0.000000E+00
 3.225000E+02  3.307851E+01  2.993493E+01  1.571792E+00  1.571792E+00  0.000000E+00  0.000000E+00  0.000000E+00
 3.230000E+02  3.310445E+01  2.996032E+01  1.572067E+00  1.572067E+00  0.000000E+00  0.000000E+00  0.000000E+00
 3.235000E+02  3.313036E+01  2.998566E+01  1.572347E+00  1.572347E+00  0.000000E+00  0.000000E+00  0.000000E+00
 3.240000E+02  3.315622E+01  3.001096E+01  1.572632E+00  1.572632E+00  0.000000E+00  0.000000E+00  0.000000E+00
 3.245000E+02  3.318205E+01  3.003621E+01  1.572922E+00  1.572922E+00  0.000000E+00  0.000000E+00  0.000000E+00
 3.250000E+02  3.320784E+01  3.006141E+01  1.573218E+00  1.573218E+00  0.000000E+00  0.000000E+00  0.000000E+00
 3.255000E+02  3.323359E+01  3.008656E+01  1.573519E+00  1.573519E+00  0.000000E+00  0.000000E+00  0.000000E+00
 3.260000E+02  3.325931E+01  3.011166E+01  1.573825E+00  1.573825E+00  0.000000E+00  0.000000E+00  0.000000E+00
 3.265000E+02  3.328498E+01  3.013671E+01  1.574137E+00  1.574137E+00  0.000000E+00  0.000000E+00  0.000000E+00
 3.270000E+02  3.331062E+01  3.016171E+01  1.574454E+00  1.574454E+00  0.000000E+00  0.000000E+00  0.000000E+00
 3.275000E+02  3.333621E+01  3.018666E+01  1.574778E+00  1.574778E+00  0.000000E+00  0.000000E+00  0.000000E+00
 3.280000E+02  3.336177E+01  3.021156E+01  1.575106E+00  1.575106E+00  0.000000E+00  0.000000E+00  0.000000E+00
 3.285000E+02  3.338730E+01  3.023641E+01  1.575441E+00  1.575441E+00  0.000000E+00  0.000000E+00  0.000000E+00
 3.290000E+02  3.341278E+01  3.026122E+01  1.575782E+00  1.575782E+00  0.000000E+00  0.000000E+00  0.000000E+00
 3.295000E+02  3.343823E+01  3.028597E+01  1.576128E+00  1.576128E+00  0.000000E+00  0.000000E+00  0.000000E+00
 3.300000E+02  3.346363E+01  3.031067E+01  1.576481E+00  1.576481E+00  0.000000E+00  0.000000E+00  0.000000E+00
 3.305000E+02  3.348900E+01  3.033532E+01  1.576839E+00  1.576839E+00  0.000000E+00  0.000000E+00  0.000000E+00
 3.310000E+02  3.351434E+01  3.035993E+01  1.577204E+00  1.577204E+00  0.000000E+00  0.000000E+00  0.000000E+00
 3.315000E+02  3.353963E+01  3.038448E+01  1.577576E+00  1.577576E+00  0.000000E+00  0.000000E+00  0.000000E+00
 3.320000E+02  3.356489E+01  3.040898E+01  1.577954E+00  1.577954E+00  0.000000E+00  0.000000E+00  0.000000E+00
 3.325000E+02  3.359011E+01  3.043343E+01  1.578338E+00  1.578338E+00  0.000000E+00  0.000000E+00  0.000000E+00
 3.330000E+02  3.361529E+01  3.045783E+01  1.578729E+00  1.578729E+00  0.000000E+00  0.000000E+00  0.000000E+00
 3.335000E+02  3.364044E+01  3.048219E+01  1.579126E+00  1.579126E+00  0.000000E+00  0.000000E+00  0.000000E+00
 3.340000E+02  3.366555E+01  3.050648E+01  1.579530E+00  1.579530E+00  0.000000E+00  0.000000E+00  0.000000E+00
 3.345000E+02  3.369062E+01  3.053073E+01  1.579941E+00  1.579941E+00  0.000000E+00  0.000000E+00  0.000000E+00
 3.350000E+02  3.371565E+01  3.055493E+01  1.580359E+00  1.580359E+00  0.000000E+00  0.000000E+00  0.000000E+00
 3.355000E+02  3.374065E+01  3.057908E+01  1.580784E+00  1.580784E+00  0.000000E+00  0.000000E+00  0.000000E+00
 3.360000E+02  3.376561E+01  3.060317E+01  1.581217E+00  1.581217E+00  0.000000E+00  0.000000E+00  0.000000E+00
 3.365000E+02  3.379053E+01  3.062722E+01  1.581656E+00  1.581656E+00  0.000000E+00  0.000000E+00  0.000000E+00
 3.370000E+02  3.381541E+01  3.065121E+01  1.582103E+00  1.582103E+00  0.000000E+00  0.000000E+00  0.000000E+00
 3.375000E+02  3.384026E+01  3.067515E+01  1.582557E+00  1.582557E+00  0.000000E+00  0.000000E+00  0.000000E+00
 3.380000E+02  3.386507E+01  3.069904E+01  1.583018E+00  1.583018E+00  0.000000E+00  0.000000E+00  0.000000E+00
 3.385000E+02  3.388985E+01  3.072287E+01  1.583488E+00  1.583488E+00  0.000000E+00  0.000000E+00  0.000000E+00
 3.390000E+02  3.391459E+01  3.074666E+01  1.583964E+00  1.583964E+00  0.000000E+00  0.000000E+00  0.000000E+00
 3.395000E+02  3.393929E+01  3.077039E+01  1.584449E+00  1.584449E+00  0.000000E+00  0.000000E+00  0.000000E+00
 3.400000E+02  3.396395E+01  3.079407E+01  1.584942E+00  1.584942E+00  0.000000E+00  0.000000E+00  0.000000E+00
 3.405000E+02  3.398858E+01  3.081770E+01  1.585442E+00  1.585442E+00  0.000000E+00  0.000000E+00  0.000000E+00
 3.410000E+02  3.401317E+01  3.084127E+01  1.585951E+00  1.585951E+00  0.000000E+00  0.000000E+00  0.000000E+00
 3.415000E+02  3.403773E+01  3.086479E+01  1.586468E+00  1.586468E+00  0.000000E+00  0.000000E+00  0.000000E+00
 3.420000E+02  3.406224E+01  3.088826E+01  1.586993E+00  1.586993E+00  0.000000E+00  0.000000E+00  0.000000E+00
 3.425000E+02  3.408673E+01  3.091167E+01  1.587527E+00  1.587527E+00  0.000000E+00  0.000000E+00  0.000000E+00
 3.430000E+02  3.411117E+01  3.093503E+01  1.588069E+00  1.588069E+00  0.000000E+00  0.000000E+00  0.000000E+00
 3.435000E+02  3.413558E+01  3.095834E+01  1.588619E+00  1.588619E+00  0.000000E+00  0.000000E+00  0.000000E+00
 3.440000E+02  3.415995E+01  3.098160E+01  1.589179E+00  1.589179E+00  0.000000E+00  0.000000E+00  0.000000E+00
 3.445000E+02  3.418429E+01  3.100480E+01  1.589747E+00  1.589747E+00  0.000000E+00  0.000000E+00  0.000000E+00
 3.450000E+02  3.420859E+01  3.102794E+01  1.590324E+00  1.590324E+00  0.000000E+00  0.000000E+00  0.000000E+00
 3.455000E+02  3.423285E+01  3.105103E+01  1.590910E+00  1.590910E+00  0.000000E+00  0.000000E+00  0.000000E+00
 3.460000E+02  3.425708E+01  3.107407E+01  1.591505E+00  1.591505E+00  0.000000E+00  0.000000E+00  0.000000E+00
 3.465000E+02  3.428127E+01  3.109705E+01  1.592110E+00  1.592110E+00  0.000000E+00  0.000000E+00  0.000000E+00
 3.470000E+02  3.430543E+01  3.111998E+01  1.592724E+00  1.592724E+00  0.000000E+00  0.000000E+00  0.000000E+00
 3.475000E+02  3.432954E+01  3.114285E+01  1.593347E+00  1.593347E+00  0.000000E+00  0.000000E+00  0.000000E+00
 3.480000E+02  3.435363E+01  3.116567E+01  1.593980E+00  1.593980E+00  0.000000E+00  0.000000E+00  0.000000E+00
 3.485000E+02  3.437767E+01  3.118843E+01  1.594622E+00  1.594622E+00  0.000000E+00  0.000000E+00  0.000000E+00
 3.490000E+02  3.440168E+01  3.121113E+01  1.595275E+00  1.595275E+00  0.000000E+00  0.000000E+00  0.000000E+00
 3.495000E+02  3.442566E+01  3.123378E+01  1.595937E+00  1.595937E+00  0.000000E+00  0.000000E+00  0.000000E+00
 3.500000E+02  3.444960E+01  3.125638E+01  1.596609E+00  1.596609E+00  0.000000E+00  0.000000E+00  0.000000E+00
 3.505000E+02  3.447350E+01  3.127891E+01  1.597291E+00  1.597291E+00  0.000000E+00  0.000000E+00  0.000000E+00
 3.510000E+02  3.449736E+01  3.130140E+01  1.597984E+00  1.597984E+00  0.000000E+00  0.000000E+00  0.000000E+00
 3.515000E+02  3.452119E+01  3.132382E+01  1.598687E+00  1.598687E+00  0.000000E+00  0.000000E+00  0.000000E+00
 3.520000E+02  3.454499E+01  3.134619E+01  1.599400E+00  1.599400E+00  0.000000E+00  0.000000E+00  0.000000E+00
 3.525000E+02  3.456874E+01  3.136850E+01  1.600124E+00  1.600124E+00  0.000000E+00  0.000000E+00  0.000000E+00
 3.530000E+02  3.459247E+01  3.139075E+01  1.600858E+00  1.600858E+00  0.000000E+00  0.000000E+00  0.000000E+00
 3.535000E+02  3.461615E+01  3.141294E+01  1.601604E+00  1.601604E+00  0.000000E+00  0.000000E+00  0.000000E+00
 3.540000E+02  3.463980E+01  3.143508E+01  1.602360E+00  1.602360E+00  0.000000E+00  0.000000E+00  0.000000E+00
 3.545000E+02  3.466341E+01  3.145716E+01  1.603127E+00  1.603127E+00  0.000000E+00  0.000000E+00  0.000000E+00
 3.550000E+02  3.468699E+01  3.147918E+01  1.603905E+00  1.603905E+00  0.000000E+00  0.000000E+00  0.000000E+00
 3.555000E+02  3.471053E+01  3.150114E+01  1.604695E+00  1.604695E+00  0.000000E+00  0.000000E+00  0.000000E+00
 3.560000E+02  3.473404E+01  3.152304E+01  1.605496E+00  1.605496E+00  0.000000E+00  0.000000E+00  0.000000E+00
 3.565000E+02  3.475750E+01  3.154489E+01  1.606309E+00  1.606309E+00  0.000000E+00  0.000000E+00  0.000000E+00
 3.570000E+02  3.478094E+01  3.156667E+01  1.607133E+00  1.607133E+00  0.000000E+00  0.000000E+00  0.000000E+00
 3.575000E+02  3.480433E+01  3.158840E+01  1.607969E+00  1.607969E+00  0.000000E+00  0.000000E+00  0.000000E+00
 3.580000E+02  3.482769E+01  3.161006E+01  1.608816E+00  1.608816E+00  0.000000E+00  0.000000E+00  0.000000E+00
 3.585000E+02  3.485102E+01  3.163167E+01  1.609676E+00  1.609676E+00  0.000000E+00  0.000000E+00  0.000000E+00
 3.590000E+02  3.487431E+01  3.165321E+01  1.610548E+00  1.610548E+00  0.000000E+00  0.000000E+00  0.000000E+00
 3.595000E+02  3.489756E+01  3.167470E+01  1.611432E+00  1.611432E+00  0.000000E+00  0.000000E+00  0.000000E+00
 3.600000E+02  3.492078E+01  3.169612E+01  1.612328E+00  1.612328E+00  0.000000E+00  0.000000E+00  0.000000E+00
 3.605000E+02  3.494395E+01  3.171748E+01  1.613237E+00  1.613237E+00  0.000000E+00  0.000000E+00  0.000000E+00
 3.610000E+02  3.496710E+01  3.173878E+01  1.614158E+00  1.614158E+00  0.000000E+00  0.000000E+00  0.000000E+00
 3.615000E+02  3.499021E+01  3.176002E+01  1.615092E+00  1.615092E+00  0.000000E+00  0.000000E+00  0.000000E+00
 3.620000E+02  3.501328E+01  3.178120E+01  1.616039E+00  1.616039E+00  0.000000E+00  0.000000E+00  0.000000E+00
 3.625000E+02  3.503631E+01  3.180231E+01  1.616998E+00  1.616998E+00  0.000000E+00  0.000000E+00  0.000000E+00
 3.630000E+02  3.505931E+01  3.182337E+01  1.617971E+00  1.617971E+00  0.000000E+00  0.000000E+00  0.000000E+00
 3.635000E+02  3.508227E+01  3.184436E+01  1.618957E+00  1.618957E+00  0.000000E+00  0.000000E+00  0.000000E+00
 3.640000E+02  3.510520E+01  3.186528E+01  1.619956E+00  1.619956E+00  0.000000E+00  0.000000E+00  0.000000E+00
 3.645000E+02  3.512808E+01  3.188615E+01  1.620968E+00  1.620968E+00  0.000000E+00  0.000000E+00  0.000000E+00
 3.650000E+02  3.515094E+01  3.190695E+01  1.621995E+00  1.621995E+00  0.000000E+00  0.000000E+00  0.000000E+00
 3.655000E+02  3.517375E+01  3.192768E+01  1.623034E+00  1.623034E+00  0.000000E+00  0.000000E+00  0.000000E+00
 3.660000E+02  3.519653E+01  3.194836E+01  1.624088E+00  1.624088E+00  0.000000E+00  0.000000E+00  0.000000E+00
 3.665000E+02  3.521927E+01  3.196896E+01  1.625155E+00  1.625155E+00  0.000000E+00  0.000000E+00  0.000000E+00
 3.670000E+02  3.524198E+01  3.198951E+01  1.626237E+00  1.626237E+00  0.000000E+00  0.000000E+00  0.000000E+00
 3.675000E+02  3.526465E+01  3.200998E+01  1.627332E+00  1.627332E+00  0.000000E+00  0.000000E+00  0.000000E+00
 3.680000E+02  3.528728E+01  3.203040E+01  1.628442E+00  1.628442E+00  0.000000E+00  0.000000E+00  0.000000E+00
 3.685000E+02  3.530988E+01  3.205074E+01  1.629566E+00  1.629566E+00  0.000000E+00  0.000000E+00  0.000000E+00
 3.690000E+02  3.533243E+01  3.207103E+01  1.630705E+00  1.630705E+00  0.000000E+00  0.000000E+00  0.000000E+00
 3.695000E+02  3.535496E+01  3.209124E+01  1.631858E+00  1.631858E+00  0.000000E+00  0.000000E+00  0.000000E+00
 3.700000E+02  3.537744E+01  3.211139E+01  1.633026E+00  1.633026E+00  0.000000E+00  0.000000E+00  0.000000E+00
 3.705000E+02  3.539989E+01  3.213147E+01  1.634209E+00  1.634209E+00  0.000000E+00  0.000000E+00  0.000000E+00
 3.710000E+02  3.542230E+01  3.215149E+01  1.635406E+00  1.635406E+00  0.000000E+00  0.000000E+00  0.000000E+00
 3.715000E+02  3.544467E+01  3.217143E+01  1.636619E+00  1.636619E+00  0.000000E+00  0.000000E+00  0.000000E+00
 3.720000E+02  3.546701E+01  3.219131E+01  1.637847E+00  1.637847E+00  0.000000E+00  0.000000E+00  0.000000E+00
 3.725000E+02  3.548931E+01  3.221112E+01  1.639091E+00  1.639091E+00  0.000000E+00  0.000000E+00  0.000000E+00
 3.730000E+02  3.551157E+01  3.223087E+01  1.640349E+00  1.640349E+00  0.000000E+00  0.000000E+00  0.000000E+00
 3.735000E+02  3.553379E+01  3.225054E+01  1.641624E+00  1.641624E+00  0.000000E+00  0.000000E+00  0.000000E+00
 3.740000E+02  3.555598E+01  3.227015E+01  1.642914E+00  1.642914E+00  0.000000E+00  0.000000E+00  0.000000E+00
 3.745000E+02  3.557812E+01  3.228968E+01  1.644220E+00  1.644220E+00  0.000000E+00  0.000000E+00  0.000000E+00
 3.750000E+02  3.560023E+01  3.230915E+01  1.645541E+00  1.645541E+00  0.000000E+00  0.000000E+00  0.000000E+00
 3.755000E+02  3.562231E+01  3.232855E+01  1.646879E+00  1.646879E+00  0.000000E+00  0.000000E+00  0.000000E+00
 3.760000E+02  3.564434E+01  3.234788E+01  1.648233E+00  1.648233E+00  0.000000E+00  0.000000E+00  0.000000E+00
 3.765000E+02  3.566634E+01  3.236713E+01  1.649603E+00  1.649603E+00  0.000000E+00  0.000000E+00  0.000000E+00
 3.770000E+02  3.568830E+01  3.238632E+01  1.650990E+00  1.650990E+00  0.000000E+00  0.000000E+00  0.000000E+00
 3.775000E+02  3.571022E+01  3.240543E+01  1.652393E+00  1.652393E+00  0.000000E+00  0.000000E+00  0.000000E+00
 3.780000E+02  3.573210E+01  3.242448E+01  1.653812E+00  1.653812E+00  0.000000E+00  0.000000E+00  0.000000E+00
 3.785000E+02  3.575395E+01  3.244345E+01  1.655249E+00  1.655249E+00  0.000000E+00  0.000000E+00  0.000000E+00
 3.790000E+02  3.577575E+01  3.246235E+01  1.656702E+00  1.656702E+00  0.000000E+00  0.000000E+00  0.000000E+00
 3.795000E+02  3.579752E+01  3.248118E+01  1.658172E+00  1.658172E+00  0.000000E+00  0.000000E+00  0.000000E+00
 3.800000E+02  3.581925E+01  3.249993E+01  1.659659E+00  1.659659E+00  0.000000E+00  0.000000E+00  0.000000E+00
 3.805000E+02  3.584094E+01  3.251861E+01  1.661163E+00  1.661163E+00  0.000000E+00  0.000000E+00  0.000000E+00
 3.810000E+02  3.586259E+01  3.253722E+01  1.662684E+00  1.662684E+00  0.000000E+00  0.000000E+00  0.000000E+00
 3.815000E+02  3.588420E+01  3.255576E+01  1.664223E+00  1.664223E+00  0.000000E+00  0.000000E+00  0.000000E+00
 3.820000E+02  3.590578E+01  3.257422E+01  1.665779E+00  1.665779E+00  0.000000E+00  0.000000E+00  0.000000E+00
 3.825000E+02  3.592731E+01  3.259261E+01  1.667353E+00  1.667353E+00  0.000000E+00  0.000000E+00  0.000000E+00
 3.830000E+02  3.594881E+01  3.261092E+01  1.668944E+00  1.668944E+00  0.000000E+00  0.000000E+00  0.000000E+00
 3.835000E+02  3.597026E+01  3.262916E+01  1.670553E+00  1.670553E+00  0.000000E+00  0.000000E+00  0.000000E+00
 3.840000E+02  3.599168E+01  3.264732E+01  1.672180E+00  1.672180E+00  0.000000E+00  0.000000E+00  0.000000E+00
 3.845000E+02  3.601306E+01  3.266541E+01  1.673825E+00  1.673825E+00  0.000000E+00  0.000000E+00  0.000000E+00
 3.850000E+02  3.603440E+01  3.268342E+01  1.675488E+00  1.675488E+00  0.000000E+00  0.000000E+00  0.000000E+00
 3.855000E+02  3.605569E+01  3.270136E+01  1.677169E+00  1.677169E+00  0.000000E+00  0.000000E+00  0.000000E+00
 3.860000E+02  3.607695E+01  3.271922E+01  1.678868E+00  1.678868E+00  0.000000E+00  0.000000E+00  0.000000E+00
 3.865000E+02  3.609817E+01  3.273700E+01  1.680586E+00  1.680586E+00  0.000000E+00  0.000000E+00  0.000000E+00
 3.870000E+02  3.611935E+01  3.275471E+01  1.682322E+00  1.682322E+00  0.000000E+00  0.000000E+00  0.000000E+00
 3.875000E+02  3.614049E+01  3.277233E+01  1.684076E+00  1.684076E+00  0.000000E+00  0.000000E+00  0.000000E+00
 3.880000E+02  3.616158E+01  3.278989E+01  1.685849E+00  1.685849E+00  0.000000E+00  0.000000E+00  0.000000E+00
 3.885000E+02  3.618264E+01  3.280736E+01  1.687641E+00  1.687641E+00  0.000000E+00  0.000000E+00  0.000000E+00
 3.890000E+02  3.620366E+01  3.282476E+01  1.689452E+00  1.689452E+00  0.000000E+00  0.000000E+00  0.000000E+00
 3.895000E+02  3.622463E+01  3.284207E+01  1.691281E+00  1.691281E+00  0.000000E+00  0.000000E+00  0.000000E+00
 3.900000E+02  3.624557E+01  3.285931E+01  1.693129E+00  1.693129E+00  0.000000E+00  0.000000E+00  0.000000E+00
 3.905000E+02  3.626646E+01  3.287647E+01  1.694997E+00  1.694997E+00  0.000000E+00  0.000000E+00  0.000000E+00
 3.910000E+02  3.628732E+01  3.289355E+01  1.696883E+00  1.696883E+00  0.000000E+00  0.000000E+00  0.000000E+00
 3.915000E+02  3.630813E+01  3.291055E+01  1.698788E+00  1.698788E+00  0.000000E+00  0.000000E+00  0.000000E+00
 3.920000E+02  3.632890E+01  3.292747E+01  1.700713E+00  1.700713E+00  0.000000E+00  0.000000E+00  0.000000E+00
 3.925000E+02  3.634963E+01  3.294432E+01  1.702657E+00  1.702657E+00  0.000000E+00  0.000000E+00  0.000000E+00
 3.930000E+02  3.637032E+01  3.296108E+01  1.704620E+00  1.704620E+00  0.000000E+00  0.000000E+00  0.000000E+00
 3.935000E+02  3.639096E+01  3.297776E+01  1.706603E+00  1.706603E+00  0.000000E+00  0.000000E+00  0.000000E+00
 3.940000E+02  3.641157E+01  3.299436E+01  1.708605E+00  1.708605E+00  0.000000E+00  0.000000E+00  0.000000E+00
 3.945000E+02  3.643213E+01  3.301088E+01  1.710627E+00  1.710627E+00  0.000000E+00  0.000000E+00  0.000000E+00
 3.950000E+02  3.645265E+01  3.302732E+01  1.712668E+00  1.712668E+00  0.000000E+00  0.000000E+00  0.000000E+00
 3.955000E+02  3.647313E+01  3.304367E+01  1.714729E+00  1.714729E+00  0.000000E+00  0.000000E+00  0.000000E+00
 3.960000E+02  3.649357E+01  3.305995E+01  1.716810E+00  1.716810E+00  0.000000E+00  0.000000E+00  0.000000E+00
 3.965000E+02  3.651396E+01  3.307614E+01  1.718911E+00  1.718911E+00  0.000000E+00  0.000000E+00  0.000000E+00
 3.970000E+02  3.653431E+01  3.309225E+01  1.721031E+00  1.721031E+00  0.000000E+00  0.000000E+00  0.000000E+00
 3.975000E+02  3.655462E+01  3.310828E+01  1.723171E+00  1.723171E+00  0.000000E+00  0.000000E+00  0.000000E+00
 3.980000E+02  3.657488E+01  3.312422E+01  1.725331E+00  1.725331E+00  0.000000E+00  0.000000E+00  0.000000E+00
 3.985000E+02  3.659511E+01  3.314008E+01  1.727511E+00  1.727511E+00  0.000000E+00  0.000000E+00  0.000000E+00
 3.990000E+02  3.661528E+01  3.315586E+01  1.729711E+00  1.729711E+00  0.000000E+00  0.000000E+00  0.000000E+00
 3.995000E+02  3.663542E+01  3.317156E+01  1.731931E+00  1.731931E+00  0.000000E+00  0.000000E+00  0.000000E+00
 4.000000E+02  3.665551E+01  3.318717E+01  1.734171E+00  1.734171E+00  0.000000E+00  0.000000E+00  0.000000E+00
 4.005000E+02  3.667556E+01  3.320270E+01  1.736432E+00  1.736432E+00  0.000000E+00  0.000000E+00  0.000000E+00
 4.010000E+02  3.669557E+01  3.321814E+01  1.738712E+00  1.738712E+00  0.000000E+00  0.000000E+00  0.000000E+00
 4.015000E+02  3.671553E+01  3.323350E+01  1.741012E+00  1.741012E+00  0.000000E+00  0.000000E+00  0.000000E+00
 4.020000E+02  3.673544E+01  3.324878E+01  1.743333E+00  1.743333E+00  0.000000E+00  0.000000E+00  0.000000E+00
 4.025000E+02  3.675532E+01  3.326397E+01  1.745674E+00  1.745674E+00  0.000000E+00  0.000000E+00  0.000000E+00
 4.030000E+02  3.677515E+01  3.327908E+01  1.748034E+00  1.748034E+00  0.000000E+00  0.000000E+00  0.000000E+00
 4.035000E+02  3.679493E+01  3.329410E+01  1.750416E+00  1.750416E+00  0.000000E+00  0.000000E+00  0.000000E+00
 4.040000E+02  3.681467E+01  3.330904E+01  1.752817E+00  1.752817E+00  0.000000E+00  0.000000E+00  0.000000E+00
 4.045000E+02  3.683436E+01  3.332389E+01  1.755239E+00  1.755239E+00  0.000000E+00  0.000000E+00  0.000000E+00
 4.050000E+02  3.685401E+01  3.333865E+01  1.757680E+00  1.757680E+00  0.000000E+00  0.000000E+00  0.000000E+00
 4.055000E+02  3.687362E+01  3.335334E+01  1.760142E+00  1.760142E+00  0.000000E+00  0.000000E+00  0.000000E+00
 4.060000E+02  3.689318E+01  3.336793E+01  1.762625E+00  1.762625E+00  0.000000E+00  0.000000E+00  0.000000E+00
 4.065000E+02  3.691269E+01  3.338244E+01  1.765127E+00  1.765127E+00  0.000000E+00  0.000000E+00  0.000000E+00
 4.070000E+02  3.693216E+01  3.339686E+01  1.767650E+00  1.767650E+00  0.000000E+00  0.000000E+00  0.000000E+00
 4.075000E+02  3.695159E+01  3.341120E+01  1.770193E+00  1.770193E+00  0.000000E+00  0.000000E+00  0.000000E+00
 4.080000E+02  3.697097E+01  3.342546E+01  1.772756E+00  1.772756E+00  0.000000E+00  0.000000E+00  0.000000E+00
 4.085000E+02  3.699030E+01  3.343962E+01  1.775339E+00  1.775339E+00  0.000000E+00  0.000000E+00  0.000000E+00
 4.090000E+02  3.700959E+01  3.345370E+01  1.777942E+00  1.777942E+00  0.000000E+00  0.000000E+00  0.000000E+00
 4.095000E+02  3.702883E+01  3.346770E+01  1.780565E+00  1.780565E+00  0.000000E+00  0.000000E+00  0.000000E+00
 4.100000E+02  3.704802E+01  3.348160E+01  1.783209E+00  1.783209E+00  0.000000E+00  0.000000E+00  0.000000E+00
 4.105000E+02  3.706717E+01  3.349542E+01  1.785872E+00  1.785872E+00  0.000000E+00  0.000000E+00  0.000000E+00
 4.110000E+02  3.708627E+01  3.350916E+01  1.788556E+00  1.788556E+00  0.000000E+00  0.000000E+00  0.000000E+00
 4.115000E+02  3.710533E+01  3.352281E+01  1.791259E+00  1.791259E+00  0.000000E+00  0.000000E+00  0.000000E+00
 4.120000E+02  3.712433E+01  3.353637E+01  1.793983E+00  1.793983E+00  0.000000E+00  0.000000E+00  0.000000E+00
 4.125000E+02  3.714330E+01  3.354984E+01  1.796726E+00  1.796726E+00  0.000000E+00  0.000000E+00  0.000000E+00
 4.130000E+02  3.716221E+01  3.356323E+01  1.799489E+00  1.799489E+00  0.000000E+00  0.000000E+00  0.000000E+00
 4.135000E+02  3.718108E+01  3.357653E+01  1.802272E+00  1.802272E+00  0.000000E+00  0.000000E+00  0.000000E+00
 4.140000E+02  3.719990E+01  3.358975E+01  1.805074E+00  1.805074E+00  0.000000E+00  0.000000E+00  0.000000E+00
 4.145000E+02  3.721867E+01  3.360288E+01  1.807896E+00  1.807896E+00  0.000000E+00  0.000000E+00  0.000000E+00
 4.150000E+02  3.723740E+01  3.361592E+01  1.810738E+00  1.810738E+00  0.000000E+00  0.000000E+00  0.000000E+00
 4.155000E+02  3.725608E+01  3.362888E+01  1.813599E+00  1.813599E+00  0.000000E+00  0.000000E+00  0.000000E+00
 4.160000E+02  3.727471E+01  3.364175E+01  1.816479E+00  1.816479E+00  0.000000E+00  0.000000E+00  0.000000E+00
 4.165000E+02  3.729329E+01  3.365453E+01  1.819379E+00  1.819379E+00  0.000000E+00  0.000000E+00  0.000000E+00
 4.170000E+02  3.731182E+01  3.366723E+01  1.822298E+00  1.822298E+00  0.000000E+00  0.000000E+00  0.000000E+00
 4.175000E+02  3.733031E+01  3.367984E+01  1.825236E+00  1.825236E+00  0.000000E+00  0.000000E+00  0.000000E+00
 4.180000E+02  3.734875E+01  3.369236E+01  1.828194E+00  1.828194E+00  0.000000E+00  0.000000E+00  0.000000E+00
 4.185000E+02  3.736714E+01  3.370480E+01  1.831170E+00  1.831170E+00  0.000000E+00  0.000000E+00  0.000000E+00
 4.190000E+02  3.738548E+01  3.371715E+01  1.834165E+00  1.834165E+00  0.000000E+00  0.000000E+00  0.000000E+00
 4.195000E+02  3.740378E+01  3.372942E+01  1.837179E+00  1.837179E+00  0.000000E+00  0.000000E+00  0.000000E+00
 4.200000E+02  3.742202E+01  3.374160E+01  1.840211E+00  1.840211E+00  0.000000E+00  0.000000E+00  0.000000E+00
 4.205000E+02  3.744022E+01  3.375369E+01  1.843263E+00  1.843263E+00  0.000000E+00  0.000000E+00  0.000000E+00
 4.210000E+02  3.745837E+01  3.376570E+01  1.846332E+00  1.846332E+00  0.000000E+00  0.000000E+00  0.000000E+00
 4.215000E+02  3.747647E+01  3.377763E+01  1.849420E+00  1.849420E+00  0.000000E+00  0.000000E+00  0.000000E+00
 4.220000E+02  3.749452E+01  3.378947E+01  1.852526E+00  1.852526E+00  0.000000E+00  0.000000E+00  0.000000E+00
 4.225000E+02  3.751252E+01  3.380122E+01  1.855650E+00  1.855650E+00  0.000000E+00  0.000000E+00  0.000000E+00
 4.230000E+02  3.753047E+01  3.381289E+01  1.858792E+00  1.858792E+00  0.000000E+00  0.000000E+00  0.000000E+00
 4.235000E+02  2.583966E+01  1.008332E+00  1.241566E+01  1.241566E+01  0.000000E+00  0.000000E+00  0.000000E+00
 4.240000E+02  2.584299E+01  1.011045E+00  1.241597E+01  1.241597E+01  0.000000E+00  0.000000E+00  0.000000E+00
 4.245000E+02  2.584633E+01  1.013774E+00  1.241628E+01  1.241628E+01  0.000000E+00  0.000000E+00  0.000000E+00
 4.250000E+02  2.584968E+01  1.016519E+00  1.241658E+01  1.241658E+01  0.000000E+00  0.000000E+00  0.000000E+00
 4.255000E+02  2.585305E+01  1.019279E+00  1.241688E+01  1.241688E+01  0.000000E+00  0.000000E+00  0.000000E+00
 4.260000E+02  2.585642E+01  1.022054E+00  1.241718E+01  1.241718E+01  0.000000E+00  0.000000E+00  0.000000E+00
 4.265000E+02  2.585980E+01  1.024845E+00  1.241748E+01  1.241748E+01  0.000000E+00  0.000000E+00  0.000000E+00
 4.270000E+02  2.586320E+01  1.027650E+00  1.241777E+01  1.241777E+01  0.000000E+00  0.000000E+00  0.000000E+00
 4.275000E+02  2.586660E+01  1.030471E+00  1.241807E+01  1.241807E+01  0.000000E+00  0.000000E+00  0.000000E+00
 4.280000E+02  2.587002E+01  1.033306E+00  1.241835E+01  1.241835E+01  0.000000E+00  0.000000E+00  0.000000E+00
 4.285000E+02  2.587344E+01  1.036157E+00  1.241864E+01  1.241864E+01  0.000000E+00  0.000000E+00  0.000000E+00
 4.290000E+02  2.587687E+01  1.039022E+00  1.241893E+01  1.241893E+01  0.000000E+00  0.000000E+00  0.000000E+00
 4.295000E+02  2.588032E+01  1.041901E+00  1.241921E+01  1.241921E+01  0.000000E+00  0.000000E+00  0.000000E+00
 4.300000E+02  2.588377E+01  1.044795E+00  1.241949E+01  1.241949E+01  0.000000E+00  0.000000E+00  0.000000E+00
 4.305000E+02  2.588724E+01  1.047703E+00  1.241977E+01  1.241977E+01  0.000000E+00  0.000000E+00  0.000000E+00
 4.310000E+02  2.589071E+01  1.050626E+00  1.242004E+01  1.242004E+01  0.000000E+00  0.000000E+00  0.000000E+00
 4.315000E+02  2.589419E+01  1.053562E+00  1.242031E+01  1.242031E+01  0.000000E+00  0.000000E+00  0.000000E+00
 4.320000E+02  2.589768E+01  1.056513E+00  1.242059E+01  1.242059E+01  0.000000E+00  0.000000E+00  0.000000E+00
 4.325000E+02  2.590119E+01  1.059478E+00  1.242085E+01  1.242085E+01  0.000000E+00  0.000000E+00  0.000000E+00
 4.330000E+02  2.590470E+01  1.062456E+00  1.242112E+01  1.242112E+01  0.000000E+00  0.000000E+00  0.000000E+00
 4.335000E+02  2.590822E+01  1.065448E+00  1.242139E+01  1.242139E+01  0.000000E+00  0.000000E+00  0.000000E+00
 4.340000E+02  2.591175E+01  1.068454E+00  1.242165E+01  1.242165E+01  0.000000E+00  0.000000E+00  0.000000E+00
 4.345000E+02  2.591529E+01  1.071474E+00  1.242191E+01  1.242191E+01  0.000000E+00  0.000000E+00  0.000000E+00
 4.350000E+02  2.591884E+01  1.074507E+00  1.242217E+01  1.242217E+01  0.000000E+00  0.000000E+00  0.000000E+00
 4.355000E+02  2.592240E+01  1.077553E+00  1.242242E+01  1.242242E+01  0.000000E+00  0.000000E+00  0.000000E+00
 4.360000E+02  2.592597E+01  1.080612E+00  1.242268E+01  1.242268E+01  0.000000E+00  0.000000E+00  0.000000E+00
 4.365000E+02  2.592954E+01  1.083685E+00  1.242293E+01  1.242293E+01  0.000000E+00  0.000000E+00  0.000000E+00
 4.370000E+02  2.593313E+01  1.086771E+00  1.242318E+01  1.242318E+01  0.000000E+00  0.000000E+00  0.000000E+00
 4.375000E+02  2.593672E+01  1.089869E+00  1.242343E+01  1.242343E+01  0.000000E+00  0.000000E+00  0.000000E+00
 4.380000E+02  2.594033E+01  1.092981E+00  1.242367E+01  1.242367E+01  0.000000E+00  0.000000E+00  0.000000E+00
 4.385000E+02  2.594394E+01  1.096106E+00  1.242392E+01  1.242392E+01  0.000000E+00  0.000000E+00  0.000000E+00
 4.390000E+02  2.594756E+01  1.099243E+00  1.242416E+01  1.242416E+01  0.000000E+00  0.000000E+00  0.000000E+00
 4.395000E+02  2.595119E+01  1.102393E+00  1.242440E+01  1.242440E+01  0.000000E+00  0.000000E+00  0.000000E+00
 4.400000E+02  2.595483E+01  1.105555E+00  1.242464E+01  1.242464E+01  0.000000E+00  0.000000E+00  0.000000E+00
 4.405000E+02  2.595848E+01  1.108730E+00  1.242488E+01  1.242488E+01  0.000000E+00  0.000000E+00  0.000000E+00
 4.410000E+02  2.596214E+01  1.111917E+00  1.242511E+01  1.242511E+01  0.000000E+00  0.000000E+00  0.000000E+00
 4.415000E+02  2.596581E+01  1.115117E+00  1.242534E+01  1.242534E+01  0.000000E+00  0.000000E+00  0.000000E+00
 4.420000E+02  2.596948E+01  1.118329E+00  1.242558E+01  1.242558E+01  0.000000E+00  0.000000E+00  0.000000E+00
 4.425000E+02  2.597316E+01  1.121553E+00  1.242581E+01  1.242581E+01  0.000000E+00  0.000000E+00  0.000000E+00
 4.430000E+02  2.597686E+01  1.124789E+00  1.242603E+01  1.242603E+01  0.000000E+00  0.000000E+00  0.000000E+00
 4.435000E+02  2.598056E+01  1.128037E+00  1.242626E+01  1.242626E+01  0.000000E+00  0.000000E+00  0.000000E+00
 4.440000E+02  2.598426E+01  1.131297E+00  1.242648E+01  1.242648E+01  0.000000E+00  0.000000E+00  0.000000E+00
 4.445000E+02  2.598798E+01  1.134568E+00  1.242671E+01  1.242671E+01  0.000000E+00  0.000000E+00  0.000000E+00
 4.450000E+02  2.599171E+01  1.137852E+00  1.242693E+01  1.242693E+01  0.000000E+00  0.000000E+00  0.000000E+00
 4.455000E+02  2.599544E+01  1.141147E+00  1.242715E+01  1.242715E+01  0.000000E+00  0.000000E+00  0.000000E+00
 4.460000E+02  2.599918E+01  1.144454E+00  1.242736E+01  1.242736E+01  0.000000E+00  0.000000E+00  0.000000E+00
 4.465000E+02  2.600293E+01  1.147772E+00  1.242758E+01  1.242758E+01  0.000000E+00  0.000000E+00  0.000000E+00
 4.470000E+02  2.600669E+01  1.151102E+00  1.242780E+01  1.242780E+01  0.000000E+00  0.000000E+00  0.000000E+00
 4.475000E+02  2.601046E+01  1.154443E+00  1.242801E+01  1.242801E+01  0.000000E+00  0.000000E+00  0.000000E+00
 4.480000E+02  2.601423E+01  1.157795E+00  1.242822E+01  1.242822E+01  0.000000E+00  0.000000E+00  0.000000E+00
 4.485000E+02  2.601802E+01  1.161159E+00  1.242843E+01  1.242843E+01  0.000000E+00  0.000000E+00  0.000000E+00
 4.490000E+02  2.602181E+01  1.164534E+00  1.242864E+01  1.242864E+01  0.000000E+00  0.000000E+00  0.000000E+00
 4.495000E+02  2.602561E+01  1.167919E+00  1.242884E+01  1.242884E+01  0.000000E+00  0.000000E+00  0.000000E+00
 4.500000E+02  2.602941E+01  1.171316E+00  1.242905E+01  1.242905E+01  0.000000E+00  0.000000E+00  0.000000E+00
 4.505000E+02  2.603323E+01  1.174724E+00  1.242925E+01  1.242925E+01  0.000000E+00  0.000000E+00  0.000000E+00
 4.510000E+02  2.603705E+01  1.178143E+00  1.242945E+01  1.242945E+01  0.000000E+00  0.000000E+00  0.000000E+00
 4.515000E+02  2.604088E+01  1.181572E+00  1.242965E+01  1.242965E+01  0.000000E+00  0.000000E+00  0.000000E+00
 4.520000E+02  2.604472E+01  1.185012E+00  1.242985E+01  1.242985E+01  0.000000E+00  0.000000E+00  0.000000E+00
 4.525000E+02  2.604856E+01  1.188463E+00  1.243005E+01  1.243005E+01  0.000000E+00  0.000000E+00  0.000000E+00
 4.530000E+02  2.605242E+01  1.191925E+00  1.243025E+01  1.243025E+01  0.000000E+00  0.000000E+00  0.000000E+00
 4.535000E+02  2.605628E+01  1.195396E+00  1.243044E+01  1.243044E+01  0.000000E+00  0.000000E+00  0.000000E+00
 4.540000E+02  2.606015E+01  1.198879E+00  1.243063E+01  1.243063E+01  0.000000E+00  0.000000E+00  0.000000E+00
 4.545000E+02  2.606402E+01  1.202372E+00  1.243083E+01  1.243083E+01  0.000000E+00  0.000000E+00  0.000000E+00
 4.550000E+02  2.606791E+01  1.205875E+00  1.243102E+01  1.243102E+01  0.000000E+00  0.000000E+00  0.000000E+00
 4.555000E+02  2.607180E+01  1.209388E+00  1.243121E+01  1.243121E+01  0.000000E+00  0.000000E+00  0.000000E+00
 4.560000E+02  2.607570E+01  1.212912E+00  1.243139E+01  1.243139E+01  0.000000E+00  0.000000E+00  0.000000E+00
 4.565000E+02  2.607961E+01  1.216445E+00  1.243158E+01  1.243158E+01  0.000000E+00  0.000000E+00  0.000000E+00
 4.570000E+02  2.608352E+01  1.219989E+00  1.243176E+01  1.243176E+01  0.000000E+00  0.000000E+00  0.000000E+00
 4.575000E+02  2.608744E+01  1.223543E+00  1.243195E+01  1.243195E+01  0.000000E+00  0.000000E+00  0.000000E+00
 4.580000E+02  2.609137E+01  1.227107E+00  1.243213E+01  1.243213E+01  0.000000E+00  0.000000E+00  0.000000E+00
 4.585000E+02  2.609530E+01  1.230680E+00  1.243231E+01  1.243231E+01  0.000000E+00  0.000000E+00  0.000000E+00
 4.590000E+02  2.609925E+01  1.234264E+00  1.243249E+01  1.243249E+01  0.000000E+00  0.000000E+00  0.000000E+00
 4.595000E+02  2.610320E+01  1.237857E+00  1.243267E+01  1.243267E+01  0.000000E+00  0.000000E+00  0.000000E+00
 4.600000E+02  2.610715E+01  1.241460E+00  1.243285E+01  1.243285E+01  0.000000E+00  0.000000E+00  0.000000E+00
 4.605000E+02  2.611112E+01  1.245072E+00  1.243302E+01  1.243302E+01  0.000000E+00  0.000000E+00  0.000000E+00
 4.610000E+02  2.611509E+01  1.248694E+00  1.243320E+01  1.243320E+01  0.000000E+00  0.000000E+00  0.000000E+00
 4.615000E+02  2.611907E+01  1.252326E+00  1.243337E+01  1.243337E+01  0.000000E+00  0.000000E+00  0.000000E+00
 4.620000E+02  2.612305E+01  1.255967E+00  1.243354E+01  1.243354E+01  0.000000E+00  0.000000E+00  0.000000E+00
 4.625000E+02  2.612705E+01  1.259618E+00  1.243371E+01  1.243371E+01  0.000000E+00  0.000000E+00  0.000000E+00
 4.630000E+02  2.613105E+01  1.263277E+00  1.243388E+01  1.243388E+01  0.000000E+00  0.000000E+00  0.000000E+00
 4.635000E+02  2.613505E+01  1.266947E+00  1.243405E+01  1.243405E+01  0.000000E+00  0.000000E+00  0.000000E+00
 4.640000E+02  2.613907E+01  1.270625E+00  1.243422E+01  1.243422E+01  0.000000E+00  0.000000E+00  0.000000E+00
 4.645000E+02  2.614309E+01  1.274312E+00  1.243439E+01  1.243439E+01  0.000000E+00  0.000000E+00  0.000000E+00
 4.650000E+02  2.614711E+01  1.278009E+00  1.243455E+01  1.243455E+01  0.000000E+00  0.000000E+00  0.000000E+00
 4.655000E+02  2.615115E+01  1.281715E+00  1.243472E+01  1.243472E+01  0.000000E+00  0.000000E+00  0.000000E+00
 4.660000E+02  2.615519E+01  1.285430E+00  1.243488E+01  1.243488E+01  0.000000E+00  0.000000E+00  0.000000E+00
 4.665000E+02  2.615923E+01  1.289153E+00  1.243504E+01  1.243504E+01  0.000000E+00  0.000000E+00  0.000000E+00
 4.670000E+02  2.616329E+01  1.292886E+00  1.243520E+01  1.243520E+01  0.000000E+00  0.000000E+00  0.000000E+00
 4.675000E+02  2.616735E+01  1.296627E+00  1.243536E+01  1.243536E+01  0.000000E+00  0.000000E+00  0.000000E+00
 4.680000E+02  2.617141E+01  1.300378E+00  1.243552E+01  1.243552E+01  0.000000E+00  0.000000E+00  0.000000E+00
 4.685000E+02  2.617549E+01  1.304137E+00  1.243568E+01  1.243568E+01  0.000000E+00  0.000000E+00  0.000000E+00
 4.690000E+02  2.617957E+01  1.307904E+00  1.243583E+01  1.243583E+01  0.000000E+00  0.000000E+00  0.000000E+00
 4.695000E+02  2.618365E+01  1.311681E+00  1.243599E+01  1.243599E+01  0.000000E+00  0.000000E+00  0.000000E+00
 4.700000E+02  2.618775E+01  1.315465E+00  1.243614E+01  1.243614E+01  0.000000E+00  0.000000E+00  0.000000E+00
 4.705000E+02  2.619185E+01  1.319259E+00  1.243629E+01  1.243629E+01  0.000000E+00  0.000000E+00  0.000000E+00
 4.710000E+02  2.619595E+01  1.323061E+00  1.243645E+01  1.243645E+01  0.000000E+00  0.000000E+00  0.000000E+00
 4.715000E+02  2.620007E+01  1.326871E+00  1.243660E+01  1.243660E+01  0.000000E+00  0.000000E+00  0.000000E+00
 4.720000E+02  2.620418E+01  1.330690E+00  1.243675E+01  1.243675E+01  0.000000E+00  0.000000E+00  0.000000E+00
 4.725000E+02  2.620831E+01  1.334517E+00  1.243690E+01  1.243690E+01  0.000000E+00  0.000000E+00  0.000000E+00
 4.730000E+02  2.621244E+01  1.338352E+00  1.243704E+01  1.243704E+01  0.000000E+00  0.000000E+00  0.000000E+00
 4.735000E+02  2.621658E+01  1.342196E+00  1.243719E+01  1.243719E+01  0.000000E+00  0.000000E+00  0.000000E+00
 4.740000E+02  2.622072E+01  1.346048E+00  1.243734E+01  1.243734E+01  0.000000E+00  0.000000E+00  0.000000E+00
 4.745000E+02  2.622487E+01  1.349908E+00  1.243748E+01  1.243748E+01  0.000000E+00  0.000000E+00  0.000000E+00
 4.750000E+02  2.622903E+01  1.353776E+00  1.243763E+01  1.243763E+01  0.000000E+00  0.000000E+00  0.000000E+00
 4.755000E+02  2.623319E+01  1.357652E+00  1.243777E+01  1.243777E+01  0.000000E+00  0.000000E+00  0.000000E+00
 4.760000E+02  2.623736E+01  1.361536E+00  1.243791E+01  1.243791E+01  0.000000E+00  0.000000E+00  0.000000E+00
 4.765000E+02  2.624153E+01  1.365428E+00  1.243805E+01  1.243805E+01  0.000000E+00  0.000000E+00  0.000000E+00
 4.770000E+02  2.624571E+01  1.369328E+00  1.243819E+01  1.243819E+01  0.000000E+00  0.000000E+00  0.000000E+00
 4.775000E+02  2.624990E+01  1.373235E+00  1.243833E+01  1.243833E+01  0.000000E+00  0.000000E+00  0.000000E+00
 4.780000E+02  2.625409E+01  1.377151E+00  1.243847E+01  1.243847E+01  0.000000E+00  0.000000E+00  0.000000E+00
 4.785000E+02  2.625829E+01  1.381074E+00  1.243861E+01  1.243861E+01  0.000000E+00  0.000000E+00  0.000000E+00
 4.790000E+02  2.626249E+01  1.385005E+00  1.243874E+01  1.243874E+01  0.000000E+00  0.000000E+00  0.000000E+00
 4.795000E+02  2.626670E+01  1.388944E+00  1.243888E+01  1.243888E+01  0.000000E+00  0.000000E+00  0.000000E+00
 4.800000E+02  2.627092E+01  1.392890E+00  1.243901E+01  1.243901E+01  0.000000E+00  0.000000E+00  0.000000E+00
 4.805000E+02  2.627514E+01  1.396844E+00  1.243915E+01  1.243915E+01  0.000000E+00  0.000000E+00  0.000000E+00
 4.810000E+02  2.627937E+01  1.400806E+00  1.243928E+01  1.243928E+01  0.000000E+00  0.000000E+00  0.000000E+00
 4.815000E+02  2.628360E+01  1.404775E+00  1.243941E+01  1.243941E+01  0.000000E+00  0.000000E+00  0.000000E+00
 4.820000E+02  2.628784E+01  1.408751E+00  1.243954E+01  1.243954E+01  0.000000E+00  0.000000E+00  0.000000E+00
 4.825000E+02  2.629208E+01  1.412735E+00  1.243967E+01  1.243967E+01  0.000000E+00  0.000000E+00  0.000000E+00
 4.830000E+02  2.629633E+01  1.416726E+00  1.243980E+01  1.243980E+01  0.000000E+00  0.000000E+00  0.000000E+00
 4.835000E+02  2.630059E+01  1.420725E+00  1.243993E+01  1.243993E+01  0.000000E+00  0.000000E+00  0.000000E+00
 4.840000E+02  2.630485E+01  1.424731E+00  1.244006E+01  1.244006E+01  0.000000E+00  0.000000E+00  0.000000E+00
 4.845000E+02  2.630912E+01  1.428744E+00  1.244019E+01  1.244019E+01  0.000000E+00  0.000000E+00  0.000000E+00
 4.850000E+02  2.631339E+01  1.432764E+00  1.244031E+01  1.244031E+01  0.000000E+00  0.000000E+00  0.000000E+00
 4.855000E+02  2.631767E+01  1.436791E+00  1.244044E+01  1.244044E+01  0.000000E+00  0.000000E+00  0.000000E+00
 4.860000E+02  2.632195E+01  1.440826E+00  1.244056E+01  1.244056E+01  0.000000E+00  0.000000E+00  0.000000E+00
 4.865000E+02  2.632624E+01  1.444867E+00  1.244069E+01  1.244069E+01  0.000000E+00  0.000000E+00  0.000000E+00
 4.870000E+02  2.633053E+01  1.448916E+00  1.244081E+01  1.244081E+01  0.000000E+00  0.000000E+00  0.000000E+00
 4.875000E+02  2.633483E+01  1.452972E+00  1.244093E+01  1.244093E+01  0.000000E+00  0.000000E+00  0.000000E+00
 4.880000E+02  2.633914E+01  1.457034E+00  1.244105E+01  1.244105E+01  0.000000E+00  0.000000E+00  0.000000E+00
 4.885000E+02  2.634345E+01  1.461104E+00  1.244117E+01  1.244117E+01  0.000000E+00  0.000000E+00  0.000000E+00
 4.890000E+02  2.634777E+01  1.465180E+00  1.244129E+01  1.244129E+01  0.000000E+00  0.000000E+00  0.000000E+00
 4.895000E+02  2.635209E+01  1.469263E+00  1.244141E+01  1.244141E+01  0.000000E+00  0.000000E+00  0.000000E+00
 4.900000E+02  2.635641E+01  1.473353E+00  1.244153E+01  1.244153E+01  0.000000E+00  0.000000E+00  0.000000E+00
 4.905000E+02  2.636075E+01  1.477450E+00  1.244165E+01  1.244165E+01  0.000000E+00  0.000000E+00  0.000000E+00
 4.910000E+02  2.636508E+01  1.481554E+00  1.244176E+01  1.244176E+01  0.000000E+00  0.000000E+00  0.000000E+00
 4.915000E+02  2.636943E+01  1.485664E+00  1.244188E+01  1.244188E+01  0.000000E+00  0.000000E+00  0.000000E+00
 4.920000E+02  2.637377E+01  1.489781E+00  1.244200E+01  1.244200E+01  0.000000E+00  0.000000E+00  0.000000E+00
 4.925000E+02  2.637813E+01  1.493904E+00  1.244211E+01  1.244211E+01  0.000000E+00  0.000000E+00  0.000000E+00
 4.930000E+02  2.638248E+01  1.498034E+00  1.244222E+01  1.244222E+01  0.000000E+00  0.000000E+00  0.000000E+00
 4.935000E+02  2.638685E+01  1.502170E+00  1.244234E+01  1.244234E+01  0.000000E+00  0.000000E+00  0.000000E+00
 4.940000E+02  2.639121E+01  1.506314E+00  1.244245E+01  1.244245E+01  0.000000E+00  0.000000E+00  0.000000E+00
 4.945000E+02  2.639559E+01  1.510463E+00  1.244256E+01  1.244256E+01  0.000000E+00  0.000000E+00  0.000000E+00
 4.950000E+02  2.639997E+01  1.514619E+00  1.244267E+01  1.244267E+01  0.000000E+00  0.000000E+00  0.000000E+00
 4.955000E+02  2.640435E+01  1.518781E+00  1.244278E+01  1.244278E+01  0.000000E+00  0.000000E+00  0.000000E+00
 4.960000E+02  2.640874E+01  1.522950E+00  1.244289E+01  1.244289E+01  0.000000E+00  0.000000E+00  0.000000E+00
 4.965000E+02  2.641313E+01  1.527125E+00  1.244300E+01  1.244300E+01  0.000000E+00  0.000000E+00  0.000000E+00
 4.970000E+02  2.641753E+01  1.531306E+00  1.244311E+01  1.244311E+01  0.000000E+00  0.000000E+00  0.000000E+00
 4.975000E+02  2.642193E+01  1.535494E+00  1.244322E+01  1.244322E+01  0.000000E+00  0.000000E+00  0.000000E+00
 4.980000E+02  2.642634E+01  1.539687E+00  1.244333E+01  1.244333E+01  0.000000E+00  0.000000E+00  0.000000E+00
 4.985000E+02  2.643075E+01  1.543887E+00  1.244343E+01  1.244343E+01  0.000000E+00  0.000000E+00  0.000000E+00
 4.990000E+02  2.643517E+01  1.548093E+00  1.244354E+01  1.244354E+01  0.000000E+00  0.000000E+00  0.000000E+00
 4.995000E+02  2.643959E+01  1.552305E+00  1.244364E+01  1.244364E+01  0.000000E+00  0.000000E+00  0.000000E+00
 5.000000E+02  2.644402E+01  1.556524E+00  1.244375E+01  1.244375E+01  0.000000E+00  0.000000E+00  0.000000E+00
