# T/K; S/J*K^-1
#           T           tot           vib           rot         trans          elec            mf          indi
 2.000000E+02  4.355204E+01  1.974636E+01  1.343607E+01  6.407625E+01  0.000000E+00  0.000000E+00 -5.370665E+01
 2.005000E+02  4.361787E+01  1.980173E+01  1.343997E+01  6.408281E+01  0.000000E+00  0.000000E+00 -5.370665E+01
 2.010000E+02  4.368362E+01  1.985705E+01  1.344385E+01  6.408936E+01  0.000000E+00  0.000000E+00 -5.370664E+01
 2.015000E+02  4.374932E+01  1.991233E+01  1.344773E+01  6.409589E+01  0.000000E+00  0.000000E+00 -5.370664E+01
 2.020000E+02  4.381494E+01  1.996758E+01  1.345160E+01  6.410241E+01  0.000000E+00  0.000000E+00 -5.370664E+01
 2.025000E+02  4.388050E+01  2.002278E+01  1.345546E+01  6.410891E+01  0.000000E+00  0.000000E+00 -5.370664E+01
 2.030000E+02  4.394600E+01  2.007794E+01  1.345930E+01  6.411539E+01  0.000000E+00  0.000000E+00 -5.370664E+01
 2.035000E+02  4.401143E+01  2.013306E+01  1.346314E+01  6.412186E+01  0.000000E+00  0.000000E+00 -5.370664E+01
 2.040000E+02  4.407679E+01  2.018814E+01  1.346697E+01  6.412831E+01  0.000000E+00  0.000000E+00 -5.370664E+01
 2.045000E+02  4.414209E+01  2.024318E+01  1.347079E+01  6.413475E+01  0.000000E+00  0.000000E+00 -5.370663E+01
 2.050000E+02  4.420733E+01  2.029818E+01  1.347460E+01  6.414118E+01  0.000000E+00  0.000000E+00 -5.370663E+01
 2.055000E+02  4.427250E+01  2.035314E+01  1.347841E+01  6.414759E+01  0.000000E+00  0.000000E+00 -5.370663E+01
 2.060000E+02  4.433761E+01  2.040806E+01  1.348220E+01  6.415398E+01  0.000000E+00  0.000000E+00 -5.370663E+01
 2.065000E+02  4.440265E+01  2.046293E+01  1.348598E+01  6.416036E+01  0.000000E+00  0.000000E+00 -5.370663E+01
 2.070000E+02  4.446763E+01  2.051777E+01  1.348976E+01  6.416672E+01  0.000000E+00  0.000000E+00 -5.370663E+01
 2.075000E+02  4.453254E+01  2.057257E+01  1.349353E+01  6.417308E+01  0.000000E+00  0.000000E+00 -5.370663E+01
 2.080000E+02  4.459740E+01  2.062733E+01  1.349728E+01  6.417941E+01  0.000000E+00  0.000000E+00 -5.370662E+01
 2.085000E+02  4.466219E+01  2.068204E+01  1.350103E+01  6.418573E+01  0.000000E+00  0.000000E+00 -5.370662E+01
 2.090000E+02  4.472691E+01  2.073672E+01  1.350477E+01  6.419204E+01  0.000000E+00  0.000000E+00 -5.370662E+01
 2.095000E+02  4.479157E+01  2.079136E+01  1.350850E+01  6.419834E+01  0.000000E+00  0.000000E+00 -5.370662E+01
 2.100000E+02  4.485617E+01  2.084595E+01  1.351223E+01  6.420461E+01  0.000000E+00  0.000000E+00 -5.370662E+01
 2.105000E+02  4.492071E+01  2.090051E+01  1.351594E+01  6.421088E+01  0.000000E+00  0.000000E+00 -5.370662E+01
 2.110000E+02  4.498519E+01  2.095502E+01  1.351965E+01  6.421713E+01  0.000000E+00  0.000000E+00 -5.370662E+01
 2.115000E+02  4.504960E+01  2.100950E+01  1.352334E+01  6.422337E+01  0.000000E+00  0.000000E+00 -5.370662E+01
 2.120000E+02  4.511395E+01  2.106394E+01  1.352703E+01  6.422960E+01  0.000000E+00  0.000000E+00 -5.370662E+01
 2.125000E+02  4.517824E+01  2.111833E+01  1.353071E+01  6.423581E+01  0.000000E+00  0.000000E+00 -5.370662E+01
 2.130000E+02  4.524246E+01  2.117269E+01  1.353439E+01  6.424201E+01  0.000000E+00  0.000000E+00 -5.370662E+01
 2.135000E+02  4.530663E+01  2.122701E+01  1.353805E+01  6.424819E+01  0.000000E+00  0.000000E+00 -5.370662E+01
 2.140000E+02  4.537073E+01  2.128128E+01  1.354171E+01  6.425436E+01  0.000000E+00  0.000000E+00 -5.370662E+01
 2.145000E+02  4.543477E+01  2.133552E+01  1.354535E+01  6.426052E+01  0.000000E+00  0.000000E+00 -5.370662E+01
 2.150000E+02  4.549876E+01  2.138971E+01  1.354899E+01  6.426667E+01  0.000000E+00  0.000000E+00 -5.370662E+01
 2.155000E+02  4.556268E+01  2.144387E+01  1.355262E+01  6.427280E+01  0.000000E+00  0.000000E+00 -5.370662E+01
 2.160000E+02  4.562654E+01  2.149799E+01  1.355625E+01  6.427892E+01  0.000000E+00  0.000000E+00 -5.370662E+01
 2.165000E+02  4.569034E+01  2.155207E+01  1.355986E+01  6.428503E+01  0.000000E+00  0.000000E+00 -5.370662E+01
 2.170000E+02  4.575408E+01  2.160611E+01  1.356347E+01  6.429113E+01  0.000000E+00  0.000000E+00 -5.370663E+01
 2.175000E+02  4.581776E+01  2.166010E+01  1.356707E+01  6.429721E+01  0.000000E+00  0.000000E+00 -5.370663E+01
 2.180000E+02  4.588138E+01  2.171406E+01  1.357066E+01  6.430328E+01  0.000000E+00  0.000000E+00 -5.370663E+01
 2.185000E+02  4.594494E+01  2.176798E+01  1.357425E+01  6.430934E+01  0.000000E+00  0.000000E+00 -5.370663E+01
 2.190000E+02  4.600844E+01  2.182186E+01  1.357782E+01  6.431539E+01  0.000000E+00  0.000000E+00 -5.370663E+01
 2.195000E+02  4.607188E+01  2.187570E+01  1.358139E+01  6.432142E+01  0.000000E+00  0.000000E+00 -5.370664E+01
 2.200000E+02  4.613526E+01  2.192950E+01  1.358495E+01  6.432745E+01  0.000000E+00  0.000000E+00 -5.370664E+01
 2.205000E+02  4.619859E+01  2.198327E+01  1.358851E+01  6.433346E+01  0.000000E+00  0.000000E+00 -5.370665E+01
 2.210000E+02  4.626185E+01  2.203699E+01  1.359205E+01  6.433946E+01  0.000000E+00  0.000000E+00 -5.370665E+01
 2.215000E+02  4.632506E+01  2.209067E+01  1.359559E+01  6.434545E+01  0.000000E+00  0.000000E+00 -5.370665E+01
 2.220000E+02  4.638820E+01  2.214431E+01  1.359912E+01  6.435142E+01  0.000000E+00  0.000000E+00 -5.370666E+01
 2.225000E+02  4.645129E+01  2.219792E+01  1.360265E+01  6.435739E+01  0.000000E+00  0.000000E+00 -5.370666E+01
 2.230000E+02  4.651433E+01  2.225149E+01  1.360617E+01  6.436335E+01  0.000000E+00  0.000000E+00 -5.370667E+01
 2.235000E+02  4.657730E+01  2.230501E+01  1.360968E+01  6.436929E+01  0.000000E+00  0.000000E+00 -5.370668E+01
 2.240000E+02  4.664022E+01  2.235850E+01  1.361318E+01  6.437522E+01  0.000000E+00  0.000000E+00 -5.370668E+01
 2.245000E+02  4.670308E+01  2.241195E+01  1.361667E+01  6.438115E+01  0.000000E+00  0.000000E+00 -5.370669E+01
 2.250000E+02  4.676588E+01  2.246536E+01  1.362016E+01  6.438706E+01  0.000000E+00  0.000000E+00 -5.370670E+01
 2.255000E+02  4.682862E+01  2.251873E+01  1.362364E+01  6.439296E+01  0.000000E+00  0.000000E+00 -5.370671E+01
 2.260000E+02  4.689131E+01  2.257206E+01  1.362712E+01  6.439885E+01  0.000000E+00  0.000000E+00 -5.370672E+01
 2.265000E+02  4.695395E+01  2.262535E+01  1.363059E+01  6.440474E+01  0.000000E+00  0.000000E+00 -5.370673E+01
 2.270000E+02  4.701652E+01  2.267860E+01  1.363405E+01  6.441061E+01  0.000000E+00  0.000000E+00 -5.370674E+01
 2.275000E+02  4.707904E+01  2.273182E+01  1.363750E+01  6.441647E+01  0.000000E+00  0.000000E+00 -5.370675E+01
 2.280000E+02  4.714151E+01  2.278500E+01  1.364095E+01  6.442232E+01  0.000000E+00  0.000000E+00 -5.370676E+01
 2.285000E+02  4.720391E+01  2.283813E+01  1.364439E+01  6.442817E+01  0.000000E+00  0.000000E+00 -5.370678E+01
 2.290000E+02  4.726627E+01  2.289123E+01  1.364783E+01  6.443400E+01  0.000000E+00  0.000000E+00 -5.370679E+01
 2.295000E+02  4.732857E+01  2.294429E+01  1.365125E+01  6.443983E+01  0.000000E+00  0.000000E+00 -5.370681E+01
 2.300000E+02  4.739081E+01  2.299731E+01  1.365468E+01  6.444564E+01  0.000000E+00  0.000000E+00 -5.370682E+01
 2.305000E+02  4.745300E+01  2.305030E+01  1.365809E+01  6.445145E+01  0.000000E+00  0.000000E+00 -5.370684E+01
 2.310000E+02  4.751513E+01  2.310324E+01  1.366150E+01  6.445725E+01  0.000000E+00  0.000000E+00 -5.370686E+01
 2.315000E+02  4.757721E+01  2.315615E+01  1.366490E+01  6.446304E+01  0.000000E+00  0.000000E+00 -5.370688E+01
 2.320000E+02  4.763924E+01  2.320902E+01  1.366830E+01  6.446882E+01  0.000000E+00  0.000000E+00 -5.370690E+01
 2.325000E+02  4.770121E+01  2.326185E+01  1.367169E+01  6.447459E+01  0.000000E+00  0.000000E+00 -5.370692E+01
 2.330000E+02  4.776313E+01  2.331464E+01  1.367508E+01  6.448036E+01  0.000000E+00  0.000000E+00 -5.370694E+01
 2.335000E+02  4.782499E+01  2.336739E+01  1.367845E+01  6.448612E+01  0.000000E+00  0.000000E+00 -5.370697E+01
 2.340000E+02  4.788680E+01  2.342010E+01  1.368183E+01  6.449186E+01  0.000000E+00  0.000000E+00 -5.370699E+01
 2.345000E+02  4.794856E+01  2.347278E+01  1.368519E+01  6.449761E+01  0.000000E+00  0.000000E+00 -5.370702E+01
 2.350000E+02  4.801027E+01  2.352542E+01  1.368855E+01  6.450334E+01  0.000000E+00  0.000000E+00 -5.370705E+01
 2.355000E+02  4.807192E+01  2.357802E+01  1.369191E+01  6.450907E+01  0.000000E+00  0.000000E+00 -5.370708E+01
 2.360000E+02  4.813352E+01  2.363058E+01  1.369526E+01  6.451479E+01  0.000000E+00  0.000000E+00 -5.370711E+01
 2.365000E+02  4.819507E+01  2.368311E+01  1.369860E+01  6.452051E+01  0.000000E+00  0.000000E+00 -5.370715E+01
 2.370000E+02  4.825657E+01  2.373559E+01  1.370194E+01  6.452621E+01  0.000000E+00  0.000000E+00 -5.370718E+01
 2.375000E+02  4.831801E+01  2.378804E+01  1.370527E+01  6.453192E+01  0.000000E+00  0.000000E+00 -5.370722E+01
 2.380000E+02  4.837941E+01  2.384045E+01  1.370860E+01  6.453761E+01  0.000000E+00  0.000000E+00 -5.370726E+01
 2.385000E+02  4.844075E+01  2.389283E+01  1.371193E+01  6.454330E+01  0.000000E+00  0.000000E+00 -5.370730E+01
 2.390000E+02  4.850205E+01  2.394516E+01  1.371524E+01  6.454899E+01  0.000000E+00  0.000000E+00 -5.370734E+01
 2.395000E+02  4.856329E+01  2.399746E+01  1.371855E+01  6.455467E+01  0.000000E+00  0.000000E+00 -5.370739E+01
 2.400000E+02  4.862448E+01  2.404972E+01  1.372186E+01  6.456034E+01  0.000000E+00  0.000000E+00 -5.370743E+01
 2.405000E+02  4.868563E+01  2.410194E+01  1.372516E+01  6.456601E+01  0.000000E+00  0.000000E+00 -5.370748E+01
 2.410000E+02  4.874672E+01  2.415412E+01  1.372846E+01  6.457167E+01  0.000000E+00  0.000000E+00 -5.370754E+01
 2.415000E+02  4.880777E+01  2.420627E+01  1.373175E+01  6.457733E+01  0.000000E+00  0.000000E+00 -5.370759E+01
 2.420000E+02  4.886876E+01  2.425838E+01  1.373504E+01  6.458299E+01  0.000000E+00  0.000000E+00 -5.370765E+01
 2.425000E+02  4.892971E+01  2.431045E+01  1.373832E+01  6.458864E+01  0.000000E+00  0.000000E+00 -5.370771E+01
 2.430000E+02  4.899061E+01  2.436249E+01  1.374160E+01  6.459428E+01  0.000000E+00  0.000000E+00 -5.370777E+01
 2.435000E+02  4.905146E+01  2.441449E+01  1.374488E+01  6.459993E+01  0.000000E+00  0.000000E+00 -5.370784E+01
 2.440000E+02  4.911226E+01  2.446645E+01  1.374815E+01  6.460557E+01  0.000000E+00  0.000000E+00 -5.370790E+01
 2.445000E+02  4.917301E+01  2.451837E+01  1.375141E+01  6.461121E+01  0.000000E+00  0.000000E+00 -5.370798E+01
 2.450000E+02  4.923372E+01  2.457026E+01  1.375467E+01  6.461684E+01  0.000000E+00  0.000000E+00 -5.370805E+01
 2.455000E+02  4.929438E+01  2.462211E+01  1.375793E+01  6.462247E+01  0.000000E+00  0.000000E+00 -5.370813E+01
 2.460000E+02  4.935500E+01  2.467392E+01  1.376118E+01  6.462810E+01  0.000000E+00  0.000000E+00 -5.370821E+01
 2.465000E+02  4.941556E+01  2.472569E+01  1.376443E+01  6.463373E+01  0.000000E+00  0.000000E+00 -5.370829E+01
 2.470000E+02  4.947608E+01  2.477743E+01  1.376768E+01  6.463936E+01  0.000000E+00  0.000000E+00 -5.370838E+01
 2.475000E+02  4.953656E+01  2.482913E+01  1.377092E+01  6.464498E+01  0.000000E+00  0.000000E+00 -5.370848E+01
 2.480000E+02  4.959699E+01  2.488080E+01  1.377416E+01  6.465061E+01  0.000000E+00  0.000000E+00 -5.370857E+01
 2.485000E+02  4.965737E+01  2.493243E+01  1.377739E+01  6.465623E+01  0.000000E+00  0.000000E+00 -5.370867E+01
 2.490000E+02  4.971772E+01  2.498402E+01  1.378062E+01  6.466185E+01  0.000000E+00  0.000000E+00 -5.370878E+01
 2.495000E+02  4.977801E+01  2.503557E+01  1.378385E+01  6.466748E+01  0.000000E+00  0.000000E+00 -5.370889E+01
 2.500000E+02  4.983826E+01  2.508709E+01  1.378707E+01  6.467310E+01  0.000000E+00  0.000000E+00 -5.370900E+01
 2.505000E+02  4.989847E+01  2.513857E+01  1.379030E+01  6.467872E+01  0.000000E+00  0.000000E+00 -5.370912E+01
 2.510000E+02  4.995864E+01  2.519002E+01  1.379351E+01  6.468435E+01  0.000000E+00  0.000000E+00 -5.370924E+01
 2.515000E+02  5.001876E+01  2.524142E+01  1.379673E+01  6.468997E+01  0.000000E+00  0.000000E+00 -5.370937E+01
 2.520000E+02  5.007884E+01  2.529280E+01  1.379994E+01  6.469560E+01  0.000000E+00  0.000000E+00 -5.370950E+01
 2.525000E+02  5.013887E+01  2.534413E+01  1.380315E+01  6.470123E+01  0.000000E+00  0.000000E+00 -5.370964E+01
 2.530000E+02  5.019887E+01  2.539543E+01  1.380636E+01  6.470686E+01  0.000000E+00  0.000000E+00 -5.370978E+01
 2.535000E+02  5.025882E+01  2.544669E+01  1.380956E+01  6.471250E+01  0.000000E+00  0.000000E+00 -5.370993E+01
 2.540000E+02  5.031873E+01  2.549792E+01  1.381276E+01  6.471814E+01  0.000000E+00  0.000000E+00 -5.371009E+01
 2.545000E+02  5.037860E+01  2.554911E+01  1.381596E+01  6.472378E+01  0.000000E+00  0.000000E+00 -5.371025E+01
 2.550000E+02  5.043843E+01  2.560027E+01  1.381916E+01  6.472942E+01  0.000000E+00  0.000000E+00 -5.371042E+01
 2.555000E+02  5.049822E+01  2.565139E+01  1.382236E+01  6.473507E+01  0.000000E+00  0.000000E+00 -5.371059E+01
 2.560000E+02  5.055797E+01  2.570247E+01  1.382555E+01  6.474072E+01  0.000000E+00  0.000000E+00 -5.371077E+01
 2.565000E+02  5.061768E+01  2.575352E+01  1.382874E+01  6.474638E+01  0.000000E+00  0.000000E+00 -5.371096E+01
 2.570000E+02  5.067735E+01  2.580453E+01  1.383193E+01  6.475205E+01  0.000000E+00  0.000000E+00 -5.371116E+01
 2.575000E+02  5.073699E+01  2.585550E+01  1.383512E+01  6.475772E+01  0.000000E+00  0.000000E+00 -5.371136E+01
 2.580000E+02  5.079658E+01  2.590644E+01  1.383831E+01  6.476340E+01  0.000000E+00  0.000000E+00 -5.371157E+01
 2.585000E+02  5.085614E+01  2.595735E+01  1.384150E+01  6.476908E+01  0.000000E+00  0.000000E+00 -5.371178E+01
 2.590000E+02  5.091566E+01  2.600822E+01  1.384468E+01  6.477477E+01  0.000000E+00  0.000000E+00 -5.371201E+01
 2.595000E+02  5.097514E+01  2.605905E+01  1.384787E+01  6.478047E+01  0.000000E+00  0.000000E+00 -5.371224E+01
 2.600000E+02  5.103459E+01  2.610985E+01  1.385105E+01  6.478618E+01  0.000000E+00  0.000000E+00 -5.371249E+01
 2.605000E+02  5.109400E+01  2.616061E+01  1.385423E+01  6.479189E+01  0.000000E+00  0.000000E+00 -5.371274E+01
 2.610000E+02  5.115338E+01  2.621134E+01  1.385741E+01  6.479762E+01  0.000000E+00  0.000000E+00 -5.371300E+01
 2.615000E+02  5.121272E+01  2.626203E+01  1.386060E+01  6.480335E+01  0.000000E+00  0.000000E+00 -5.371326E+01
 2.620000E+02  5.127202E+01  2.631269E+01  1.386378E+01  6.480910E+01  0.000000E+00  0.000000E+00 -5.371354E+01
 2.625000E+02  5.133129E+01  2.636331E+01  1.386696E+01  6.481485E+01  0.000000E+00  0.000000E+00 -5.371383E+01
 2.630000E+02  5.139053E+01  2.641390E+01  1.387014E+01  6.482062E+01  0.000000E+00  0.000000E+00 -5.371413E+01
 2.635000E+02  5.144973E+01  2.646445E+01  1.387332E+01  6.482640E+01  0.000000E+00  0.000000E+00 -5.371444E+01
 2.640000E+02  5.150891E+01  2.651497E+01  1.387650E+01  6.483219E+01  0.000000E+00  0.000000E+00 -5.371476E+01
 2.645000E+02  5.156804E+01  2.656545E+01  1.387969E+01  6.483799E+01  0.000000E+00  0.000000E+00 -5.371509E+01
 2.650000E+02  5.162715E+01  2.661590E+01  1.388287E+01  6.484381E+01  0.000000E+00  0.000000E+00 -5.371543E+01
 2.655000E+02  5.168623E+01  2.666631E+01  1.388605E+01  6.484964E+01  0.000000E+00  0.000000E+00 -5.371578E+01
 2.660000E+02  5.174527E+01  2.671669E+01  1.388924E+01  6.485549E+01  0.000000E+00  0.000000E+00 -5.371615E+01
 2.665000E+02  5.180429E+01  2.676704E+01  1.389243E+01  6.486135E+01  0.000000E+00  0.000000E+00 -5.371652E+01
 2.670000E+02  5.186327E+01  2.681735E+01  1.389561E+01  6.486723E+01  0.000000E+00  0.000000E+00 -5.371691E+01
 2.675000E+02  5.192223E+01  2.686762E+01  1.389880E+01  6.487312E+01  0.000000E+00  0.000000E+00 -5.371732E+01
 2.680000E+02  5.198115E+01  2.691786E+01  1.390199E+01  6.487903E+01  0.000000E+00  0.000000E+00 -5.371773E+01
 2.685000E+02  5.204005E+01  2.696807E+01  1.390519E+01  6.488496E+01  0.000000E+00  0.000000E+00 -5.371816E+01
 2.690000E+02  5.209892E+01  2.701824E+01  1.390838E+01  6.489091E+01  0.000000E+00  0.000000E+00 -5.371861E+01
 2.695000E+02  5.215777E+01  2.706838E+01  1.391158E+01  6.489687E+01  0.000000E+00  0.000000E+00 -5.371907E+01
 2.700000E+02  5.221658E+01  2.711849E+01  1.391478E+01  6.490286E+01  0.000000E+00  0.000000E+00 -5.371954E+01
 2.705000E+02  5.227537E+01  2.716856E+01  1.391798E+01  6.490886E+01  0.000000E+00  0.000000E+00 -5.372003E+01
 2.710000E+02  5.233414E+01  2.721859E+01  1.392119E+01  6.491489E+01  0.000000E+00  0.000000E+00 -5.372054E+01
 2.715000E+02  5.239288E+01  2.726860E+01  1.392440E+01  6.492094E+01  0.000000E+00  0.000000E+00 -5.372106E+01
 2.720000E+02  5.245160E+01  2.731856E+01  1.392761E+01  6.492701E+01  0.000000E+00  0.000000E+00 -5.372159E+01
 2.725000E+02  5.251029E+01  2.736850E+01  1.393083E+01  6.493311E+01  0.000000E+00  0.000000E+00 -5.372215E+01
 2.730000E+02  5.256896E+01  2.741840E+01  1.393405E+01  6.493923E+01  0.000000E+00  0.000000E+00 -5.372272E+01
 2.735000E+02  5.262760E+01  2.746827E+01  1.393727E+01  6.494537E+01  0.000000E+00  0.000000E+00 -5.372331E+01
 2.740000E+02  5.268623E+01  2.751810E+01  1.394050E+01  6.495154E+01  0.000000E+00  0.000000E+00 -5.372392E+01
 2.745000E+02  5.274483E+01  2.756791E+01  1.394373E+01  6.495774E+01  0.000000E+00  0.000000E+00 -5.372455E+01
 2.750000E+02  5.280341E+01  2.761767E+01  1.394697E+01  6.496397E+01  0.000000E+00  0.000000E+00 -5.372519E+01
 2.755000E+02  5.286198E+01  2.766741E+01  1.395021E+01  6.497022E+01  0.000000E+00  0.000000E+00 -5.372586E+01
 2.760000E+02  5.292052E+01  2.771711E+01  1.395345E+01  6.497650E+01  0.000000E+00  0.000000E+00 -5.372654E+01
 2.765000E+02  5.297905E+01  2.776678E+01  1.395671E+01  6.498281E+01  0.000000E+00  0.000000E+00 -5.372725E+01
 2.770000E+02  5.303755E+01  2.781642E+01  1.395996E+01  6.498915E+01  0.000000E+00  0.000000E+00 -5.372798E+01
 2.775000E+02  5.309604E+01  2.786602E+01  1.396323E+01  6.499553E+01  0.000000E+00  0.000000E+00 -5.372873E+01
 2.780000E+02  5.315451E+01  2.791559E+01  1.396650E+01  6.500193E+01  0.000000E+00  0.000000E+00 -5.372951E+01
 2.785000E+02  5.321297E+01  2.796513E+01  1.396977E+01  6.500837E+01  0.000000E+00  0.000000E+00 -5.373030E+01
 2.790000E+02  5.327141E+01  2.801463E+01  1.397306E+01  6.501485E+01  0.000000E+00  0.000000E+00 -5.373112E+01
 2.795000E+02  5.332984E+01  2.806410E+01  1.397635E+01  6.502136E+01  0.000000E+00  0.000000E+00 -5.373197E+01
 2.800000E+02  5.338825E+01  2.811354E+01  1.397964E+01  6.502790E+01  0.000000E+00  0.000000E+00 -5.373284E+01
 2.805000E+02  5.344665E+01  2.816295E+01  1.398295E+01  6.503449E+01  0.000000E+00  0.000000E+00 -5.373373E+01
 2.810000E+02  5.350504E+01  2.821232E+01  1.398626E+01  6.504111E+01  0.000000E+00  0.000000E+00 -5.373465E+01
 2.815000E+02  5.356341E+01  2.826167E+01  1.398958E+01  6.504777E+01  0.000000E+00  0.000000E+00 -5.373560E+01
 2.820000E+02  5.362178E+01  2.831098E+01  1.399290E+01  6.505447E+01  0.000000E+00  0.000000E+00 -5.373657E+01
 2.825000E+02  5.368013E+01  2.836026E+01  1.399624E+01  6.506121E+01  0.000000E+00  0.000000E+00 -5.373758E+01
 2.830000E+02  5.373847E+01  2.840950E+01  1.399959E+01  6.506799E+01  0.000000E+00  0.000000E+00 -5.373861E+01
 2.835000E+02  5.379681E+01  2.845872E+01  1.400294E+01  6.507482E+01  0.000000E+00  0.000000E+00 -5.373967E+01
 2.840000E+02  5.385514E+01  2.850790E+01  1.400630E+01  6.508169E+01  0.000000E+00  0.000000E+00 -5.374076E+01
 2.845000E+02  5.391346E+01  2.855705E+01  1.400968E+01  6.508861E+01  0.000000E+00  0.000000E+00 -5.374188E+01
 2.850000E+02  5.397177E+01  2.860617E+01  1.401306E+01  6.509558E+01  0.000000E+00  0.000000E+00 -5.374303E+01
 2.855000E+02  5.403008E+01  2.865526E+01  1.401645E+01  6.510259E+01  0.000000E+00  0.000000E+00 -5.374422E+01
 2.860000E+02  5.408838E+01  2.870432E+01  1.401986E+01  6.510965E+01  0.000000E+00  0.000000E+00 -5.374544E+01
 2.865000E+02  5.414668E+01  2.875334E+01  1.402327E+01  6.511676E+01  0.000000E+00  0.000000E+00 -5.374669E+01
 2.870000E+02  5.420498E+01  2.880234E+01  1.402670E+01  6.512393E+01  0.000000E+00  0.000000E+00 -5.374798E+01
 2.875000E+02  5.426328E+01  2.885130E+01  1.403014E+01  6.513114E+01  0.000000E+00  0.000000E+00 -5.374930E+01
 2.880000E+02  5.432157E+01  2.890023E+01  1.403359E+01  6.513841E+01  0.000000E+00  0.000000E+00 -5.375066E+01
 2.885000E+02  5.437986E+01  2.894913E+01  1.403705E+01  6.514574E+01  0.000000E+00  0.000000E+00 -5.375205E+01
 2.890000E+02  5.443816E+01  2.899800E+01  1.404052E+01  6.515312E+01  0.000000E+00  0.000000E+00 -5.375349E+01
 2.895000E+02  5.449645E+01  2.904684E+01  1.404401E+01  6.516056E+01  0.000000E+00  0.000000E+00 -5.375496E+01
 2.900000E+02  5.455475E+01  2.909565E+01  1.404751E+01  6.516806E+01  0.000000E+00  0.000000E+00 -5.375647E+01
 2.905000E+02  5.461305E+01  2.914443E+01  1.405103E+01  6.517562E+01  0.000000E+00  0.000000E+00 -5.375802E+01
 2.910000E+02  5.467135E+01  2.919317E+01  1.405456E+01  6.518324E+01  0.000000E+00  0.000000E+00 -5.375962E+01
 2.915000E+02  5.472966E+01  2.924189E+01  1.405810E+01  6.519092E+01  0.000000E+00  0.000000E+00 -5.376125E+01
 2.920000E+02  5.478797E+01  2.929058E+01  1.406166E+01  6.519867E+01  0.000000E+00  0.000000E+00 -5.376293E+01
 2.925000E+02  5.484630E+01  2.933923E+01  1.406523E+01  6.520649E+01  0.000000E+00  0.000000E+00 -5.376465E+01
 2.930000E+02  5.490462E+01  2.938786E+01  1.406882E+01  6.521437E+01  0.000000E+00  0.000000E+00 -5.376642E+01
 2.935000E+02  5.496296E+01  2.943645E+01  1.407242E+01  6.522232E+01  0.000000E+00  0.000000E+00 -5.376824E+01
 2.940000E+02  5.502131E+01  2.948502E+01  1.407605E+01  6.523034E+01  0.000000E+00  0.000000E+00 -5.377010E+01
 2.945000E+02  5.507967E+01  2.953356E+01  1.407968E+01  6.523844E+01  0.000000E+00  0.000000E+00 -5.377201E+01
 2.950000E+02  5.513804E+01  2.958206E+01  1.408334E+01  6.524660E+01  0.000000E+00  0.000000E+00 -5.377397E+01
 2.955000E+02  5.519642E+01  2.963054E+01  1.408701E+01  6.525485E+01  0.000000E+00  0.000000E+00 -5.377598E+01
 2.960000E+02  5.525482E+01  2.967898E+01  1.409070E+01  6.526317E+01  0.000000E+00  0.000000E+00 -5.377804E+01
 2.965000E+02  5.531323E+01  2.972740E+01  1.409441E+01  6.527156E+01  0.000000E+00  0.000000E+00 -5.378015E+01
 2.970000E+02  5.537166E+01  2.977579E+01  1.409814E+01  6.528004E+01  0.000000E+00  0.000000E+00 -5.378232E+01
 2.975000E+02  5.543010E+01  2.982415E+01  1.410189E+01  6.528860E+01  0.000000E+00  0.000000E+00 -5.378454E+01
 2.980000E+02  5.548856E+01  2.987248E+01  1.410566E+01  6.529724E+01  0.000000E+00  0.000000E+00 -5.378681E+01
 2.985000E+02  5.554704E+01  2.992078E+01  1.410945E+01  6.530597E+01  0.000000E+00  0.000000E+00 -5.378915E+01
 2.990000E+02  5.560555E+01  2.996905E+01  1.411325E+01  6.531478E+01  0.000000E+00  0.000000E+00 -5.379154E+01
 2.995000E+02  5.566407E+01  3.001729E+01  1.411708E+01  6.532368E+01  0.000000E+00  0.000000E+00 -5.379399E+01
 3.000000E+02  5.572261E+01  3.006551E+01  1.412094E+01  6.533267E+01  0.000000E+00  0.000000E+00 -5.379650E+01
 3.005000E+02  5.578118E+01  3.011369E+01  1.412481E+01  6.534175E+01  0.000000E+00  0.000000E+00 -5.379907E+01
 3.010000E+02  5.583977E+01  3.016185E+01  1.412870E+01  6.535093E+01  0.000000E+00  0.000000E+00 -5.380171E+01
 3.015000E+02  5.589839E+01  3.020998E+01  1.413262E+01  6.536020E+01  0.000000E+00  0.000000E+00 -5.380441E+01
 3.020000E+02  5.595704E+01  3.025808E+01  1.413657E+01  6.536957E+01  0.000000E+00  0.000000E+00 -5.380718E+01
 3.025000E+02  5.601571E+01  3.030615E+01  1.414053E+01  6.537904E+01  0.000000E+00  0.000000E+00 -5.381001E+01
 3.030000E+02  5.607441E+01  3.035419E+01  1.414452E+01  6.538861E+01  0.000000E+00  0.000000E+00 -5.381291E+01
 3.035000E+02  5.613315E+01  3.040221E+01  1.414854E+01  6.539828E+01  0.000000E+00  0.000000E+00 -5.381588E+01
 3.040000E+02  5.619191E+01  3.045020E+01  1.415258E+01  6.540806E+01  0.000000E+00  0.000000E+00 -5.381893E+01
 3.045000E+02  5.625071E+01  3.049816E+01  1.415665E+01  6.541794E+01  0.000000E+00  0.000000E+00 -5.382204E+01
 3.050000E+02  5.630954E+01  3.054609E+01  1.416075E+01  6.542794E+01  0.000000E+00  0.000000E+00 -5.382523E+01
 3.055000E+02  5.636841E+01  3.059399E+01  1.416487E+01  6.543804E+01  0.000000E+00  0.000000E+00 -5.382849E+01
 3.060000E+02  5.642731E+01  3.064187E+01  1.416902E+01  6.544826E+01  0.000000E+00  0.000000E+00 -5.383183E+01
 3.065000E+02  5.648625E+01  3.068972E+01  1.417320E+01  6.545859E+01  0.000000E+00  0.000000E+00 -5.383525E+01
 3.070000E+02  5.654523E+01  3.073754E+01  1.417740E+01  6.546904E+01  0.000000E+00  0.000000E+00 -5.383875E+01
 3.075000E+02  5.660426E+01  3.078534E+01  1.418164E+01  6.547961E+01  0.000000E+00  0.000000E+00 -5.384233E+01
 3.080000E+02  5.666332E+01  3.083310E+01  1.418591E+01  6.549030E+01  0.000000E+00  0.000000E+00 -5.384599E+01
 3.085000E+02  5.672242E+01  3.088085E+01  1.419020E+01  6.550112E+01  0.000000E+00  0.000000E+00 -5.384974E+01
 3.090000E+02  5.678157E+01  3.092856E+01  1.419453E+01  6.551206E+01  0.000000E+00  0.000000E+00 -5.385357E+01
 3.095000E+02  5.684077E+01  3.097625E+01  1.419889E+01  6.552313E+01  0.000000E+00  0.000000E+00 -5.385750E+01
 3.100000E+02  5.690001E+01  3.102391E+01  1.420328E+01  6.553433E+01  0.000000E+00  0.000000E+00 -5.386151E+01
 3.105000E+02  5.695930E+01  3.107154E+01  1.420771E+01  6.554566E+01  0.000000E+00  0.000000E+00 -5.386561E+01
 3.110000E+02  5.701864E+01  3.111915E+01  1.421217E+01  6.555713E+01  0.000000E+00  0.000000E+00 -5.386980E+01
 3.115000E+02  5.707804E+01  3.116673E+01  1.421666E+01  6.556873E+01  0.000000E+00  0.000000E+00 -5.387409E+01
 3.120000E+02  5.713748E+01  3.121429E+01  1.422119E+01  6.558048E+01  0.000000E+00  0.000000E+00 -5.387848E+01
 3.125000E+02  5.719698E+01  3.126181E+01  1.422575E+01  6.559237E+01  0.000000E+00  0.000000E+00 -5.388296E+01
 3.130000E+02  5.725653E+01  3.130932E+01  1.423035E+01  6.560440E+01  0.000000E+00  0.000000E+00 -5.388754E+01
 3.135000E+02  5.731614E+01  3.135679E+01  1.423499E+01  6.561658E+01  0.000000E+00  0.000000E+00 -5.389223E+01
 3.140000E+02  5.737581E+01  3.140425E+01  1.423966E+01  6.562891E+01  0.000000E+00  0.000000E+00 -5.389701E+01
 3.145000E+02  5.743554E+01  3.145167E+01  1.424438E+01  6.564140E+01  0.000000E+00  0.000000E+00 -5.390191E+01
 3.150000E+02  5.749533E+01  3.149907E+01  1.424913E+01  6.565403E+01  0.000000E+00  0.000000E+00 -5.390691E+01
 3.155000E+02  5.755518E+01  3.154645E+01  1.425392E+01  6.566683E+01  0.000000E+00  0.000000E+00 -5.391202E+01
 3.160000E+02  5.761509E+01  3.159380E+01  1.425875E+01  6.567979E+01  0.000000E+00  0.000000E+00 -5.391724E+01
 3.165000E+02  5.767508E+01  3.164112E+01  1.426362E+01  6.569291E+01  0.000000E+00  0.000000E+00 -5.392257E+01
 3.170000E+02  5.773512E+01  3.168842E+01  1.426853E+01  6.570619E+01  0.000000E+00  0.000000E+00 -5.392802E+01
 3.175000E+02  5.779524E+01  3.173569E+01  1.427349E+01  6.571964E+01  0.000000E+00  0.000000E+00 -5.393358E+01
 3.180000E+02  5.785543E+01  3.178294E+01  1.427849E+01  6.573327E+01  0.000000E+00  0.000000E+00 -5.393927E+01
 3.185000E+02  5.791569E+01  3.183017E+01  1.428353E+01  6.574707E+01  0.000000E+00  0.000000E+00 -5.394507E+01
 3.190000E+02  5.797602E+01  3.187737E+01  1.428861E+01  6.576104E+01  0.000000E+00  0.000000E+00 -5.395100E+01
 3.195000E+02  5.803643E+01  3.192454E+01  1.429375E+01  6.577520E+01  0.000000E+00  0.000000E+00 -5.395706E+01
 3.200000E+02  5.809691E+01  3.197169E+01  1.429892E+01  6.578953E+01  0.000000E+00  0.000000E+00 -5.396324E+01
 3.205000E+02  5.815747E+01  3.201882E+01  1.430415E+01  6.580405E+01  0.000000E+00  0.000000E+00 -5.396955E+01
 3.210000E+02  5.821811E+01  3.206592E+01  1.430942E+01  6.581877E+01  0.000000E+00  0.000000E+00 -5.397599E+01
 3.215000E+02  5.827883E+01  3.211300E+01  1.431474E+01  6.583367E+01  0.000000E+00  0.000000E+00 -5.398257E+01
 3.220000E+02  5.833964E+01  3.216005E+01  1.432011E+01  6.584876E+01  0.000000E+00  0.000000E+00 -5.398929E+01
 3.225000E+02  5.840053E+01  3.220708E+01  1.432553E+01  6.586406E+01  0.000000E+00  0.000000E+00 -5.399614E+01
 3.230000E+02  5.846151E+01  3.225409E+01  1.433100E+01  6.587955E+01  0.000000E+00  0.000000E+00 -5.400313E+01
 3.235000E+02  5.852257E+01  3.230107E+01  1.433652E+01  6.589525E+01  0.000000E+00  0.000000E+00 -5.401027E+01
 3.240000E+02  5.858372E+01  3.234803E+01  1.434209E+01  6.591115E+01  0.000000E+00  0.000000E+00 -5.401755E+01
 3.245000E+02  5.864497E+01  3.239497E+01  1.434772E+01  6.592727E+01  0.000000E+00  0.000000E+00 -5.402498E+01
 3.250000E+02  5.870630E+01  3.244188E+01  1.435340E+01  6.594359E+01  0.000000E+00  0.000000E+00 -5.403257E+01
 3.255000E+02  5.876773E+01  3.248877E+01  1.435913E+01  6.596014E+01  0.000000E+00  0.000000E+00 -5.404030E+01
 3.260000E+02  5.882926E+01  3.253564E+01  1.436492E+01  6.597690E+01  0.000000E+00  0.000000E+00 -5.404819E+01
 3.265000E+02  5.889089E+01  3.258248E+01  1.437077E+01  6.599388E+01  0.000000E+00  0.000000E+00 -5.405624E+01
 3.270000E+02  5.895261E+01  3.262930E+01  1.437667E+01  6.601109E+01  0.000000E+00  0.000000E+00 -5.406445E+01
 3.275000E+02  5.901444E+01  3.267610E+01  1.438263E+01  6.602854E+01  0.000000E+00  0.000000E+00 -5.407282E+01
 3.280000E+02  5.907637E+01  3.272287E+01  1.438865E+01  6.604621E+01  0.000000E+00  0.000000E+00 -5.408136E+01
 3.285000E+02  5.913841E+01  3.276962E+01  1.439473E+01  6.606412E+01  0.000000E+00  0.000000E+00 -5.409007E+01
 3.290000E+02  5.920055E+01  3.281635E+01  1.440088E+01  6.608227E+01  0.000000E+00  0.000000E+00 -5.409895E+01
 3.295000E+02  5.926280E+01  3.286306E+01  1.440708E+01  6.610066E+01  0.000000E+00  0.000000E+00 -5.410800E+01
 3.300000E+02  5.932516E+01  3.290975E+01  1.441335E+01  6.611930E+01  0.000000E+00  0.000000E+00 -5.411723E+01
 3.305000E+02  5.938764E+01  3.295641E+01  1.441967E+01  6.613819E+01  0.000000E+00  0.000000E+00 -5.412664E+01
 3.310000E+02  5.945023E+01  3.300305E+01  1.442607E+01  6.615733E+01  0.000000E+00  0.000000E+00 -5.413623E+01
 3.315000E+02  5.951293E+01  3.304967E+01  1.443253E+01  6.617673E+01  0.000000E+00  0.000000E+00 -5.414600E+01
 3.320000E+02  5.957575E+01  3.309627E+01  1.443905E+01  6.619640E+01  0.000000E+00  0.000000E+00 -5.415596E+01
 3.325000E+02  5.963869E+01  3.314284E+01  1.444565E+01  6.621632E+01  0.000000E+00  0.000000E+00 -5.416612E+01
 3.330000E+02  5.970176E+01  3.318940E+01  1.445231E+01  6.623652E+01  0.000000E+00  0.000000E+00 -5.417646E+01
 3.335000E+02  5.976494E+01  3.323593E+01  1.445904E+01  6.625698E+01  0.000000E+00  0.000000E+00 -5.418701E+01
 3.340000E+02  5.982825E+01  3.328244E+01  1.446584E+01  6.627773E+01  0.000000E+00  0.000000E+00 -5.419775E+01
 3.345000E+02  5.989169E+01  3.332893E+01  1.447271E+01  6.629875E+01  0.000000E+00  0.000000E+00 -5.420869E+01
 3.350000E+02  5.995526E+01  3.337540E+01  1.447965E+01  6.632006E+01  0.000000E+00  0.000000E+00 -5.421984E+01
 3.355000E+02  6.001896E+01  3.342184E+01  1.448667E+01  6.634165E+01  0.000000E+00  0.000000E+00 -5.423120E+01
 3.360000E+02  6.008279E+01  3.346827E+01  1.449376E+01  6.636354E+01  0.000000E+00  0.000000E+00 -5.424277E+01
 3.365000E+02  6.014676E+01  3.351468E+01  1.450092E+01  6.638572E+01  0.000000E+00  0.000000E+00 -5.425456E+01
 3.370000E+02  6.021086E+01  3.356106E+01  1.450816E+01  6.640820E+01  0.000000E+00  0.000000E+00 -5.426656E+01
 3.375000E+02  6.027510E+01  3.360742E+01  1.451548E+01  6.643098E+01  0.000000E+00  0.000000E+00 -5.427878E+01
 3.380000E+02  6.033948E+01  3.365377E+01  1.452288E+01  6.645407E+01  0.000000E+00  0.000000E+00 -5.429123E+01
 3.385000E+02  6.040401E+01  3.370009E+01  1.453035E+01  6.647747E+01  0.000000E+00  0.000000E+00 -5.430391E+01
 3.390000E+02  6.046868E+01  3.374639E+01  1.453791E+01  6.650119E+01  0.000000E+00  0.000000E+00 -5.431681E+01
 3.395000E+02  6.053349E+01  3.379267E+01  1.454555E+01  6.652523E+01  0.000000E+00  0.000000E+00 -5.432995E+01
 3.400000E+02  6.059846E+01  3.383893E+01  1.455327E+01  6.654959E+01  0.000000E+00  0.000000E+00 -5.434333E+01
 3.405000E+02  6.066357E+01  3.388518E+01  1.456107E+01  6.657428E+01  0.000000E+00  0.000000E+00 -5.435695E+01
 3.410000E+02  6.072884E+01  3.393140E+01  1.456895E+01  6.659930E+01  0.000000E+00  0.000000E+00 -5.437081E+01
 3.415000E+02  6.079426E+01  3.397760E+01  1.457693E+01  6.662465E+01  0.000000E+00  0.000000E+00 -5.438491E+01
 3.420000E+02  6.085984E+01  3.402378E+01  1.458499E+01  6.665035E+01  0.000000E+00  0.000000E+00 -5.439927E+01
 3.425000E+02  6.092558E+01  3.406994E+01  1.459313E+01  6.667639E+01  0.000000E+00  0.000000E+00 -5.441389E+01
 3.430000E+02  6.099148E+01  3.411608E+01  1.460137E+01  6.670279E+01  0.000000E+00  0.000000E+00 -5.442876E+01
 3.435000E+02  6.105754E+01  3.416220E+01  1.460969E+01  6.672953E+01  0.000000E+00  0.000000E+00 -5.444389E+01
 3.440000E+02  6.112376E+01  3.420831E+01  1.461811E+01  6.675663E+01  0.000000E+00  0.000000E+00 -5.445929E+01
 3.445000E+02  6.119015E+01  3.425439E+01  1.462662E+01  6.678410E+01  0.000000E+00  0.000000E+00 -5.447495E+01
 3.450000E+02  6.125671E+01  3.430045E+01  1.463522E+01  6.681193E+01  0.000000E+00  0.000000E+00 -5.449089E+01
 3.455000E+02  6.132344E+01  3.434649E+01  1.464392E+01  6.684013E+01  0.000000E+00  0.000000E+00 -5.450710E+01
 3.460000E+02  6.139035E+01  3.439252E+01  1.465271E+01  6.686871E+01  0.000000E+00  0.000000E+00 -5.452359E+01
 3.465000E+02  6.145743E+01  3.443852E+01  1.466159E+01  6.689767E+01  0.000000E+00  0.000000E+00 -5.454037E+01
 3.470000E+02  6.152468E+01  3.448451E+01  1.467058E+01  6.692702E+01  0.000000E+00  0.000000E+00 -5.455743E+01
 3.475000E+02  6.159211E+01  3.453048E+01  1.467966E+01  6.695675E+01  0.000000E+00  0.000000E+00 -5.457478E+01
 3.480000E+02  6.165973E+01  3.457643E+01  1.468885E+01  6.698688E+01  0.000000E+00  0.000000E+00 -5.459242E+01
 3.485000E+02  6.172753E+01  3.462235E+01  1.469814E+01  6.701740E+01  0.000000E+00  0.000000E+00 -5.461037E+01
 3.490000E+02  6.179551E+01  3.466826E+01  1.470752E+01  6.704833E+01  0.000000E+00  0.000000E+00 -5.462861E+01
 3.495000E+02  6.186368E+01  3.471416E+01  1.471701E+01  6.707967E+01  0.000000E+00  0.000000E+00 -5.464716E+01
 3.500000E+02  6.193204E+01  3.476003E+01  1.472661E+01  6.711142E+01  0.000000E+00  0.000000E+00 -5.466602E+01
 3.505000E+02  6.200059E+01  3.480588E+01  1.473631E+01  6.714359E+01  0.000000E+00  0.000000E+00 -5.468520E+01
 3.510000E+02  6.206933E+01  3.485172E+01  1.474612E+01  6.717618E+01  0.000000E+00  0.000000E+00 -5.470469E+01
 3.515000E+02  6.213827E+01  3.489753E+01  1.475604E+01  6.720919E+01  0.000000E+00  0.000000E+00 -5.472450E+01
 3.520000E+02  6.220741E+01  3.494333E+01  1.476607E+01  6.724264E+01  0.000000E+00  0.000000E+00 -5.474463E+01
 3.525000E+02  6.227674E+01  3.498911E+01  1.477621E+01  6.727652E+01  0.000000E+00  0.000000E+00 -5.476510E+01
 3.530000E+02  6.234628E+01  3.503487E+01  1.478646E+01  6.731085E+01  0.000000E+00  0.000000E+00 -5.478590E+01
 3.535000E+02  6.241602E+01  3.508061E+01  1.479682E+01  6.734562E+01  0.000000E+00  0.000000E+00 -5.480703E+01
 3.540000E+02  6.248597E+01  3.512634E+01  1.480730E+01  6.738084E+01  0.000000E+00  0.000000E+00 -5.482851E+01
 3.545000E+02  6.255612E+01  3.517204E+01  1.481789E+01  6.741652E+01  0.000000E+00  0.000000E+00 -5.485033E+01
 3.550000E+02  6.262648E+01  3.521773E+01  1.482860E+01  6.745266E+01  0.000000E+00  0.000000E+00 -5.487250E+01
 3.555000E+02  6.269706E+01  3.526340E+01  1.483942E+01  6.748927E+01  0.000000E+00  0.000000E+00 -5.489503E+01
 3.560000E+02  6.276785E+01  3.530905E+01  1.485037E+01  6.752634E+01  0.000000E+00  0.000000E+00 -5.491791E+01
 3.565000E+02  6.283885E+01  3.535468E+01  1.486144E+01  6.756389E+01  0.000000E+00  0.000000E+00 -5.494116E+01
 3.570000E+02  6.291008E+01  3.540030E+01  1.487263E+01  6.760193E+01  0.000000E+00  0.000000E+00 -5.496477E+01
 3.575000E+02  6.298152E+01  3.544589E+01  1.488394E+01  6.764044E+01  0.000000E+00  0.000000E+00 -5.498875E+01
 3.580000E+02  6.305319E+01  3.549147E+01  1.489537E+01  6.767945E+01  0.000000E+00  0.000000E+00 -5.501311E+01
 3.585000E+02  6.312508E+01  3.553703E+01  1.490693E+01  6.771896E+01  0.000000E+00  0.000000E+00 -5.503784E+01
 3.590000E+02  6.319719E+01  3.558257E+01  1.491862E+01  6.775896E+01  0.000000E+00  0.000000E+00 -5.506296E+01
 3.595000E+02  6.326954E+01  3.562809E+01  1.493044E+01  6.779947E+01  0.000000E+00  0.000000E+00 -5.508846E+01
 3.600000E+02  6.334211E+01  3.567360E+01  1.494238E+01  6.784049E+01  0.000000E+00  0.000000E+00 -5.511436E+01
 3.605000E+02  6.341492E+01  3.571908E+01  1.495445E+01  6.788203E+01  0.000000E+00  0.000000E+00 -5.514065E+01
 3.610000E+02  6.348796E+01  3.576455E+01  1.496666E+01  6.792409E+01  0.000000E+00  0.000000E+00 -5.516734E+01
 3.615000E+02  6.356123E+01  3.581000E+01  1.497900E+01  6.796667E+01  0.000000E+00  0.000000E+00 -5.519444E+01
 3.620000E+02  6.363474E+01  3.585544E+01  1.499147E+01  6.800979E+01  0.000000E+00  0.000000E+00 -5.522195E+01
 3.625000E+02  6.370850E+01  3.590085E+01  1.500408E+01  6.805344E+01  0.000000E+00  0.000000E+00 -5.524987E+01
 3.630000E+02  6.378249E+01  3.594625E+01  1.501682E+01  6.809763E+01  0.000000E+00  0.000000E+00 -5.527821E+01
 3.635000E+02  6.385673E+01  3.599162E+01  1.502970E+01  6.814237E+01  0.000000E+00  0.000000E+00 -5.530697E+01
 3.640000E+02  6.393122E+01  3.603698E+01  1.504273E+01  6.818766E+01  0.000000E+00  0.000000E+00 -5.533615E+01
 3.645000E+02  6.400595E+01  3.608232E+01  1.505589E+01  6.823351E+01  0.000000E+00  0.000000E+00 -5.536577E+01
 3.650000E+02  6.408093E+01  3.612765E+01  1.506919E+01  6.827992E+01  0.000000E+00  0.000000E+00 -5.539582E+01
 3.655000E+02  6.415617E+01  3.617295E+01  1.508263E+01  6.832690E+01  0.000000E+00  0.000000E+00 -5.542631E+01
 3.660000E+02  6.423166E+01  3.621824E+01  1.509622E+01  6.837444E+01  0.000000E+00  0.000000E+00 -5.545725E+01
 3.665000E+02  6.430740E+01  3.626351E+01  1.510996E+01  6.842257E+01  0.000000E+00  0.000000E+00 -5.548864E+01
 3.670000E+02  6.438340E+01  3.630875E+01  1.512384E+01  6.847128E+01  0.000000E+00  0.000000E+00 -5.552048E+01
 3.675000E+02  6.445965E+01  3.635399E+01  1.513787E+01  6.852057E+01  0.000000E+00  0.000000E+00 -5.555277E+01
 3.680000E+02  6.453617E+01  3.639920E+01  1.515204E+01  6.857046E+01  0.000000E+00  0.000000E+00 -5.558553E+01
 3.685000E+02  6.461295E+01  3.644439E+01  1.516637E+01  6.862095E+01  0.000000E+00  0.000000E+00 -5.561876E+01
 3.690000E+02  6.469000E+01  3.648957E+01  1.518085E+01  6.867204E+01  0.000000E+00  0.000000E+00 -5.565245E+01
 3.695000E+02  6.476731E+01  3.653472E+01  1.519548E+01  6.872373E+01  0.000000E+00  0.000000E+00 -5.568663E+01
 3.700000E+02  6.484489E+01  3.657986E+01  1.521027E+01  6.877604E+01  0.000000E+00  0.000000E+00 -5.572128E+01
 3.705000E+02  6.492274E+01  3.662498E+01  1.522521E+01  6.882897E+01  0.000000E+00  0.000000E+00 -5.575642E+01
 3.710000E+02  6.500086E+01  3.667008E+01  1.524030E+01  6.888252E+01  0.000000E+00  0.000000E+00 -5.579204E+01
 3.715000E+02  6.507925E+01  3.671516E+01  1.525555E+01  6.893670E+01  0.000000E+00  0.000000E+00 -5.582816E+01
 3.720000E+02  6.515792E+01  3.676022E+01  1.527097E+01  6.899151E+01  0.000000E+00  0.000000E+00 -5.586478E+01
 3.725000E+02  6.523686E+01  3.680526E+01  1.528654E+01  6.904697E+01  0.000000E+00  0.000000E+00 -5.590190E+01
 3.730000E+02  6.531608E+01  3.685028E+01  1.530227E+01  6.910306E+01  0.000000E+00  0.000000E+00 -5.593953E+01
 3.735000E+02  6.539558E+01  3.689529E+01  1.531816E+01  6.915980E+01  0.000000E+00  0.000000E+00 -5.597767E+01
 3.740000E+02  6.547536E+01  3.694027E+01  1.533422E+01  6.921720E+01  0.000000E+00  0.000000E+00 -5.601633E+01
 3.745000E+02  6.555542E+01  3.698524E+01  1.535044E+01  6.927525E+01  0.000000E+00  0.000000E+00 -5.605551E+01
 3.750000E+02  6.563577E+01  3.703018E+01  1.536683E+01  6.933397E+01  0.000000E+00  0.000000E+00 -5.609521E+01
 3.755000E+02  6.571640E+01  3.707511E+01  1.538338E+01  6.939336E+01  0.000000E+00  0.000000E+00 -5.613544E+01
 3.760000E+02  6.579732E+01  3.712001E+01  1.540010E+01  6.945341E+01  0.000000E+00  0.000000E+00 -5.617620E+01
 3.765000E+02  6.587853E+01  3.716489E+01  1.541699E+01  6.951415E+01  0.000000E+00  0.000000E+00 -5.621751E+01
 3.770000E+02  6.596002E+01  3.720976E+01  1.543405E+01  6.957557E+01  0.000000E+00  0.000000E+00 -5.625935E+01
 3.775000E+02  6.604181E+01  3.725460E+01  1.545128E+01  6.963768E+01  0.000000E+00  0.000000E+00 -5.630174E+01
 3.780000E+02  6.612389E+01  3.729942E+01  1.546868E+01  6.970047E+01  0.000000E+00  0.000000E+00 -5.634469E+01
 3.785000E+02  6.620626E+01  3.734423E+01  1.548625E+01  6.976397E+01  0.000000E+00  0.000000E+00 -5.638819E+01
 3.790000E+02  6.628893E+01  3.738901E+01  1.550400E+01  6.982817E+01  0.000000E+00  0.000000E+00 -5.643225E+01
 3.795000E+02  6.637190E+01  3.743377E+01  1.552193E+01  6.989307E+01  0.000000E+00  0.000000E+00 -5.647687E+01
 3.800000E+02  6.645516E+01  3.747851E+01  1.554003E+01  6.995869E+01  0.000000E+00  0.000000E+00 -5.652206E+01
 3.805000E+02  6.653872E+01  3.752322E+01  1.555831E+01  7.002502E+01  0.000000E+00  0.000000E+00 -5.656783E+01
 3.810000E+02  6.662257E+01  3.756792E+01  1.557676E+01  7.009207E+01  0.000000E+00  0.000000E+00 -5.661417E+01
 3.815000E+02  6.670673E+01  3.761259E+01  1.559540E+01  7.015984E+01  0.000000E+00  0.000000E+00 -5.666110E+01
 3.820000E+02  6.679120E+01  3.765725E+01  1.561421E+01  7.022834E+01  0.000000E+00  0.000000E+00 -5.670861E+01
 3.825000E+02  6.687596E+01  3.770188E+01  1.563321E+01  7.029758E+01  0.000000E+00  0.000000E+00 -5.675671E+01
 3.830000E+02  6.696103E+01  3.774648E+01  1.565239E+01  7.036755E+01  0.000000E+00  0.000000E+00 -5.680540E+01
 3.835000E+02  6.704640E+01  3.779107E+01  1.567175E+01  7.043827E+01  0.000000E+00  0.000000E+00 -5.685469E+01
 3.840000E+02  6.713208E+01  3.783563E+01  1.569129E+01  7.050973E+01  0.000000E+00  0.000000E+00 -5.690458E+01
 3.845000E+02  6.721806E+01  3.788017E+01  1.571102E+01  7.058195E+01  0.000000E+00  0.000000E+00 -5.695508E+01
 3.850000E+02  6.730435E+01  3.792468E+01  1.573094E+01  7.065492E+01  0.000000E+00  0.000000E+00 -5.700619E+01
 3.855000E+02  6.739095E+01  3.796918E+01  1.575104E+01  7.072864E+01  0.000000E+00  0.000000E+00 -5.705791E+01
 3.860000E+02  6.747786E+01  3.801364E+01  1.577133E+01  7.080313E+01  0.000000E+00  0.000000E+00 -5.711025E+01
 3.865000E+02  6.756507E+01  3.805809E+01  1.579181E+01  7.087839E+01  0.000000E+00  0.000000E+00 -5.716321E+01
 3.870000E+02  6.765260E+01  3.810251E+01  1.581248E+01  7.095441E+01  0.000000E+00  0.000000E+00 -5.721680E+01
 3.875000E+02  6.774044E+01  3.814690E+01  1.583333E+01  7.103122E+01  0.000000E+00  0.000000E+00 -5.727101E+01
 3.880000E+02  6.782859E+01  3.819127E+01  1.585438E+01  7.110880E+01  0.000000E+00  0.000000E+00 -5.732586E+01
 3.885000E+02  6.791705E+01  3.823562E+01  1.587562E+01  7.118716E+01  0.000000E+00  0.000000E+00 -5.738135E+01
 3.890000E+02  6.800582E+01  3.827994E+01  1.589705E+01  7.126630E+01  0.000000E+00  0.000000E+00 -5.743747E+01
 3.895000E+02  6.809490E+01  3.832423E+01  1.591867E+01  7.134624E+01  0.000000E+00  0.000000E+00 -5.749424E+01
 3.900000E+02  6.818430E+01  3.836850E+01  1.594049E+01  7.142697E+01  0.000000E+00  0.000000E+00 -5.755166E+01
 3.905000E+02  6.827401E+01  3.841274E+01  1.596250E+01  7.150849E+01  0.000000E+00  0.000000E+00 -5.760972E+01
 3.910000E+02  6.836403E+01  3.845696E+01  1.598470E+01  7.159082E+01  0.000000E+00  0.000000E+00 -5.766844E+01
 3.915000E+02  6.845437E+01  3.850114E+01  1.600710E+01  7.167394E+01  0.000000E+00  0.000000E+00 -5.772782E+01
 3.920000E+02  6.854502E+01  3.854530E+01  1.602970E+01  7.175787E+01  0.000000E+00  0.000000E+00 -5.778786E+01
 3.925000E+02  6.863598E+01  3.858944E+01  1.605249E+01  7.184261E+01  0.000000E+00  0.000000E+00 -5.784856E+01
 3.930000E+02  6.872726E+01  3.863354E+01  1.607548E+01  7.192817E+01  0.000000E+00  0.000000E+00 -5.790993E+01
 3.935000E+02  6.881885E+01  3.867762E+01  1.609866E+01  7.201453E+01  0.000000E+00  0.000000E+00 -5.797196E+01
 3.940000E+02  6.891076E+01  3.872167E+01  1.612204E+01  7.210172E+01  0.000000E+00  0.000000E+00 -5.803468E+01
 3.945000E+02  6.900298E+01  3.876569E+01  1.614563E+01  7.218972E+01  0.000000E+00  0.000000E+00 -5.809806E+01
 3.950000E+02  6.909551E+01  3.880968E+01  1.616941E+01  7.227855E+01  0.000000E+00  0.000000E+00 -5.816213E+01
 3.955000E+02  6.918835E+01  3.885364E+01  1.619338E+01  7.236820E+01  0.000000E+00  0.000000E+00 -5.822687E+01
 3.960000E+02  6.928151E+01  3.889757E+01  1.621756E+01  7.245868E+01  0.000000E+00  0.000000E+00 -5.829230E+01
 3.965000E+02  6.937498E+01  3.894147E+01  1.624194E+01  7.254999E+01  0.000000E+00  0.000000E+00 -5.835842E+01
 3.970000E+02  6.946876E+01  3.898534E+01  1.626652E+01  7.264213E+01  0.000000E+00  0.000000E+00 -5.842523E+01
 3.975000E+02  6.956285E+01  3.902918E+01  1.629129E+01  7.273510E+01  0.000000E+00  0.000000E+00 -5.849273E+01
 3.980000E+02  6.965725E+01  3.907298E+01  1.631627E+01  7.282892E+01  0.000000E+00  0.000000E+00 -5.856092E+01
 3.985000E+02  6.975197E+01  3.911675E+01  1.634145E+01  7.292357E+01  0.000000E+00  0.000000E+00 -5.862981E+01
 3.990000E+02  6.984699E+01  3.916050E+01  1.636683E+01  7.301906E+01  0.000000E+00  0.000000E+00 -5.869940E+01
 3.995000E+02  6.994232E+01  3.920420E+01  1.639241E+01  7.311539E+01  0.000000E+00  0.000000E+00 -5.876968E+01
 4.000000E+02  7.003796E+01  3.924788E+01  1.641819E+01  7.321256E+01  0.000000E+00  0.000000E+00 -5.884068E+01
 4.005000E+02  7.013390E+01  3.929152E+01  1.644417E+01  7.331058E+01  0.000000E+00  0.000000E+00 -5.891237E+01
 4.010000E+02  7.023015E+01  3.933513E+01  1.647035E+01  7.340944E+01  0.000000E+00  0.000000E+00 -5.898477E+01
 4.015000E+02  7.032671E+01  3.937870E+01  1.649674E+01  7.350915E+01  0.000000E+00  0.000000E+00 -5.905788E+01
 4.020000E+02  7.042357E+01  3.942224E+01  1.652332E+01  7.360971E+01  0.000000E+00  0.000000E+00 -5.913170E+01
 4.025000E+02  7.052073E+01  3.946574E+01  1.655010E+01  7.371112E+01  0.000000E+00  0.000000E+00 -5.920623E+01
 4.030000E+02  7.061820E+01  3.950920E+01  1.657709E+01  7.381337E+01  0.000000E+00  0.000000E+00 -5.928148E+01
 4.035000E+02  7.071596E+01  3.955263E+01  1.660428E+01  7.391648E+01  0.000000E+00  0.000000E+00 -5.935743E+01
 4.040000E+02  7.081402E+01  3.959602E+01  1.663166E+01  7.402044E+01  0.000000E+00  0.000000E+00 -5.943411E+01
 4.045000E+02  7.091238E+01  3.963938E+01  1.665925E+01  7.412525E+01  0.000000E+00  0.000000E+00 -5.951150E+01
 4.050000E+02  7.101104E+01  3.968269E+01  1.668703E+01  7.423091E+01  0.000000E+00  0.000000E+00 -5.958960E+01
 4.055000E+02  7.110999E+01  3.972597E+01  1.671502E+01  7.433742E+01  0.000000E+00  0.000000E+00 -5.966843E+01
 4.060000E+02  7.120923E+01  3.976921E+01  1.674320E+01  7.444478E+01  0.000000E+00  0.000000E+00 -5.974797E+01
 4.065000E+02  7.130876E+01  3.981240E+01  1.677159E+01  7.455300E+01  0.000000E+00  0.000000E+00 -5.982823E+01
 4.070000E+02  7.140858E+01  3.985556E+01  1.680017E+01  7.466207E+01  0.000000E+00  0.000000E+00 -5.990922E+01
 4.075000E+02  7.150869E+01  3.989868E+01  1.682895E+01  7.477198E+01  0.000000E+00  0.000000E+00 -5.999092E+01
 4.080000E+02  7.160909E+01  3.994175E+01  1.685792E+01  7.488275E+01  0.000000E+00  0.000000E+00 -6.007335E+01
 4.085000E+02  7.170976E+01  3.998479E+01  1.688710E+01  7.499437E+01  0.000000E+00  0.000000E+00 -6.015649E+01
 4.090000E+02  7.181072E+01  4.002778E+01  1.691646E+01  7.510683E+01  0.000000E+00  0.000000E+00 -6.024036E+01
 4.095000E+02  7.191196E+01  4.007073E+01  1.694603E+01  7.522014E+01  0.000000E+00  0.000000E+00 -6.032495E+01
 4.100000E+02  7.201347E+01  4.011363E+01  1.697579E+01  7.533430E+01  0.000000E+00  0.000000E+00 -6.041026E+01
 4.105000E+02  7.211526E+01  4.015650E+01  1.700574E+01  7.544931E+01  0.000000E+00  0.000000E+00 -6.049629E+01
 4.110000E+02  7.221732E+01  4.019931E+01  1.703589E+01  7.556515E+01  0.000000E+00  0.000000E+00 -6.058304E+01
 4.115000E+02  7.231965E+01  4.024208E+01  1.706623E+01  7.568184E+01  0.000000E+00  0.000000E+00 -6.067051E+01
 4.120000E+02  7.242225E+01  4.028481E+01  1.709676E+01  7.579937E+01  0.000000E+00  0.000000E+00 -6.075869E+01
 4.125000E+02  7.252511E+01  4.032749E+01  1.712748E+01  7.591774E+01  0.000000E+00  0.000000E+00 -6.084760E+01
 4.130000E+02  7.262824E+01  4.037012E+01  1.715839E+01  7.603694E+01  0.000000E+00  0.000000E+00 -6.093722E+01
 4.135000E+02  7.273162E+01  4.041271E+01  1.718949E+01  7.615698E+01  0.000000E+00  0.000000E+00 -6.102756E+01
 4.140000E+02  7.283526E+01  4.045524E+01  1.722078E+01  7.627785E+01  0.000000E+00  0.000000E+00 -6.111862E+01
 4.145000E+02  7.293915E+01  4.049773E+01  1.725225E+01  7.639955E+01  0.000000E+00  0.000000E+00 -6.121039E+01
 4.150000E+02  7.304329E+01  4.054017E+01  1.728391E+01  7.652207E+01  0.000000E+00  0.000000E+00 -6.130287E+01
 4.155000E+02  7.314768E+01  4.058256E+01  1.731575E+01  7.664542E+01  0.000000E+00  0.000000E+00 -6.139606E+01
 4.160000E+02  7.325232E+01  4.062489E+01  1.734778E+01  7.676959E+01  0.000000E+00  0.000000E+00 -6.148995E+01
 4.165000E+02  7.335719E+01  4.066718E+01  1.737999E+01  7.689457E+01  0.000000E+00  0.000000E+00 -6.158456E+01
 4.170000E+02  7.346231E+01  4.070941E+01  1.741238E+01  7.702037E+01  0.000000E+00  0.000000E+00 -6.167987E+01
 4.175000E+02  7.356766E+01  4.075160E+01  1.744495E+01  7.714698E+01  0.000000E+00  0.000000E+00 -6.177588E+01
 4.180000E+02  7.367323E+01  4.079372E+01  1.747770E+01  7.727440E+01  0.000000E+00  0.000000E+00 -6.187259E+01
 4.185000E+02  7.377904E+01  4.083580E+01  1.751062E+01  7.740262E+01  0.000000E+00  0.000000E+00 -6.197000E+01
 4.190000E+02  7.388507E+01  4.087782E+01  1.754372E+01  7.753163E+01  0.000000E+00  0.000000E+00 -6.206811E+01
 4.195000E+02  7.399133E+01  4.091978E+01  1.757699E+01  7.766144E+01  0.000000E+00  0.000000E+00 -6.216690E+01
 4.200000E+02  7.409779E+01  4.096169E+01  1.761044E+01  7.779205E+01  0.000000E+00  0.000000E+00 -6.226639E+01
 4.205000E+02  7.420448E+01  4.100354E+01  1.764405E+01  7.792344E+01  0.000000E+00  0.000000E+00 -6.236656E+01
 4.210000E+02  7.431137E+01  4.104534E+01  1.767783E+01  7.805560E+01  0.000000E+00  0.000000E+00 -6.246742E+01
 4.215000E+02  7.441847E+01  4.108708E+01  1.771178E+01  7.818855E+01  0.000000E+00  0.000000E+00 -6.256895E+01
 4.220000E+02  7.452577E+01  4.112875E+01  1.774590E+01  7.832227E+01  0.000000E+00  0.000000E+00 -6.267116E+01
 4.225000E+02  7.463326E+01  4.117037E+01  1.778018E+01  7.845675E+01  0.000000E+00  0.000000E+00 -6.277405E+01
 4.230000E+02  7.474095E+01  4.121193E+01  1.781462E+01  7.859199E+01  0.000000E+00  0.000000E+00 -6.287760E+01
 4.235000E+02  2.001792E+02  4.413772E-01  4.805708E+01  5.963394E+02  0.000000E+00  0.000000E+00 -4.446587E+02
 4.240000E+02  2.002205E+02  4.410180E-01  4.807182E+01  5.963787E+02  0.000000E+00  0.000000E+00 -4.446711E+02
 4.245000E+02  2.002617E+02  4.406721E-01  4.808654E+01  5.964179E+02  0.000000E+00  0.000000E+00 -4.446834E+02
 4.250000E+02  2.003029E+02  4.403396E-01  4.810125E+01  5.964569E+02  0.000000E+00  0.000000E+00 -4.446956E+02
 4.255000E+02  2.003440E+02  4.400203E-01  4.811593E+01  5.964957E+02  0.000000E+00  0.000000E+00 -4.447077E+02
 4.260000E+02  2.003850E+02  4.397141E-01  4.813060E+01  5.965344E+02  0.000000E+00  0.000000E+00 -4.447197E+02
 4.265000E+02  2.004261E+02  4.394208E-01  4.814525E+01  5.965730E+02  0.000000E+00  0.000000E+00 -4.447316E+02
 4.270000E+02  2.004670E+02  4.391405E-01  4.815989E+01  5.966114E+02  0.000000E+00  0.000000E+00 -4.447434E+02
 4.275000E+02  2.005079E+02  4.388729E-01  4.817450E+01  5.966496E+02  0.000000E+00  0.000000E+00 -4.447551E+02
 4.280000E+02  2.005488E+02  4.386181E-01  4.818910E+01  5.966878E+02  0.000000E+00  0.000000E+00 -4.447667E+02
 4.285000E+02  2.005896E+02  4.383758E-01  4.820369E+01  5.967257E+02  0.000000E+00  0.000000E+00 -4.447782E+02
 4.290000E+02  2.006303E+02  4.381461E-01  4.821825E+01  5.967636E+02  0.000000E+00  0.000000E+00 -4.447897E+02
 4.295000E+02  2.006710E+02  4.379288E-01  4.823280E+01  5.968013E+02  0.000000E+00  0.000000E+00 -4.448010E+02
 4.300000E+02  2.007117E+02  4.377238E-01  4.824733E+01  5.968388E+02  0.000000E+00  0.000000E+00 -4.448122E+02
 4.305000E+02  2.007523E+02  4.375310E-01  4.826185E+01  5.968763E+02  0.000000E+00  0.000000E+00 -4.448234E+02
 4.310000E+02  2.007928E+02  4.373504E-01  4.827635E+01  5.969135E+02  0.000000E+00  0.000000E+00 -4.448344E+02
 4.315000E+02  2.008333E+02  4.371819E-01  4.829083E+01  5.969507E+02  0.000000E+00  0.000000E+00 -4.448454E+02
 4.320000E+02  2.008737E+02  4.370254E-01  4.830529E+01  5.969877E+02  0.000000E+00  0.000000E+00 -4.448563E+02
 4.325000E+02  2.009141E+02  4.368807E-01  4.831974E+01  5.970246E+02  0.000000E+00  0.000000E+00 -4.448671E+02
 4.330000E+02  2.009545E+02  4.367479E-01  4.833417E+01  5.970614E+02  0.000000E+00  0.000000E+00 -4.448778E+02
 4.335000E+02  2.009948E+02  4.366267E-01  4.834858E+01  5.970980E+02  0.000000E+00  0.000000E+00 -4.448884E+02
 4.340000E+02  2.010350E+02  4.365173E-01  4.836298E+01  5.971345E+02  0.000000E+00  0.000000E+00 -4.448990E+02
 4.345000E+02  2.010752E+02  4.364194E-01  4.837736E+01  5.971709E+02  0.000000E+00  0.000000E+00 -4.449094E+02
 4.350000E+02  2.011154E+02  4.363329E-01  4.839173E+01  5.972071E+02  0.000000E+00  0.000000E+00 -4.449198E+02
 4.355000E+02  2.011555E+02  4.362579E-01  4.840607E+01  5.972432E+02  0.000000E+00  0.000000E+00 -4.449301E+02
 4.360000E+02  2.011955E+02  4.361942E-01  4.842041E+01  5.972792E+02  0.000000E+00  0.000000E+00 -4.449403E+02
 4.365000E+02  2.012355E+02  4.361418E-01  4.843472E+01  5.973151E+02  0.000000E+00  0.000000E+00 -4.449504E+02
 4.370000E+02  2.012755E+02  4.361005E-01  4.844902E+01  5.973509E+02  0.000000E+00  0.000000E+00 -4.449605E+02
 4.375000E+02  2.013154E+02  4.360704E-01  4.846330E+01  5.973865E+02  0.000000E+00  0.000000E+00 -4.449705E+02
 4.380000E+02  2.013553E+02  4.360512E-01  4.847757E+01  5.974220E+02  0.000000E+00  0.000000E+00 -4.449804E+02
 4.385000E+02  2.013951E+02  4.360431E-01  4.849182E+01  5.974574E+02  0.000000E+00  0.000000E+00 -4.449902E+02
 4.390000E+02  2.014349E+02  4.360458E-01  4.850605E+01  5.974927E+02  0.000000E+00  0.000000E+00 -4.449999E+02
 4.395000E+02  2.014746E+02  4.360593E-01  4.852027E+01  5.975279E+02  0.000000E+00  0.000000E+00 -4.450096E+02
 4.400000E+02  2.015142E+02  4.360836E-01  4.853447E+01  5.975629E+02  0.000000E+00  0.000000E+00 -4.450192E+02
 4.405000E+02  2.015539E+02  4.361185E-01  4.854865E+01  5.975978E+02  0.000000E+00  0.000000E+00 -4.450287E+02
 4.410000E+02  2.015935E+02  4.361640E-01  4.856282E+01  5.976327E+02  0.000000E+00  0.000000E+00 -4.450382E+02
 4.415000E+02  2.016330E+02  4.362201E-01  4.857697E+01  5.976674E+02  0.000000E+00  0.000000E+00 -4.450476E+02
 4.420000E+02  2.016725E+02  4.362866E-01  4.859111E+01  5.977020E+02  0.000000E+00  0.000000E+00 -4.450569E+02
 4.425000E+02  2.017119E+02  4.363636E-01  4.860523E+01  5.977364E+02  0.000000E+00  0.000000E+00 -4.450661E+02
 4.430000E+02  2.017513E+02  4.364508E-01  4.861934E+01  5.977708E+02  0.000000E+00  0.000000E+00 -4.450753E+02
 4.435000E+02  2.017907E+02  4.365484E-01  4.863342E+01  5.978051E+02  0.000000E+00  0.000000E+00 -4.450844E+02
 4.440000E+02  2.018300E+02  4.366561E-01  4.864750E+01  5.978392E+02  0.000000E+00  0.000000E+00 -4.450934E+02
 4.445000E+02  2.018692E+02  4.367740E-01  4.866155E+01  5.978733E+02  0.000000E+00  0.000000E+00 -4.451024E+02
 4.450000E+02  2.019084E+02  4.369020E-01  4.867560E+01  5.979072E+02  0.000000E+00  0.000000E+00 -4.451113E+02
 4.455000E+02  2.019476E+02  4.370400E-01  4.868962E+01  5.979410E+02  0.000000E+00  0.000000E+00 -4.451201E+02
 4.460000E+02  2.019867E+02  4.371879E-01  4.870363E+01  5.979748E+02  0.000000E+00  0.000000E+00 -4.451289E+02
 4.465000E+02  2.020258E+02  4.373458E-01  4.871762E+01  5.980084E+02  0.000000E+00  0.000000E+00 -4.451376E+02
 4.470000E+02  2.020648E+02  4.375135E-01  4.873160E+01  5.980419E+02  0.000000E+00  0.000000E+00 -4.451462E+02
 4.475000E+02  2.021038E+02  4.376909E-01  4.874557E+01  5.980753E+02  0.000000E+00  0.000000E+00 -4.451548E+02
 4.480000E+02  2.021428E+02  4.378781E-01  4.875951E+01  5.981086E+02  0.000000E+00  0.000000E+00 -4.451633E+02
 4.485000E+02  2.021817E+02  4.380750E-01  4.877344E+01  5.981419E+02  0.000000E+00  0.000000E+00 -4.451717E+02
 4.490000E+02  2.022205E+02  4.382814E-01  4.878736E+01  5.981750E+02  0.000000E+00  0.000000E+00 -4.451801E+02
 4.495000E+02  2.022593E+02  4.384974E-01  4.880126E+01  5.982080E+02  0.000000E+00  0.000000E+00 -4.451884E+02
 4.500000E+02  2.022981E+02  4.387229E-01  4.881515E+01  5.982409E+02  0.000000E+00  0.000000E+00 -4.451967E+02
 4.505000E+02  2.023368E+02  4.389578E-01  4.882902E+01  5.982737E+02  0.000000E+00  0.000000E+00 -4.452049E+02
 4.510000E+02  2.023755E+02  4.392021E-01  4.884287E+01  5.983064E+02  0.000000E+00  0.000000E+00 -4.452130E+02
 4.515000E+02  2.024142E+02  4.394557E-01  4.885671E+01  5.983391E+02  0.000000E+00  0.000000E+00 -4.452211E+02
 4.520000E+02  2.024528E+02  4.397186E-01  4.887053E+01  5.983716E+02  0.000000E+00  0.000000E+00 -4.452291E+02
 4.525000E+02  2.024913E+02  4.399907E-01  4.888434E+01  5.984040E+02  0.000000E+00  0.000000E+00 -4.452370E+02
 4.530000E+02  2.025298E+02  4.402720E-01  4.889813E+01  5.984364E+02  0.000000E+00  0.000000E+00 -4.452450E+02
 4.535000E+02  2.025683E+02  4.405624E-01  4.891191E+01  5.984686E+02  0.000000E+00  0.000000E+00 -4.452528E+02
 4.540000E+02  2.026067E+02  4.408618E-01  4.892567E+01  5.985008E+02  0.000000E+00  0.000000E+00 -4.452606E+02
 4.545000E+02  2.026451E+02  4.411703E-01  4.893942E+01  5.985328E+02  0.000000E+00  0.000000E+00 -4.452683E+02
 4.550000E+02  2.026835E+02  4.414877E-01  4.895315E+01  5.985648E+02  0.000000E+00  0.000000E+00 -4.452760E+02
 4.555000E+02  2.027218E+02  4.418141E-01  4.896687E+01  5.985967E+02  0.000000E+00  0.000000E+00 -4.452836E+02
 4.560000E+02  2.027600E+02  4.421493E-01  4.898057E+01  5.986285E+02  0.000000E+00  0.000000E+00 -4.452912E+02
 4.565000E+02  2.027982E+02  4.424933E-01  4.899426E+01  5.986602E+02  0.000000E+00  0.000000E+00 -4.452987E+02
 4.570000E+02  2.028364E+02  4.428460E-01  4.900793E+01  5.986918E+02  0.000000E+00  0.000000E+00 -4.453062E+02
 4.575000E+02  2.028745E+02  4.432075E-01  4.902159E+01  5.987233E+02  0.000000E+00  0.000000E+00 -4.453136E+02
 4.580000E+02  2.029126E+02  4.435777E-01  4.903523E+01  5.987547E+02  0.000000E+00  0.000000E+00 -4.453209E+02
 4.585000E+02  2.029507E+02  4.439565E-01  4.904886E+01  5.987861E+02  0.000000E+00  0.000000E+00 -4.453282E+02
 4.590000E+02  2.029887E+02  4.443438E-01  4.906247E+01  5.988174E+02  0.000000E+00  0.000000E+00 -4.453355E+02
 4.595000E+02  2.030267E+02  4.447397E-01  4.907607E+01  5.988485E+02  0.000000E+00  0.000000E+00 -4.453427E+02
 4.600000E+02  2.030646E+02  4.451441E-01  4.908965E+01  5.988796E+02  0.000000E+00  0.000000E+00 -4.453498E+02
 4.605000E+02  2.031025E+02  4.455568E-01  4.910322E+01  5.989106E+02  0.000000E+00  0.000000E+00 -4.453569E+02
 4.610000E+02  2.031403E+02  4.459780E-01  4.911677E+01  5.989416E+02  0.000000E+00  0.000000E+00 -4.453640E+02
 4.615000E+02  2.031781E+02  4.464076E-01  4.913031E+01  5.989724E+02  0.000000E+00  0.000000E+00 -4.453710E+02
 4.620000E+02  2.032159E+02  4.468454E-01  4.914384E+01  5.990031E+02  0.000000E+00  0.000000E+00 -4.453779E+02
 4.625000E+02  2.032536E+02  4.472915E-01  4.915735E+01  5.990338E+02  0.000000E+00  0.000000E+00 -4.453848E+02
 4.630000E+02  2.032913E+02  4.477458E-01  4.917084E+01  5.990644E+02  0.000000E+00  0.000000E+00 -4.453917E+02
 4.635000E+02  2.033290E+02  4.482083E-01  4.918432E+01  5.990949E+02  0.000000E+00  0.000000E+00 -4.453985E+02
 4.640000E+02  2.033666E+02  4.486790E-01  4.919779E+01  5.991254E+02  0.000000E+00  0.000000E+00 -4.454052E+02
 4.645000E+02  2.034042E+02  4.491577E-01  4.921124E+01  5.991557E+02  0.000000E+00  0.000000E+00 -4.454119E+02
 4.650000E+02  2.034417E+02  4.496444E-01  4.922467E+01  5.991860E+02  0.000000E+00  0.000000E+00 -4.454186E+02
 4.655000E+02  2.034792E+02  4.501392E-01  4.923810E+01  5.992162E+02  0.000000E+00  0.000000E+00 -4.454252E+02
 4.660000E+02  2.035166E+02  4.506419E-01  4.925150E+01  5.992463E+02  0.000000E+00  0.000000E+00 -4.454318E+02
 4.665000E+02  2.035540E+02  4.511526E-01  4.926490E+01  5.992763E+02  0.000000E+00  0.000000E+00 -4.454383E+02
 4.670000E+02  2.035914E+02  4.516712E-01  4.927828E+01  5.993063E+02  0.000000E+00  0.000000E+00 -4.454448E+02
 4.675000E+02  2.036287E+02  4.521976E-01  4.929164E+01  5.993362E+02  0.000000E+00  0.000000E+00 -4.454513E+02
 4.680000E+02  2.036660E+02  4.527318E-01  4.930499E+01  5.993660E+02  0.000000E+00  0.000000E+00 -4.454577E+02
 4.685000E+02  2.037033E+02  4.532738E-01  4.931833E+01  5.993957E+02  0.000000E+00  0.000000E+00 -4.454640E+02
 4.690000E+02  2.037405E+02  4.538235E-01  4.933165E+01  5.994254E+02  0.000000E+00  0.000000E+00 -4.454703E+02
 4.695000E+02  2.037777E+02  4.543809E-01  4.934496E+01  5.994549E+02  0.000000E+00  0.000000E+00 -4.454766E+02
 4.700000E+02  2.038148E+02  4.549459E-01  4.935825E+01  5.994845E+02  0.000000E+00  0.000000E+00 -4.454828E+02
 4.705000E+02  2.038519E+02  4.555186E-01  4.937153E+01  5.995139E+02  0.000000E+00  0.000000E+00 -4.454890E+02
 4.710000E+02  2.038890E+02  4.560989E-01  4.938480E+01  5.995432E+02  0.000000E+00  0.000000E+00 -4.454951E+02
 4.715000E+02  2.039260E+02  4.566867E-01  4.939805E+01  5.995725E+02  0.000000E+00  0.000000E+00 -4.455012E+02
 4.720000E+02  2.039630E+02  4.572820E-01  4.941128E+01  5.996017E+02  0.000000E+00  0.000000E+00 -4.455073E+02
 4.725000E+02  2.040000E+02  4.578848E-01  4.942451E+01  5.996309E+02  0.000000E+00  0.000000E+00 -4.455133E+02
 4.730000E+02  2.040369E+02  4.584950E-01  4.943772E+01  5.996600E+02  0.000000E+00  0.000000E+00 -4.455193E+02
 4.735000E+02  2.040738E+02  4.591126E-01  4.945091E+01  5.996890E+02  0.000000E+00  0.000000E+00 -4.455252E+02
 4.740000E+02  2.041106E+02  4.597376E-01  4.946409E+01  5.997179E+02  0.000000E+00  0.000000E+00 -4.455311E+02
 4.745000E+02  2.041474E+02  4.603699E-01  4.947726E+01  5.997468E+02  0.000000E+00  0.000000E+00 -4.455370E+02
 4.750000E+02  2.041842E+02  4.610096E-01  4.949041E+01  5.997756E+02  0.000000E+00  0.000000E+00 -4.455428E+02
 4.755000E+02  2.042209E+02  4.616564E-01  4.950355E+01  5.998043E+02  0.000000E+00  0.000000E+00 -4.455486E+02
 4.760000E+02  2.042576E+02  4.623106E-01  4.951668E+01  5.998329E+02  0.000000E+00  0.000000E+00 -4.455543E+02
 4.765000E+02  2.042942E+02  4.629719E-01  4.952979E+01  5.998615E+02  0.000000E+00  0.000000E+00 -4.455600E+02
 4.770000E+02  2.043309E+02  4.636403E-01  4.954289E+01  5.998900E+02  0.000000E+00  0.000000E+00 -4.455657E+02
 4.775000E+02  2.043674E+02  4.643159E-01  4.955597E+01  5.999185E+02  0.000000E+00  0.000000E+00 -4.455713E+02
 4.780000E+02  2.044040E+02  4.649986E-01  4.956904E+01  5.999469E+02  0.000000E+00  0.000000E+00 -4.455769E+02
 4.785000E+02  2.044405E+02  4.656884E-01  4.958210E+01  5.999752E+02  0.000000E+00  0.000000E+00 -4.455825E+02
 4.790000E+02  2.044770E+02  4.663852E-01  4.959514E+01  6.000034E+02  0.000000E+00  0.000000E+00 -4.455880E+02
 4.795000E+02  2.045134E+02  4.670889E-01  4.960817E+01  6.000316E+02  0.000000E+00  0.000000E+00 -4.455935E+02
 4.800000E+02  2.045498E+02  4.677997E-01  4.962119E+01  6.000598E+02  0.000000E+00  0.000000E+00 -4.455989E+02
 4.805000E+02  2.045862E+02  4.685174E-01  4.963419E+01  6.000878E+02  0.000000E+00  0.000000E+00 -4.456044E+02
 4.810000E+02  2.046225E+02  4.692420E-01  4.964718E+01  6.001158E+02  0.000000E+00  0.000000E+00 -4.456097E+02
 4.815000E+02  2.046588E+02  4.699735E-01  4.966016E+01  6.001437E+02  0.000000E+00  0.000000E+00 -4.456151E+02
 4.820000E+02  2.046950E+02  4.707118E-01  4.967312E+01  6.001716E+02  0.000000E+00  0.000000E+00 -4.456204E+02
 4.825000E+02  2.047313E+02  4.714569E-01  4.968607E+01  6.001994E+02  0.000000E+00  0.000000E+00 -4.456257E+02
 4.830000E+02  2.047674E+02  4.722088E-01  4.969900E+01  6.002271E+02  0.000000E+00  0.000000E+00 -4.456309E+02
 4.835000E+02  2.048036E+02  4.729675E-01  4.971192E+01  6.002548E+02  0.000000E+00  0.000000E+00 -4.456361E+02
 4.840000E+02  2.048397E+02  4.737329E-01  4.972483E+01  6.002824E+02  0.000000E+00  0.000000E+00 -4.456413E+02
 4.845000E+02  2.048758E+02  4.745050E-01  4.973773E+01  6.003100E+02  0.000000E+00  0.000000E+00 -4.456464E+02
 4.850000E+02  2.049118E+02  4.752838E-01  4.975061E+01  6.003375E+02  0.000000E+00  0.000000E+00 -4.456515E+02
 4.855000E+02  2.049478E+02  4.760692E-01  4.976348E+01  6.003649E+02  0.000000E+00  0.000000E+00 -4.456566E+02
 4.860000E+02  2.049838E+02  4.768612E-01  4.977633E+01  6.003923E+02  0.000000E+00  0.000000E+00 -4.456616E+02
 4.865000E+02  2.050198E+02  4.776598E-01  4.978917E+01  6.004196E+02  0.000000E+00  0.000000E+00 -4.456667E+02
 4.870000E+02  2.050557E+02  4.784649E-01  4.980200E+01  6.004468E+02  0.000000E+00  0.000000E+00 -4.456716E+02
 4.875000E+02  2.050915E+02  4.792766E-01  4.981482E+01  6.004740E+02  0.000000E+00  0.000000E+00 -4.456766E+02
 4.880000E+02  2.051274E+02  4.800948E-01  4.982762E+01  6.005012E+02  0.000000E+00  0.000000E+00 -4.456815E+02
 4.885000E+02  2.051632E+02  4.809194E-01  4.984041E+01  6.005282E+02  0.000000E+00  0.000000E+00 -4.456864E+02
 4.890000E+02  2.051989E+02  4.817505E-01  4.985319E+01  6.005552E+02  0.000000E+00  0.000000E+00 -4.456912E+02
 4.895000E+02  2.052347E+02  4.825880E-01  4.986595E+01  6.005822E+02  0.000000E+00  0.000000E+00 -4.456961E+02
 4.900000E+02  2.052704E+02  4.834319E-01  4.987870E+01  6.006091E+02  0.000000E+00  0.000000E+00 -4.457009E+02
 4.905000E+02  2.053060E+02  4.842822E-01  4.989144E+01  6.006359E+02  0.000000E+00  0.000000E+00 -4.457056E+02
 4.910000E+02  2.053417E+02  4.851388E-01  4.990416E+01  6.006627E+02  0.000000E+00  0.000000E+00 -4.457103E+02
 4.915000E+02  2.053773E+02  4.860017E-01  4.991687E+01  6.006895E+02  0.000000E+00  0.000000E+00 -4.457151E+02
 4.920000E+02  2.054128E+02  4.868709E-01  4.992957E+01  6.007161E+02  0.000000E+00  0.000000E+00 -4.457197E+02
 4.925000E+02  2.054484E+02  4.877464E-01  4.994225E+01  6.007427E+02  0.000000E+00  0.000000E+00 -4.457244E+02
 4.930000E+02  2.054839E+02  4.886281E-01  4.995493E+01  6.007693E+02  0.000000E+00  0.000000E+00 -4.457290E+02
 4.935000E+02  2.055193E+02  4.895160E-01  4.996759E+01  6.007958E+02  0.000000E+00  0.000000E+00 -4.457336E+02
 4.940000E+02  2.055548E+02  4.904101E-01  4.998023E+01  6.008222E+02  0.000000E+00  0.000000E+00 -4.457381E+02
 4.945000E+02  2.055902E+02  4.913103E-01  4.999287E+01  6.008486E+02  0.000000E+00  0.000000E+00 -4.457427E+02
 4.950000E+02  2.056255E+02  4.922167E-01  5.000549E+01  6.008750E+02  0.000000E+00  0.000000E+00 -4.457472E+02
 4.955000E+02  2.056608E+02  4.931292E-01  5.001809E+01  6.009013E+02  0.000000E+00  0.000000E+00 -4.457516E+02
 4.960000E+02  2.056961E+02  4.940478E-01  5.003069E+01  6.009275E+02  0.000000E+00  0.000000E+00 -4.457561E+02
 4.965000E+02  2.057314E+02  4.949725E-01  5.004327E+01  6.009537E+02  0.000000E+00  0.000000E+00 -4.457605E+02
 4.970000E+02  2.057666E+02  4.959031E-01  5.005584E+01  6.009798E+02  0.000000E+00  0.000000E+00 -4.457649E+02
 4.975000E+02  2.058018E+02  4.968399E-01  5.006840E+01  6.010059E+02  0.000000E+00  0.000000E+00 -4.457693E+02
 4.980000E+02  2.058370E+02  4.977825E-01  5.008094E+01  6.010319E+02  0.000000E+00  0.000000E+00 -4.457736E+02
 4.985000E+02  2.058721E+02  4.987312E-01  5.009348E+01  6.010579E+02  0.000000E+00  0.000000E+00 -4.457779E+02
 4.990000E+02  2.059072E+02  4.996858E-01  5.010600E+01  6.010838E+02  0.000000E+00  0.000000E+00 -4.457822E+02
 4.995000E+02  2.059423E+02  5.006464E-01  5.011850E+01  6.011096E+02  0.000000E+00  0.000000E+00 -4.457865E+02
 5.000000E+02  2.059773E+02  5.016128E-01  5.013100E+01  6.011354E+02  0.000000E+00  0.000000E+00 -4.457907E+02
