# T/K; A/kJ
#           T           tot           vib           rot         trans          elec            mf          indi
 2.000000E+02  2.146176E-01  6.818022E+01 -2.375421E+00 -1.250346E+01 -4.687529E+01 -1.695277E+01  1.074133E+01
 2.005000E+02  1.928251E-01  6.817033E+01 -2.382141E+00 -1.253603E+01 -4.687529E+01 -1.695223E+01  1.076818E+01
 2.010000E+02  1.709997E-01  6.816042E+01 -2.388863E+00 -1.256861E+01 -4.687528E+01 -1.695170E+01  1.079504E+01
 2.015000E+02  1.491414E-01  6.815048E+01 -2.395586E+00 -1.260119E+01 -4.687528E+01 -1.695117E+01  1.082189E+01
 2.020000E+02  1.272503E-01  6.814050E+01 -2.402312E+00 -1.263377E+01 -4.687528E+01 -1.695063E+01  1.084874E+01
 2.025000E+02  1.053264E-01  6.813051E+01 -2.409039E+00 -1.266636E+01 -4.687527E+01 -1.695010E+01  1.087559E+01
 2.030000E+02  8.336975E-02  6.812048E+01 -2.415768E+00 -1.269895E+01 -4.687527E+01 -1.694957E+01  1.090245E+01
 2.035000E+02  6.138035E-02  6.811043E+01 -2.422500E+00 -1.273155E+01 -4.687526E+01 -1.694904E+01  1.092930E+01
 2.040000E+02  3.935826E-02  6.810034E+01 -2.429233E+00 -1.276415E+01 -4.687526E+01 -1.694850E+01  1.095615E+01
 2.045000E+02  1.730350E-02  6.809024E+01 -2.435968E+00 -1.279675E+01 -4.687525E+01 -1.694797E+01  1.098301E+01
 2.050000E+02 -4.783900E-03  6.808010E+01 -2.442705E+00 -1.282935E+01 -4.687525E+01 -1.694744E+01  1.100986E+01
 2.055000E+02 -2.690390E-02  6.806994E+01 -2.449444E+00 -1.286196E+01 -4.687524E+01 -1.694690E+01  1.103671E+01
 2.060000E+02 -4.905646E-02  6.805974E+01 -2.456186E+00 -1.289457E+01 -4.687524E+01 -1.694637E+01  1.106357E+01
 2.065000E+02 -7.124157E-02  6.804952E+01 -2.462929E+00 -1.292719E+01 -4.687523E+01 -1.694584E+01  1.109042E+01
 2.070000E+02 -9.345918E-02  6.803928E+01 -2.469673E+00 -1.295981E+01 -4.687523E+01 -1.694530E+01  1.111727E+01
 2.075000E+02 -1.157093E-01  6.802900E+01 -2.476420E+00 -1.299243E+01 -4.687522E+01 -1.694477E+01  1.114412E+01
 2.080000E+02 -1.379918E-01  6.801870E+01 -2.483169E+00 -1.302505E+01 -4.687521E+01 -1.694424E+01  1.117098E+01
 2.085000E+02 -1.603067E-01  6.800837E+01 -2.489920E+00 -1.305768E+01 -4.687521E+01 -1.694370E+01  1.119783E+01
 2.090000E+02 -1.826540E-01  6.799802E+01 -2.496672E+00 -1.309031E+01 -4.687520E+01 -1.694317E+01  1.122468E+01
 2.095000E+02 -2.050337E-01  6.798763E+01 -2.503427E+00 -1.312295E+01 -4.687519E+01 -1.694264E+01  1.125154E+01
 2.100000E+02 -2.274457E-01  6.797722E+01 -2.510183E+00 -1.315558E+01 -4.687519E+01 -1.694210E+01  1.127839E+01
 2.105000E+02 -2.498899E-01  6.796678E+01 -2.516942E+00 -1.318823E+01 -4.687518E+01 -1.694157E+01  1.130524E+01
 2.110000E+02 -2.723665E-01  6.795632E+01 -2.523702E+00 -1.322087E+01 -4.687517E+01 -1.694104E+01  1.133210E+01
 2.115000E+02 -2.948752E-01  6.794582E+01 -2.530464E+00 -1.325352E+01 -4.687516E+01 -1.694050E+01  1.135895E+01
 2.120000E+02 -3.174161E-01  6.793530E+01 -2.537228E+00 -1.328617E+01 -4.687515E+01 -1.693997E+01  1.138580E+01
 2.125000E+02 -3.399892E-01  6.792476E+01 -2.543994E+00 -1.331883E+01 -4.687514E+01 -1.693944E+01  1.141266E+01
 2.130000E+02 -3.625944E-01  6.791418E+01 -2.550762E+00 -1.335149E+01 -4.687513E+01 -1.693890E+01  1.143951E+01
 2.135000E+02 -3.852317E-01  6.790358E+01 -2.557532E+00 -1.338415E+01 -4.687512E+01 -1.693837E+01  1.146636E+01
 2.140000E+02 -4.079011E-01  6.789295E+01 -2.564304E+00 -1.341681E+01 -4.687511E+01 -1.693784E+01  1.149322E+01
 2.145000E+02 -4.306025E-01  6.788229E+01 -2.571077E+00 -1.344948E+01 -4.687510E+01 -1.693730E+01  1.152007E+01
 2.150000E+02 -4.533360E-01  6.787161E+01 -2.577853E+00 -1.348215E+01 -4.687509E+01 -1.693677E+01  1.154692E+01
 2.155000E+02 -4.761013E-01  6.786090E+01 -2.584630E+00 -1.351483E+01 -4.687508E+01 -1.693623E+01  1.157378E+01
 2.160000E+02 -4.988987E-01  6.785016E+01 -2.591410E+00 -1.354751E+01 -4.687507E+01 -1.693570E+01  1.160063E+01
 2.165000E+02 -5.217280E-01  6.783939E+01 -2.598191E+00 -1.358019E+01 -4.687506E+01 -1.693517E+01  1.162748E+01
 2.170000E+02 -5.445891E-01  6.782860E+01 -2.604974E+00 -1.361288E+01 -4.687505E+01 -1.693463E+01  1.165434E+01
 2.175000E+02 -5.674821E-01  6.781778E+01 -2.611759E+00 -1.364556E+01 -4.687503E+01 -1.693410E+01  1.168119E+01
 2.180000E+02 -5.904069E-01  6.780693E+01 -2.618546E+00 -1.367826E+01 -4.687502E+01 -1.693356E+01  1.170805E+01
 2.185000E+02 -6.133635E-01  6.779606E+01 -2.625335E+00 -1.371095E+01 -4.687501E+01 -1.693303E+01  1.173490E+01
 2.190000E+02 -6.363519E-01  6.778516E+01 -2.632125E+00 -1.374365E+01 -4.687499E+01 -1.693250E+01  1.176175E+01
 2.195000E+02 -6.593720E-01  6.777423E+01 -2.638918E+00 -1.377635E+01 -4.687498E+01 -1.693196E+01  1.178861E+01
 2.200000E+02 -6.824239E-01  6.776328E+01 -2.645712E+00 -1.380906E+01 -4.687496E+01 -1.693143E+01  1.181546E+01
 2.205000E+02 -7.055074E-01  6.775229E+01 -2.652509E+00 -1.384177E+01 -4.687494E+01 -1.693089E+01  1.184232E+01
 2.210000E+02 -7.286225E-01  6.774128E+01 -2.659307E+00 -1.387448E+01 -4.687493E+01 -1.693036E+01  1.186917E+01
 2.215000E+02 -7.517693E-01  6.773025E+01 -2.666107E+00 -1.390720E+01 -4.687491E+01 -1.692982E+01  1.189602E+01
 2.220000E+02 -7.749476E-01  6.771918E+01 -2.672909E+00 -1.393992E+01 -4.687489E+01 -1.692929E+01  1.192288E+01
 2.225000E+02 -7.981576E-01  6.770809E+01 -2.679713E+00 -1.397264E+01 -4.687487E+01 -1.692876E+01  1.194973E+01
 2.230000E+02 -8.213990E-01  6.769698E+01 -2.686519E+00 -1.400537E+01 -4.687485E+01 -1.692822E+01  1.197659E+01
 2.235000E+02 -8.446719E-01  6.768583E+01 -2.693327E+00 -1.403810E+01 -4.687483E+01 -1.692769E+01  1.200344E+01
 2.240000E+02 -8.679764E-01  6.767466E+01 -2.700136E+00 -1.407083E+01 -4.687481E+01 -1.692715E+01  1.203030E+01
 2.245000E+02 -8.913122E-01  6.766346E+01 -2.706948E+00 -1.410357E+01 -4.687479E+01 -1.692662E+01  1.205715E+01
 2.250000E+02 -9.146795E-01  6.765224E+01 -2.713761E+00 -1.413631E+01 -4.687477E+01 -1.692608E+01  1.208401E+01
 2.255000E+02 -9.380782E-01  6.764099E+01 -2.720576E+00 -1.416906E+01 -4.687475E+01 -1.692555E+01  1.211086E+01
 2.260000E+02 -9.615082E-01  6.762971E+01 -2.727394E+00 -1.420181E+01 -4.687472E+01 -1.692501E+01  1.213772E+01
 2.265000E+02 -9.849696E-01  6.761840E+01 -2.734213E+00 -1.423456E+01 -4.687470E+01 -1.692448E+01  1.216457E+01
 2.270000E+02 -1.008462E+00  6.760707E+01 -2.741034E+00 -1.426731E+01 -4.687467E+01 -1.692394E+01  1.219143E+01
 2.275000E+02 -1.031986E+00  6.759571E+01 -2.747857E+00 -1.430007E+01 -4.687464E+01 -1.692341E+01  1.221829E+01
 2.280000E+02 -1.055541E+00  6.758432E+01 -2.754682E+00 -1.433283E+01 -4.687462E+01 -1.692287E+01  1.224514E+01
 2.285000E+02 -1.079128E+00  6.757291E+01 -2.761508E+00 -1.436560E+01 -4.687459E+01 -1.692234E+01  1.227200E+01
 2.290000E+02 -1.102745E+00  6.756147E+01 -2.768337E+00 -1.439837E+01 -4.687456E+01 -1.692180E+01  1.229886E+01
 2.295000E+02 -1.126394E+00  6.755001E+01 -2.775168E+00 -1.443114E+01 -4.687453E+01 -1.692127E+01  1.232571E+01
 2.300000E+02 -1.150074E+00  6.753851E+01 -2.782000E+00 -1.446392E+01 -4.687450E+01 -1.692073E+01  1.235257E+01
 2.305000E+02 -1.173785E+00  6.752699E+01 -2.788835E+00 -1.449670E+01 -4.687447E+01 -1.692020E+01  1.237943E+01
 2.310000E+02 -1.197527E+00  6.751545E+01 -2.795671E+00 -1.452949E+01 -4.687443E+01 -1.691966E+01  1.240628E+01
 2.315000E+02 -1.221300E+00  6.750387E+01 -2.802510E+00 -1.456228E+01 -4.687440E+01 -1.691913E+01  1.243314E+01
 2.320000E+02 -1.245104E+00  6.749227E+01 -2.809350E+00 -1.459507E+01 -4.687436E+01 -1.691859E+01  1.246000E+01
 2.325000E+02 -1.268939E+00  6.748064E+01 -2.816192E+00 -1.462787E+01 -4.687433E+01 -1.691806E+01  1.248686E+01
 2.330000E+02 -1.292806E+00  6.746899E+01 -2.823036E+00 -1.466067E+01 -4.687429E+01 -1.691752E+01  1.251372E+01
 2.335000E+02 -1.316703E+00  6.745731E+01 -2.829883E+00 -1.469347E+01 -4.687425E+01 -1.691699E+01  1.254058E+01
 2.340000E+02 -1.340631E+00  6.744560E+01 -2.836731E+00 -1.472628E+01 -4.687421E+01 -1.691645E+01  1.256744E+01
 2.345000E+02 -1.364589E+00  6.743387E+01 -2.843581E+00 -1.475909E+01 -4.687417E+01 -1.691592E+01  1.259430E+01
 2.350000E+02 -1.388579E+00  6.742211E+01 -2.850433E+00 -1.479191E+01 -4.687412E+01 -1.691538E+01  1.262116E+01
 2.355000E+02 -1.412600E+00  6.741032E+01 -2.857287E+00 -1.482473E+01 -4.687408E+01 -1.691485E+01  1.264802E+01
 2.360000E+02 -1.436651E+00  6.739851E+01 -2.864143E+00 -1.485755E+01 -4.687403E+01 -1.691431E+01  1.267488E+01
 2.365000E+02 -1.460733E+00  6.738667E+01 -2.871001E+00 -1.489038E+01 -4.687398E+01 -1.691377E+01  1.270174E+01
 2.370000E+02 -1.484846E+00  6.737480E+01 -2.877862E+00 -1.492321E+01 -4.687393E+01 -1.691324E+01  1.272860E+01
 2.375000E+02 -1.508990E+00  6.736291E+01 -2.884724E+00 -1.495605E+01 -4.687388E+01 -1.691270E+01  1.275546E+01
 2.380000E+02 -1.533164E+00  6.735099E+01 -2.891588E+00 -1.498889E+01 -4.687383E+01 -1.691217E+01  1.278233E+01
 2.385000E+02 -1.557370E+00  6.733904E+01 -2.898454E+00 -1.502174E+01 -4.687378E+01 -1.691163E+01  1.280919E+01
 2.390000E+02 -1.581605E+00  6.732706E+01 -2.905322E+00 -1.505459E+01 -4.687372E+01 -1.691109E+01  1.283605E+01
 2.395000E+02 -1.605872E+00  6.731506E+01 -2.912193E+00 -1.508744E+01 -4.687366E+01 -1.691056E+01  1.286292E+01
 2.400000E+02 -1.630169E+00  6.730304E+01 -2.919065E+00 -1.512030E+01 -4.687360E+01 -1.691002E+01  1.288978E+01
 2.405000E+02 -1.654496E+00  6.729098E+01 -2.925939E+00 -1.515316E+01 -4.687354E+01 -1.690949E+01  1.291665E+01
 2.410000E+02 -1.678854E+00  6.727890E+01 -2.932816E+00 -1.518603E+01 -4.687348E+01 -1.690895E+01  1.294352E+01
 2.415000E+02 -1.703243E+00  6.726680E+01 -2.939694E+00 -1.521890E+01 -4.687341E+01 -1.690841E+01  1.297038E+01
 2.420000E+02 -1.727662E+00  6.725466E+01 -2.946575E+00 -1.525178E+01 -4.687335E+01 -1.690788E+01  1.299725E+01
 2.425000E+02 -1.752112E+00  6.724250E+01 -2.953458E+00 -1.528466E+01 -4.687328E+01 -1.690734E+01  1.302412E+01
 2.430000E+02 -1.776592E+00  6.723032E+01 -2.960343E+00 -1.531754E+01 -4.687321E+01 -1.690680E+01  1.305099E+01
 2.435000E+02 -1.801102E+00  6.721810E+01 -2.967230E+00 -1.535043E+01 -4.687313E+01 -1.690627E+01  1.307786E+01
 2.440000E+02 -1.825643E+00  6.720586E+01 -2.974119E+00 -1.538333E+01 -4.687306E+01 -1.690573E+01  1.310473E+01
 2.445000E+02 -1.850215E+00  6.719360E+01 -2.981011E+00 -1.541623E+01 -4.687298E+01 -1.690519E+01  1.313160E+01
 2.450000E+02 -1.874817E+00  6.718131E+01 -2.987904E+00 -1.544913E+01 -4.687290E+01 -1.690466E+01  1.315847E+01
 2.455000E+02 -1.899449E+00  6.716899E+01 -2.994800E+00 -1.548204E+01 -4.687282E+01 -1.690412E+01  1.318535E+01
 2.460000E+02 -1.924111E+00  6.715664E+01 -3.001698E+00 -1.551496E+01 -4.687273E+01 -1.690358E+01  1.321222E+01
 2.465000E+02 -1.948804E+00  6.714427E+01 -3.008598E+00 -1.554788E+01 -4.687264E+01 -1.690304E+01  1.323909E+01
 2.470000E+02 -1.973527E+00  6.713187E+01 -3.015500E+00 -1.558081E+01 -4.687255E+01 -1.690251E+01  1.326597E+01
 2.475000E+02 -1.998280E+00  6.711944E+01 -3.022405E+00 -1.561374E+01 -4.687246E+01 -1.690197E+01  1.329285E+01
 2.480000E+02 -2.023063E+00  6.710699E+01 -3.029312E+00 -1.564667E+01 -4.687236E+01 -1.690143E+01  1.331973E+01
 2.485000E+02 -2.047877E+00  6.709451E+01 -3.036221E+00 -1.567961E+01 -4.687226E+01 -1.690090E+01  1.334661E+01
 2.490000E+02 -2.072721E+00  6.708201E+01 -3.043133E+00 -1.571256E+01 -4.687216E+01 -1.690036E+01  1.337349E+01
 2.495000E+02 -2.097595E+00  6.706947E+01 -3.050047E+00 -1.574551E+01 -4.687206E+01 -1.689982E+01  1.340037E+01
 2.500000E+02 -2.122499E+00  6.705692E+01 -3.056963E+00 -1.577847E+01 -4.687195E+01 -1.689928E+01  1.342725E+01
 2.505000E+02 -2.147433E+00  6.704433E+01 -3.063882E+00 -1.581143E+01 -4.687184E+01 -1.689875E+01  1.345413E+01
 2.510000E+02 -2.172397E+00  6.703172E+01 -3.070802E+00 -1.584440E+01 -4.687172E+01 -1.689821E+01  1.348102E+01
 2.515000E+02 -2.197392E+00  6.701908E+01 -3.077726E+00 -1.587738E+01 -4.687161E+01 -1.689767E+01  1.350791E+01
 2.520000E+02 -2.222416E+00  6.700642E+01 -3.084652E+00 -1.591036E+01 -4.687149E+01 -1.689713E+01  1.353479E+01
 2.525000E+02 -2.247471E+00  6.699373E+01 -3.091580E+00 -1.594335E+01 -4.687136E+01 -1.689659E+01  1.356168E+01
 2.530000E+02 -2.272555E+00  6.698101E+01 -3.098510E+00 -1.597634E+01 -4.687123E+01 -1.689606E+01  1.358858E+01
 2.535000E+02 -2.297670E+00  6.696826E+01 -3.105444E+00 -1.600934E+01 -4.687110E+01 -1.689552E+01  1.361547E+01
 2.540000E+02 -2.322814E+00  6.695549E+01 -3.112379E+00 -1.604234E+01 -4.687097E+01 -1.689498E+01  1.364236E+01
 2.545000E+02 -2.347988E+00  6.694269E+01 -3.119318E+00 -1.607536E+01 -4.687083E+01 -1.689444E+01  1.366926E+01
 2.550000E+02 -2.373193E+00  6.692987E+01 -3.126258E+00 -1.610837E+01 -4.687069E+01 -1.689390E+01  1.369616E+01
 2.555000E+02 -2.398427E+00  6.691702E+01 -3.133202E+00 -1.614140E+01 -4.687054E+01 -1.689336E+01  1.372306E+01
 2.560000E+02 -2.423691E+00  6.690414E+01 -3.140148E+00 -1.617443E+01 -4.687039E+01 -1.689282E+01  1.374996E+01
 2.565000E+02 -2.448985E+00  6.689124E+01 -3.147096E+00 -1.620747E+01 -4.687023E+01 -1.689228E+01  1.377686E+01
 2.570000E+02 -2.474309E+00  6.687831E+01 -3.154047E+00 -1.624052E+01 -4.687007E+01 -1.689175E+01  1.380377E+01
 2.575000E+02 -2.499662E+00  6.686535E+01 -3.161001E+00 -1.627357E+01 -4.686991E+01 -1.689121E+01  1.383067E+01
 2.580000E+02 -2.525046E+00  6.685236E+01 -3.167958E+00 -1.630663E+01 -4.686974E+01 -1.689067E+01  1.385758E+01
 2.585000E+02 -2.550459E+00  6.683935E+01 -3.174917E+00 -1.633970E+01 -4.686957E+01 -1.689013E+01  1.388450E+01
 2.590000E+02 -2.575902E+00  6.682632E+01 -3.181880E+00 -1.637277E+01 -4.686939E+01 -1.688959E+01  1.391141E+01
 2.595000E+02 -2.601375E+00  6.681325E+01 -3.188845E+00 -1.640586E+01 -4.686920E+01 -1.688905E+01  1.393833E+01
 2.600000E+02 -2.626877E+00  6.680016E+01 -3.195812E+00 -1.643895E+01 -4.686902E+01 -1.688851E+01  1.396525E+01
 2.605000E+02 -2.652409E+00  6.678704E+01 -3.202783E+00 -1.647204E+01 -4.686882E+01 -1.688797E+01  1.399217E+01
 2.610000E+02 -2.677971E+00  6.677390E+01 -3.209757E+00 -1.650515E+01 -4.686863E+01 -1.688743E+01  1.401909E+01
 2.615000E+02 -2.703563E+00  6.676073E+01 -3.216733E+00 -1.653826E+01 -4.686842E+01 -1.688689E+01  1.404602E+01
 2.620000E+02 -2.729184E+00  6.674753E+01 -3.223713E+00 -1.657139E+01 -4.686821E+01 -1.688635E+01  1.407295E+01
 2.625000E+02 -2.754835E+00  6.673430E+01 -3.230695E+00 -1.660452E+01 -4.686800E+01 -1.688581E+01  1.409988E+01
 2.630000E+02 -2.780515E+00  6.672105E+01 -3.237681E+00 -1.663766E+01 -4.686778E+01 -1.688527E+01  1.412682E+01
 2.635000E+02 -2.806225E+00  6.670777E+01 -3.244670E+00 -1.667081E+01 -4.686755E+01 -1.688473E+01  1.415375E+01
 2.640000E+02 -2.831965E+00  6.669447E+01 -3.251662E+00 -1.670396E+01 -4.686732E+01 -1.688419E+01  1.418070E+01
 2.645000E+02 -2.857734E+00  6.668114E+01 -3.258657E+00 -1.673713E+01 -4.686708E+01 -1.688365E+01  1.420764E+01
 2.650000E+02 -2.883533E+00  6.666778E+01 -3.265655E+00 -1.677030E+01 -4.686684E+01 -1.688310E+01  1.423459E+01
 2.655000E+02 -2.909362E+00  6.665439E+01 -3.272656E+00 -1.680349E+01 -4.686659E+01 -1.688256E+01  1.426154E+01
 2.660000E+02 -2.935220E+00  6.664098E+01 -3.279661E+00 -1.683668E+01 -4.686633E+01 -1.688202E+01  1.428850E+01
 2.665000E+02 -2.961107E+00  6.662754E+01 -3.286669E+00 -1.686989E+01 -4.686606E+01 -1.688148E+01  1.431545E+01
 2.670000E+02 -2.987024E+00  6.661407E+01 -3.293680E+00 -1.690310E+01 -4.686579E+01 -1.688094E+01  1.434242E+01
 2.675000E+02 -3.012970E+00  6.660058E+01 -3.300695E+00 -1.693632E+01 -4.686551E+01 -1.688040E+01  1.436938E+01
 2.680000E+02 -3.038946E+00  6.658706E+01 -3.307714E+00 -1.696956E+01 -4.686523E+01 -1.687985E+01  1.439635E+01
 2.685000E+02 -3.064952E+00  6.657351E+01 -3.314735E+00 -1.700280E+01 -4.686494E+01 -1.687931E+01  1.442333E+01
 2.690000E+02 -3.090986E+00  6.655993E+01 -3.321761E+00 -1.703606E+01 -4.686464E+01 -1.687877E+01  1.445031E+01
 2.695000E+02 -3.117051E+00  6.654633E+01 -3.328790E+00 -1.706933E+01 -4.686433E+01 -1.687823E+01  1.447729E+01
 2.700000E+02 -3.143144E+00  6.653270E+01 -3.335822E+00 -1.710260E+01 -4.686401E+01 -1.687768E+01  1.450428E+01
 2.705000E+02 -3.169267E+00  6.651905E+01 -3.342859E+00 -1.713589E+01 -4.686369E+01 -1.687714E+01  1.453127E+01
 2.710000E+02 -3.195420E+00  6.650536E+01 -3.349899E+00 -1.716919E+01 -4.686336E+01 -1.687660E+01  1.455827E+01
 2.715000E+02 -3.221601E+00  6.649165E+01 -3.356943E+00 -1.720250E+01 -4.686302E+01 -1.687606E+01  1.458527E+01
 2.720000E+02 -3.247813E+00  6.647791E+01 -3.363991E+00 -1.723583E+01 -4.686267E+01 -1.687551E+01  1.461227E+01
 2.725000E+02 -3.274053E+00  6.646415E+01 -3.371043E+00 -1.726916E+01 -4.686231E+01 -1.687497E+01  1.463929E+01
 2.730000E+02 -3.300323E+00  6.645036E+01 -3.378098E+00 -1.730251E+01 -4.686195E+01 -1.687442E+01  1.466630E+01
 2.735000E+02 -3.326622E+00  6.643654E+01 -3.385158E+00 -1.733587E+01 -4.686157E+01 -1.687388E+01  1.469333E+01
 2.740000E+02 -3.352951E+00  6.642269E+01 -3.392222E+00 -1.736925E+01 -4.686119E+01 -1.687334E+01  1.472035E+01
 2.745000E+02 -3.379308E+00  6.640881E+01 -3.399290E+00 -1.740264E+01 -4.686079E+01 -1.687279E+01  1.474739E+01
 2.750000E+02 -3.405696E+00  6.639491E+01 -3.406363E+00 -1.743604E+01 -4.686039E+01 -1.687225E+01  1.477443E+01
 2.755000E+02 -3.432112E+00  6.638098E+01 -3.413439E+00 -1.746945E+01 -4.685997E+01 -1.687170E+01  1.480147E+01
 2.760000E+02 -3.458558E+00  6.636702E+01 -3.420520E+00 -1.750288E+01 -4.685955E+01 -1.687116E+01  1.482853E+01
 2.765000E+02 -3.485033E+00  6.635304E+01 -3.427606E+00 -1.753632E+01 -4.685912E+01 -1.687061E+01  1.485559E+01
 2.770000E+02 -3.511537E+00  6.633903E+01 -3.434696E+00 -1.756978E+01 -4.685867E+01 -1.687006E+01  1.488265E+01
 2.775000E+02 -3.538070E+00  6.632499E+01 -3.441790E+00 -1.760325E+01 -4.685822E+01 -1.686952E+01  1.490972E+01
 2.780000E+02 -3.564633E+00  6.631092E+01 -3.448889E+00 -1.763674E+01 -4.685775E+01 -1.686897E+01  1.493680E+01
 2.785000E+02 -3.591225E+00  6.629682E+01 -3.455993E+00 -1.767024E+01 -4.685727E+01 -1.686843E+01  1.496389E+01
 2.790000E+02 -3.617846E+00  6.628270E+01 -3.463102E+00 -1.770376E+01 -4.685679E+01 -1.686788E+01  1.499098E+01
 2.795000E+02 -3.644496E+00  6.626855E+01 -3.470215E+00 -1.773730E+01 -4.685629E+01 -1.686733E+01  1.501808E+01
 2.800000E+02 -3.671176E+00  6.625437E+01 -3.477334E+00 -1.777085E+01 -4.685577E+01 -1.686678E+01  1.504519E+01
 2.805000E+02 -3.697885E+00  6.624016E+01 -3.484457E+00 -1.780441E+01 -4.685525E+01 -1.686624E+01  1.507231E+01
 2.810000E+02 -3.724623E+00  6.622593E+01 -3.491586E+00 -1.783800E+01 -4.685471E+01 -1.686569E+01  1.509944E+01
 2.815000E+02 -3.751390E+00  6.621166E+01 -3.498719E+00 -1.787160E+01 -4.685416E+01 -1.686514E+01  1.512657E+01
 2.820000E+02 -3.778186E+00  6.619737E+01 -3.505858E+00 -1.790522E+01 -4.685360E+01 -1.686459E+01  1.515371E+01
 2.825000E+02 -3.805012E+00  6.618305E+01 -3.513003E+00 -1.793886E+01 -4.685303E+01 -1.686404E+01  1.518087E+01
 2.830000E+02 -3.831866E+00  6.616870E+01 -3.520153E+00 -1.797251E+01 -4.685244E+01 -1.686349E+01  1.520803E+01
 2.835000E+02 -3.858750E+00  6.615433E+01 -3.527308E+00 -1.800619E+01 -4.685184E+01 -1.686294E+01  1.523520E+01
 2.840000E+02 -3.885663E+00  6.613992E+01 -3.534469E+00 -1.803988E+01 -4.685122E+01 -1.686239E+01  1.526238E+01
 2.845000E+02 -3.912605E+00  6.612549E+01 -3.541635E+00 -1.807359E+01 -4.685059E+01 -1.686184E+01  1.528957E+01
 2.850000E+02 -3.939577E+00  6.611103E+01 -3.548808E+00 -1.810732E+01 -4.684995E+01 -1.686129E+01  1.531676E+01
 2.855000E+02 -3.966577E+00  6.609654E+01 -3.555986E+00 -1.814108E+01 -4.684929E+01 -1.686074E+01  1.534397E+01
 2.860000E+02 -3.993607E+00  6.608202E+01 -3.563170E+00 -1.817485E+01 -4.684861E+01 -1.686019E+01  1.537120E+01
 2.865000E+02 -4.020666E+00  6.606748E+01 -3.570360E+00 -1.820865E+01 -4.684792E+01 -1.685964E+01  1.539843E+01
 2.870000E+02 -4.047754E+00  6.605290E+01 -3.577557E+00 -1.824246E+01 -4.684722E+01 -1.685909E+01  1.542567E+01
 2.875000E+02 -4.074871E+00  6.603830E+01 -3.584760E+00 -1.827630E+01 -4.684650E+01 -1.685854E+01  1.545292E+01
 2.880000E+02 -4.102017E+00  6.602366E+01 -3.591969E+00 -1.831016E+01 -4.684576E+01 -1.685798E+01  1.548019E+01
 2.885000E+02 -4.129192E+00  6.600900E+01 -3.599184E+00 -1.834404E+01 -4.684501E+01 -1.685743E+01  1.550747E+01
 2.890000E+02 -4.156397E+00  6.599431E+01 -3.606407E+00 -1.837795E+01 -4.684423E+01 -1.685688E+01  1.553476E+01
 2.895000E+02 -4.183631E+00  6.597959E+01 -3.613636E+00 -1.841188E+01 -4.684345E+01 -1.685632E+01  1.556206E+01
 2.900000E+02 -4.210893E+00  6.596484E+01 -3.620871E+00 -1.844583E+01 -4.684264E+01 -1.685577E+01  1.558938E+01
 2.905000E+02 -4.238185E+00  6.595007E+01 -3.628114E+00 -1.847981E+01 -4.684182E+01 -1.685522E+01  1.561671E+01
 2.910000E+02 -4.265507E+00  6.593526E+01 -3.635364E+00 -1.851381E+01 -4.684098E+01 -1.685466E+01  1.564405E+01
 2.915000E+02 -4.292857E+00  6.592042E+01 -3.642621E+00 -1.854784E+01 -4.684012E+01 -1.685411E+01  1.567141E+01
 2.920000E+02 -4.320236E+00  6.590556E+01 -3.649885E+00 -1.858189E+01 -4.683924E+01 -1.685355E+01  1.569878E+01
 2.925000E+02 -4.347645E+00  6.589066E+01 -3.657157E+00 -1.861597E+01 -4.683834E+01 -1.685299E+01  1.572616E+01
 2.930000E+02 -4.375083E+00  6.587574E+01 -3.664436E+00 -1.865008E+01 -4.683743E+01 -1.685244E+01  1.575356E+01
 2.935000E+02 -4.402550E+00  6.586078E+01 -3.671723E+00 -1.868422E+01 -4.683649E+01 -1.685188E+01  1.578098E+01
 2.940000E+02 -4.430046E+00  6.584580E+01 -3.679017E+00 -1.871838E+01 -4.683553E+01 -1.685132E+01  1.580841E+01
 2.945000E+02 -4.457571E+00  6.583078E+01 -3.686320E+00 -1.875257E+01 -4.683455E+01 -1.685076E+01  1.583586E+01
 2.950000E+02 -4.485125E+00  6.581574E+01 -3.693631E+00 -1.878679E+01 -4.683356E+01 -1.685020E+01  1.586332E+01
 2.955000E+02 -4.512709E+00  6.580066E+01 -3.700949E+00 -1.882104E+01 -4.683254E+01 -1.684964E+01  1.589080E+01
 2.960000E+02 -4.540322E+00  6.578556E+01 -3.708276E+00 -1.885533E+01 -4.683149E+01 -1.684909E+01  1.591830E+01
 2.965000E+02 -4.567964E+00  6.577043E+01 -3.715612E+00 -1.888964E+01 -4.683043E+01 -1.684852E+01  1.594581E+01
 2.970000E+02 -4.595635E+00  6.575526E+01 -3.722956E+00 -1.892398E+01 -4.682935E+01 -1.684796E+01  1.597335E+01
 2.975000E+02 -4.623336E+00  6.574007E+01 -3.730309E+00 -1.895835E+01 -4.682824E+01 -1.684740E+01  1.600090E+01
 2.980000E+02 -4.651065E+00  6.572484E+01 -3.737671E+00 -1.899276E+01 -4.682710E+01 -1.684684E+01  1.602847E+01
 2.985000E+02 -4.678824E+00  6.570959E+01 -3.745042E+00 -1.902720E+01 -4.682595E+01 -1.684628E+01  1.605606E+01
 2.990000E+02 -4.706613E+00  6.569430E+01 -3.752422E+00 -1.906168E+01 -4.682477E+01 -1.684572E+01  1.608367E+01
 2.995000E+02 -4.734430E+00  6.567898E+01 -3.759811E+00 -1.909619E+01 -4.682356E+01 -1.684515E+01  1.611130E+01
 3.000000E+02 -4.762277E+00  6.566363E+01 -3.767210E+00 -1.913073E+01 -4.682233E+01 -1.684459E+01  1.613895E+01
 3.005000E+02 -4.790153E+00  6.564826E+01 -3.774619E+00 -1.916531E+01 -4.682108E+01 -1.684402E+01  1.616662E+01
 3.010000E+02 -4.818058E+00  6.563285E+01 -3.782037E+00 -1.919993E+01 -4.681980E+01 -1.684346E+01  1.619431E+01
 3.015000E+02 -4.845993E+00  6.561741E+01 -3.789465E+00 -1.923458E+01 -4.681849E+01 -1.684289E+01  1.622203E+01
 3.020000E+02 -4.873956E+00  6.560193E+01 -3.796904E+00 -1.926927E+01 -4.681716E+01 -1.684232E+01  1.624977E+01
 3.025000E+02 -4.901950E+00  6.558643E+01 -3.804353E+00 -1.930400E+01 -4.681580E+01 -1.684176E+01  1.627753E+01
 3.030000E+02 -4.929972E+00  6.557089E+01 -3.811812E+00 -1.933877E+01 -4.681441E+01 -1.684119E+01  1.630531E+01
 3.035000E+02 -4.958024E+00  6.555533E+01 -3.819282E+00 -1.937358E+01 -4.681299E+01 -1.684062E+01  1.633312E+01
 3.040000E+02 -4.986105E+00  6.553973E+01 -3.826763E+00 -1.940843E+01 -4.681155E+01 -1.684005E+01  1.636095E+01
 3.045000E+02 -5.014216E+00  6.552410E+01 -3.834255E+00 -1.944332E+01 -4.681007E+01 -1.683948E+01  1.638881E+01
 3.050000E+02 -5.042356E+00  6.550844E+01 -3.841758E+00 -1.947825E+01 -4.680857E+01 -1.683891E+01  1.641669E+01
 3.055000E+02 -5.070526E+00  6.549274E+01 -3.849273E+00 -1.951323E+01 -4.680704E+01 -1.683834E+01  1.644460E+01
 3.060000E+02 -5.098725E+00  6.547702E+01 -3.856799E+00 -1.954825E+01 -4.680547E+01 -1.683776E+01  1.647254E+01
 3.065000E+02 -5.126953E+00  6.546126E+01 -3.864337E+00 -1.958331E+01 -4.680388E+01 -1.683719E+01  1.650050E+01
 3.070000E+02 -5.155211E+00  6.544547E+01 -3.871887E+00 -1.961842E+01 -4.680225E+01 -1.683662E+01  1.652850E+01
 3.075000E+02 -5.183499E+00  6.542964E+01 -3.879449E+00 -1.965357E+01 -4.680059E+01 -1.683604E+01  1.655652E+01
 3.080000E+02 -5.211815E+00  6.541379E+01 -3.887023E+00 -1.968878E+01 -4.679890E+01 -1.683547E+01  1.658457E+01
 3.085000E+02 -5.240162E+00  6.539790E+01 -3.894611E+00 -1.972403E+01 -4.679718E+01 -1.683489E+01  1.661265E+01
 3.090000E+02 -5.268538E+00  6.538197E+01 -3.902210E+00 -1.975933E+01 -4.679542E+01 -1.683431E+01  1.664075E+01
 3.095000E+02 -5.296944E+00  6.536602E+01 -3.909823E+00 -1.979467E+01 -4.679363E+01 -1.683374E+01  1.666890E+01
 3.100000E+02 -5.325379E+00  6.535003E+01 -3.917449E+00 -1.983007E+01 -4.679180E+01 -1.683316E+01  1.669707E+01
 3.105000E+02 -5.353844E+00  6.533401E+01 -3.925089E+00 -1.986552E+01 -4.678994E+01 -1.683258E+01  1.672527E+01
 3.110000E+02 -5.382338E+00  6.531795E+01 -3.932742E+00 -1.990102E+01 -4.678804E+01 -1.683200E+01  1.675351E+01
 3.115000E+02 -5.410862E+00  6.530187E+01 -3.940409E+00 -1.993658E+01 -4.678610E+01 -1.683141E+01  1.678178E+01
 3.120000E+02 -5.439416E+00  6.528574E+01 -3.948090E+00 -1.997219E+01 -4.678413E+01 -1.683083E+01  1.681008E+01
 3.125000E+02 -5.468000E+00  6.526959E+01 -3.955785E+00 -2.000785E+01 -4.678212E+01 -1.683025E+01  1.683842E+01
 3.130000E+02 -5.496613E+00  6.525340E+01 -3.963495E+00 -2.004357E+01 -4.678008E+01 -1.682966E+01  1.686680E+01
 3.135000E+02 -5.525257E+00  6.523717E+01 -3.971220E+00 -2.007935E+01 -4.677799E+01 -1.682908E+01  1.689521E+01
 3.140000E+02 -5.553930E+00  6.522091E+01 -3.978959E+00 -2.011518E+01 -4.677587E+01 -1.682849E+01  1.692366E+01
 3.145000E+02 -5.582633E+00  6.520462E+01 -3.986714E+00 -2.015108E+01 -4.677370E+01 -1.682791E+01  1.695215E+01
 3.150000E+02 -5.611365E+00  6.518829E+01 -3.994485E+00 -2.018703E+01 -4.677150E+01 -1.682732E+01  1.698068E+01
 3.155000E+02 -5.640128E+00  6.517193E+01 -4.002271E+00 -2.022305E+01 -4.676925E+01 -1.682673E+01  1.700924E+01
 3.160000E+02 -5.668921E+00  6.515553E+01 -4.010073E+00 -2.025912E+01 -4.676696E+01 -1.682614E+01  1.703785E+01
 3.165000E+02 -5.697743E+00  6.513909E+01 -4.017892E+00 -2.029526E+01 -4.676463E+01 -1.682555E+01  1.706649E+01
 3.170000E+02 -5.726596E+00  6.512263E+01 -4.025727E+00 -2.033146E+01 -4.676226E+01 -1.682495E+01  1.709518E+01
 3.175000E+02 -5.755478E+00  6.510612E+01 -4.033579E+00 -2.036773E+01 -4.675984E+01 -1.682436E+01  1.712391E+01
 3.180000E+02 -5.784391E+00  6.508958E+01 -4.041448E+00 -2.040407E+01 -4.675738E+01 -1.682376E+01  1.715269E+01
 3.185000E+02 -5.813334E+00  6.507301E+01 -4.049334E+00 -2.044047E+01 -4.675487E+01 -1.682317E+01  1.718151E+01
 3.190000E+02 -5.842307E+00  6.505640E+01 -4.057238E+00 -2.047694E+01 -4.675232E+01 -1.682257E+01  1.721037E+01
 3.195000E+02 -5.871310E+00  6.503975E+01 -4.065159E+00 -2.051348E+01 -4.674972E+01 -1.682197E+01  1.723928E+01
 3.200000E+02 -5.900343E+00  6.502306E+01 -4.073099E+00 -2.055009E+01 -4.674708E+01 -1.682137E+01  1.726824E+01
 3.205000E+02 -5.929407E+00  6.500634E+01 -4.081057E+00 -2.058678E+01 -4.674439E+01 -1.682077E+01  1.729724E+01
 3.210000E+02 -5.958501E+00  6.498959E+01 -4.089034E+00 -2.062353E+01 -4.674165E+01 -1.682017E+01  1.732629E+01
 3.215000E+02 -5.987625E+00  6.497279E+01 -4.097030E+00 -2.066037E+01 -4.673885E+01 -1.681956E+01  1.735540E+01
 3.220000E+02 -6.016780E+00  6.495596E+01 -4.105045E+00 -2.069727E+01 -4.673601E+01 -1.681896E+01  1.738455E+01
 3.225000E+02 -6.045965E+00  6.493909E+01 -4.113080E+00 -2.073426E+01 -4.673312E+01 -1.681835E+01  1.741375E+01
 3.230000E+02 -6.075181E+00  6.492219E+01 -4.121134E+00 -2.077132E+01 -4.673018E+01 -1.681775E+01  1.744301E+01
 3.235000E+02 -6.104427E+00  6.490524E+01 -4.129209E+00 -2.080846E+01 -4.672719E+01 -1.681714E+01  1.747232E+01
 3.240000E+02 -6.133703E+00  6.488826E+01 -4.137305E+00 -2.084568E+01 -4.672414E+01 -1.681653E+01  1.750169E+01
 3.245000E+02 -6.163010E+00  6.487124E+01 -4.145421E+00 -2.088298E+01 -4.672104E+01 -1.681592E+01  1.753111E+01
 3.250000E+02 -6.192348E+00  6.485419E+01 -4.153558E+00 -2.092037E+01 -4.671789E+01 -1.681530E+01  1.756058E+01
 3.255000E+02 -6.221717E+00  6.483709E+01 -4.161717E+00 -2.095784E+01 -4.671468E+01 -1.681469E+01  1.759012E+01
 3.260000E+02 -6.251116E+00  6.481996E+01 -4.169897E+00 -2.099540E+01 -4.671141E+01 -1.681407E+01  1.761971E+01
 3.265000E+02 -6.280546E+00  6.480279E+01 -4.178100E+00 -2.103305E+01 -4.670809E+01 -1.681345E+01  1.764936E+01
 3.270000E+02 -6.310007E+00  6.478557E+01 -4.186325E+00 -2.107078E+01 -4.670472E+01 -1.681283E+01  1.767908E+01
 3.275000E+02 -6.339499E+00  6.476832E+01 -4.194573E+00 -2.110861E+01 -4.670128E+01 -1.681221E+01  1.770885E+01
 3.280000E+02 -6.369022E+00  6.475103E+01 -4.202844E+00 -2.114652E+01 -4.669778E+01 -1.681159E+01  1.773869E+01
 3.285000E+02 -6.398575E+00  6.473370E+01 -4.211138E+00 -2.118453E+01 -4.669423E+01 -1.681097E+01  1.776859E+01
 3.290000E+02 -6.428160E+00  6.471633E+01 -4.219456E+00 -2.122263E+01 -4.669062E+01 -1.681034E+01  1.779855E+01
 3.295000E+02 -6.457776E+00  6.469893E+01 -4.227799E+00 -2.126083E+01 -4.668694E+01 -1.680972E+01  1.782859E+01
 3.300000E+02 -6.487423E+00  6.468148E+01 -4.236165E+00 -2.129913E+01 -4.668320E+01 -1.680909E+01  1.785869E+01
 3.305000E+02 -6.517101E+00  6.466399E+01 -4.244557E+00 -2.133753E+01 -4.667940E+01 -1.680846E+01  1.788885E+01
 3.310000E+02 -6.546811E+00  6.464646E+01 -4.252974E+00 -2.137602E+01 -4.667554E+01 -1.680782E+01  1.791909E+01
 3.315000E+02 -6.576552E+00  6.462888E+01 -4.261417E+00 -2.141462E+01 -4.667161E+01 -1.680719E+01  1.794940E+01
 3.320000E+02 -6.606324E+00  6.461127E+01 -4.269885E+00 -2.145332E+01 -4.666761E+01 -1.680655E+01  1.797978E+01
 3.325000E+02 -6.636128E+00  6.459362E+01 -4.278380E+00 -2.149213E+01 -4.666355E+01 -1.680592E+01  1.801023E+01
 3.330000E+02 -6.665963E+00  6.457592E+01 -4.286901E+00 -2.153104E+01 -4.665943E+01 -1.680528E+01  1.804076E+01
 3.335000E+02 -6.695829E+00  6.455819E+01 -4.295450E+00 -2.157007E+01 -4.665523E+01 -1.680464E+01  1.807137E+01
 3.340000E+02 -6.725728E+00  6.454041E+01 -4.304026E+00 -2.160920E+01 -4.665097E+01 -1.680399E+01  1.810205E+01
 3.345000E+02 -6.755658E+00  6.452259E+01 -4.312630E+00 -2.164844E+01 -4.664663E+01 -1.680335E+01  1.813281E+01
 3.350000E+02 -6.785620E+00  6.450472E+01 -4.321262E+00 -2.168780E+01 -4.664223E+01 -1.680270E+01  1.816365E+01
 3.355000E+02 -6.815613E+00  6.448682E+01 -4.329923E+00 -2.172727E+01 -4.663775E+01 -1.680205E+01  1.819457E+01
 3.360000E+02 -6.845639E+00  6.446887E+01 -4.338613E+00 -2.176686E+01 -4.663321E+01 -1.680140E+01  1.822557E+01
 3.365000E+02 -6.875696E+00  6.445088E+01 -4.347333E+00 -2.180657E+01 -4.662859E+01 -1.680075E+01  1.825666E+01
 3.370000E+02 -6.905785E+00  6.443284E+01 -4.356082E+00 -2.184639E+01 -4.662389E+01 -1.680009E+01  1.828783E+01
 3.375000E+02 -6.935907E+00  6.441476E+01 -4.364862E+00 -2.188634E+01 -4.661912E+01 -1.679943E+01  1.831909E+01
 3.380000E+02 -6.966061E+00  6.439664E+01 -4.373672E+00 -2.192642E+01 -4.661427E+01 -1.679877E+01  1.835044E+01
 3.385000E+02 -6.996247E+00  6.437847E+01 -4.382514E+00 -2.196661E+01 -4.660935E+01 -1.679811E+01  1.838187E+01
 3.390000E+02 -7.026465E+00  6.436026E+01 -4.391387E+00 -2.200694E+01 -4.660435E+01 -1.679745E+01  1.841340E+01
 3.395000E+02 -7.056715E+00  6.434201E+01 -4.400292E+00 -2.204739E+01 -4.659927E+01 -1.679678E+01  1.844502E+01
 3.400000E+02 -7.086998E+00  6.432371E+01 -4.409230E+00 -2.208798E+01 -4.659411E+01 -1.679611E+01  1.847673E+01
 3.405000E+02 -7.117314E+00  6.430536E+01 -4.418200E+00 -2.212870E+01 -4.658887E+01 -1.679544E+01  1.850854E+01
 3.410000E+02 -7.147662E+00  6.428697E+01 -4.427204E+00 -2.216955E+01 -4.658355E+01 -1.679477E+01  1.854044E+01
 3.415000E+02 -7.178043E+00  6.426853E+01 -4.436242E+00 -2.221054E+01 -4.657815E+01 -1.679410E+01  1.857245E+01
 3.420000E+02 -7.208457E+00  6.425005E+01 -4.445314E+00 -2.225167E+01 -4.657266E+01 -1.679342E+01  1.860455E+01
 3.425000E+02 -7.238903E+00  6.423152E+01 -4.454420E+00 -2.229294E+01 -4.656709E+01 -1.679274E+01  1.863676E+01
 3.430000E+02 -7.269382E+00  6.421295E+01 -4.463562E+00 -2.233435E+01 -4.656143E+01 -1.679206E+01  1.866906E+01
 3.435000E+02 -7.299895E+00  6.419433E+01 -4.472739E+00 -2.237590E+01 -4.655569E+01 -1.679137E+01  1.870148E+01
 3.440000E+02 -7.330440E+00  6.417566E+01 -4.481952E+00 -2.241760E+01 -4.654986E+01 -1.679068E+01  1.873399E+01
 3.445000E+02 -7.361018E+00  6.415695E+01 -4.491202E+00 -2.245945E+01 -4.654394E+01 -1.678999E+01  1.876662E+01
 3.450000E+02 -7.391630E+00  6.413819E+01 -4.500489E+00 -2.250145E+01 -4.653793E+01 -1.678930E+01  1.879936E+01
 3.455000E+02 -7.422275E+00  6.411938E+01 -4.509813E+00 -2.254361E+01 -4.653183E+01 -1.678860E+01  1.883220E+01
 3.460000E+02 -7.452954E+00  6.410052E+01 -4.519176E+00 -2.258591E+01 -4.652564E+01 -1.678791E+01  1.886516E+01
 3.465000E+02 -7.483666E+00  6.408161E+01 -4.528576E+00 -2.262838E+01 -4.651936E+01 -1.678721E+01  1.889824E+01
 3.470000E+02 -7.514411E+00  6.406266E+01 -4.538016E+00 -2.267100E+01 -4.651298E+01 -1.678650E+01  1.893143E+01
 3.475000E+02 -7.545191E+00  6.404366E+01 -4.547495E+00 -2.271378E+01 -4.650651E+01 -1.678580E+01  1.896474E+01
 3.480000E+02 -7.576004E+00  6.402461E+01 -4.557015E+00 -2.275673E+01 -4.649994E+01 -1.678509E+01  1.899816E+01
 3.485000E+02 -7.606850E+00  6.400551E+01 -4.566574E+00 -2.279984E+01 -4.649328E+01 -1.678437E+01  1.903171E+01
 3.490000E+02 -7.637731E+00  6.398636E+01 -4.576175E+00 -2.284312E+01 -4.648652E+01 -1.678366E+01  1.906539E+01
 3.495000E+02 -7.668646E+00  6.396716E+01 -4.585817E+00 -2.288656E+01 -4.647966E+01 -1.678294E+01  1.909918E+01
 3.500000E+02 -7.699595E+00  6.394791E+01 -4.595501E+00 -2.293018E+01 -4.647270E+01 -1.678222E+01  1.913311E+01
 3.505000E+02 -7.730578E+00  6.392861E+01 -4.605227E+00 -2.297398E+01 -4.646564E+01 -1.678150E+01  1.916716E+01
 3.510000E+02 -7.761596E+00  6.390926E+01 -4.614997E+00 -2.301795E+01 -4.645848E+01 -1.678077E+01  1.920134E+01
 3.515000E+02 -7.792648E+00  6.388985E+01 -4.624810E+00 -2.306209E+01 -4.645122E+01 -1.678004E+01  1.923566E+01
 3.520000E+02 -7.823734E+00  6.387040E+01 -4.634667E+00 -2.310642E+01 -4.644385E+01 -1.677931E+01  1.927011E+01
 3.525000E+02 -7.854855E+00  6.385090E+01 -4.644569E+00 -2.315093E+01 -4.643638E+01 -1.677857E+01  1.930470E+01
 3.530000E+02 -7.886011E+00  6.383134E+01 -4.654516E+00 -2.319563E+01 -4.642880E+01 -1.677783E+01  1.933942E+01
 3.535000E+02 -7.917202E+00  6.381173E+01 -4.664508E+00 -2.324051E+01 -4.642111E+01 -1.677709E+01  1.937429E+01
 3.540000E+02 -7.948427E+00  6.379208E+01 -4.674547E+00 -2.328558E+01 -4.641332E+01 -1.677634E+01  1.940929E+01
 3.545000E+02 -7.979688E+00  6.377236E+01 -4.684633E+00 -2.333085E+01 -4.640542E+01 -1.677559E+01  1.944444E+01
 3.550000E+02 -8.010983E+00  6.375260E+01 -4.694765E+00 -2.337631E+01 -4.639740E+01 -1.677484E+01  1.947974E+01
 3.555000E+02 -8.042314E+00  6.373278E+01 -4.704946E+00 -2.342197E+01 -4.638928E+01 -1.677409E+01  1.951518E+01
 3.560000E+02 -8.073681E+00  6.371291E+01 -4.715175E+00 -2.346782E+01 -4.638104E+01 -1.677333E+01  1.955078E+01
 3.565000E+02 -8.105082E+00  6.369298E+01 -4.725453E+00 -2.351388E+01 -4.637269E+01 -1.677256E+01  1.958652E+01
 3.570000E+02 -8.136520E+00  6.367301E+01 -4.735781E+00 -2.356014E+01 -4.636423E+01 -1.677180E+01  1.962242E+01
 3.575000E+02 -8.167993E+00  6.365297E+01 -4.746159E+00 -2.360661E+01 -4.635565E+01 -1.677103E+01  1.965848E+01
 3.580000E+02 -8.199501E+00  6.363289E+01 -4.756587E+00 -2.365329E+01 -4.634695E+01 -1.677025E+01  1.969469E+01
 3.585000E+02 -8.231046E+00  6.361274E+01 -4.767067E+00 -2.370018E+01 -4.633814E+01 -1.676948E+01  1.973107E+01
 3.590000E+02 -8.262627E+00  6.359255E+01 -4.777598E+00 -2.374728E+01 -4.632920E+01 -1.676870E+01  1.976760E+01
 3.595000E+02 -8.294243E+00  6.357229E+01 -4.788182E+00 -2.379460E+01 -4.632015E+01 -1.676791E+01  1.980430E+01
 3.600000E+02 -8.325896E+00  6.355199E+01 -4.798818E+00 -2.384214E+01 -4.631097E+01 -1.676712E+01  1.984117E+01
 3.605000E+02 -8.357586E+00  6.353162E+01 -4.809509E+00 -2.388990E+01 -4.630167E+01 -1.676633E+01  1.987821E+01
 3.610000E+02 -8.389311E+00  6.351120E+01 -4.820253E+00 -2.393788E+01 -4.629225E+01 -1.676553E+01  1.991541E+01
 3.615000E+02 -8.421074E+00  6.349073E+01 -4.831052E+00 -2.398610E+01 -4.628271E+01 -1.676473E+01  1.995279E+01
 3.620000E+02 -8.452873E+00  6.347019E+01 -4.841906E+00 -2.403454E+01 -4.627304E+01 -1.676393E+01  1.999035E+01
 3.625000E+02 -8.484709E+00  6.344960E+01 -4.852817E+00 -2.408321E+01 -4.626324E+01 -1.676312E+01  2.002808E+01
 3.630000E+02 -8.516581E+00  6.342896E+01 -4.863783E+00 -2.413212E+01 -4.625332E+01 -1.676231E+01  2.006599E+01
 3.635000E+02 -8.548491E+00  6.340825E+01 -4.874807E+00 -2.418126E+01 -4.624327E+01 -1.676149E+01  2.010408E+01
 3.640000E+02 -8.580438E+00  6.338749E+01 -4.885888E+00 -2.423064E+01 -4.623308E+01 -1.676067E+01  2.014236E+01
 3.645000E+02 -8.612423E+00  6.336667E+01 -4.897028E+00 -2.428027E+01 -4.622277E+01 -1.675985E+01  2.018082E+01
 3.650000E+02 -8.644444E+00  6.334579E+01 -4.908226E+00 -2.433014E+01 -4.621232E+01 -1.675902E+01  2.021947E+01
 3.655000E+02 -8.676504E+00  6.332485E+01 -4.919484E+00 -2.438026E+01 -4.620175E+01 -1.675819E+01  2.025832E+01
 3.660000E+02 -8.708601E+00  6.330386E+01 -4.930802E+00 -2.443063E+01 -4.619103E+01 -1.675735E+01  2.029735E+01
 3.665000E+02 -8.740736E+00  6.328280E+01 -4.942180E+00 -2.448125E+01 -4.618019E+01 -1.675651E+01  2.033659E+01
 3.670000E+02 -8.772908E+00  6.326169E+01 -4.953620E+00 -2.453213E+01 -4.616920E+01 -1.675566E+01  2.037601E+01
 3.675000E+02 -8.805119E+00  6.324051E+01 -4.965122E+00 -2.458327E+01 -4.615808E+01 -1.675481E+01  2.041564E+01
 3.680000E+02 -8.837368E+00  6.321928E+01 -4.976686E+00 -2.463466E+01 -4.614682E+01 -1.675395E+01  2.045548E+01
 3.685000E+02 -8.869655E+00  6.319799E+01 -4.988313E+00 -2.468632E+01 -4.613542E+01 -1.675309E+01  2.049551E+01
 3.690000E+02 -8.901981E+00  6.317663E+01 -5.000004E+00 -2.473825E+01 -4.612388E+01 -1.675223E+01  2.053576E+01
 3.695000E+02 -8.934346E+00  6.315521E+01 -5.011759E+00 -2.479045E+01 -4.611220E+01 -1.675136E+01  2.057621E+01
 3.700000E+02 -8.966749E+00  6.313374E+01 -5.023579E+00 -2.484292E+01 -4.610038E+01 -1.675049E+01  2.061687E+01
 3.705000E+02 -8.999191E+00  6.311220E+01 -5.035464E+00 -2.489566E+01 -4.608841E+01 -1.674961E+01  2.065775E+01
 3.710000E+02 -9.031672E+00  6.309060E+01 -5.047416E+00 -2.494868E+01 -4.607630E+01 -1.674872E+01  2.069885E+01
 3.715000E+02 -9.064192E+00  6.306894E+01 -5.059434E+00 -2.500198E+01 -4.606405E+01 -1.674783E+01  2.074016E+01
 3.720000E+02 -9.096751E+00  6.304722E+01 -5.071520E+00 -2.505556E+01 -4.605164E+01 -1.674694E+01  2.078170E+01
 3.725000E+02 -9.129350E+00  6.302543E+01 -5.083673E+00 -2.510943E+01 -4.603909E+01 -1.674604E+01  2.082346E+01
 3.730000E+02 -9.161988E+00  6.300358E+01 -5.095896E+00 -2.516359E+01 -4.602639E+01 -1.674514E+01  2.086545E+01
 3.735000E+02 -9.194666E+00  6.298167E+01 -5.108187E+00 -2.521804E+01 -4.601354E+01 -1.674423E+01  2.090766E+01
 3.740000E+02 -9.227384E+00  6.295970E+01 -5.120548E+00 -2.527278E+01 -4.600054E+01 -1.674332E+01  2.095011E+01
 3.745000E+02 -9.260142E+00  6.293766E+01 -5.132979E+00 -2.532782E+01 -4.598739E+01 -1.674240E+01  2.099279E+01
 3.750000E+02 -9.292939E+00  6.291556E+01 -5.145481E+00 -2.538316E+01 -4.597409E+01 -1.674148E+01  2.103570E+01
 3.755000E+02 -9.325778E+00  6.289340E+01 -5.158055E+00 -2.543880E+01 -4.596063E+01 -1.674055E+01  2.107886E+01
 3.760000E+02 -9.358656E+00  6.287117E+01 -5.170701E+00 -2.549475E+01 -4.594702E+01 -1.673961E+01  2.112225E+01
 3.765000E+02 -9.391575E+00  6.284888E+01 -5.183420E+00 -2.555100E+01 -4.593325E+01 -1.673867E+01  2.116589E+01
 3.770000E+02 -9.424535E+00  6.282652E+01 -5.196212E+00 -2.560757E+01 -4.591933E+01 -1.673773E+01  2.120978E+01
 3.775000E+02 -9.457535E+00  6.280410E+01 -5.209079E+00 -2.566444E+01 -4.590525E+01 -1.673678E+01  2.125391E+01
 3.780000E+02 -9.490577E+00  6.278162E+01 -5.222019E+00 -2.572164E+01 -4.589101E+01 -1.673582E+01  2.129829E+01
 3.785000E+02 -9.523659E+00  6.275907E+01 -5.235035E+00 -2.577915E+01 -4.587661E+01 -1.673486E+01  2.134293E+01
 3.790000E+02 -9.556783E+00  6.273645E+01 -5.248127E+00 -2.583699E+01 -4.586205E+01 -1.673389E+01  2.138782E+01
 3.795000E+02 -9.589948E+00  6.271377E+01 -5.261295E+00 -2.589514E+01 -4.584733E+01 -1.673292E+01  2.143297E+01
 3.800000E+02 -9.623155E+00  6.269102E+01 -5.274540E+00 -2.595363E+01 -4.583245E+01 -1.673194E+01  2.147838E+01
 3.805000E+02 -9.656404E+00  6.266821E+01 -5.287863E+00 -2.601245E+01 -4.581741E+01 -1.673096E+01  2.152406E+01
 3.810000E+02 -9.689694E+00  6.264533E+01 -5.301263E+00 -2.607159E+01 -4.580220E+01 -1.672997E+01  2.157000E+01
 3.815000E+02 -9.723027E+00  6.262239E+01 -5.314743E+00 -2.613108E+01 -4.578683E+01 -1.672897E+01  2.161621E+01
 3.820000E+02 -9.756401E+00  6.259938E+01 -5.328301E+00 -2.619090E+01 -4.577129E+01 -1.672797E+01  2.166269E+01
 3.825000E+02 -9.789818E+00  6.257630E+01 -5.341940E+00 -2.625106E+01 -4.575559E+01 -1.672696E+01  2.170944E+01
 3.830000E+02 -9.823277E+00  6.255315E+01 -5.355658E+00 -2.631157E+01 -4.573972E+01 -1.672595E+01  2.175647E+01
 3.835000E+02 -9.856779E+00  6.252994E+01 -5.369458E+00 -2.637242E+01 -4.572369E+01 -1.672493E+01  2.180377E+01
 3.840000E+02 -9.890324E+00  6.250667E+01 -5.383339E+00 -2.643362E+01 -4.570749E+01 -1.672390E+01  2.185136E+01
 3.845000E+02 -9.923911E+00  6.248332E+01 -5.397303E+00 -2.649517E+01 -4.569111E+01 -1.672287E+01  2.189923E+01
 3.850000E+02 -9.957542E+00  6.245991E+01 -5.411349E+00 -2.655708E+01 -4.567457E+01 -1.672183E+01  2.194738E+01
 3.855000E+02 -9.991216E+00  6.243643E+01 -5.425478E+00 -2.661934E+01 -4.565786E+01 -1.672079E+01  2.199582E+01
 3.860000E+02 -1.002493E+01  6.241288E+01 -5.439691E+00 -2.668197E+01 -4.564098E+01 -1.671974E+01  2.204456E+01
 3.865000E+02 -1.005869E+01  6.238927E+01 -5.453988E+00 -2.674495E+01 -4.562392E+01 -1.671868E+01  2.209358E+01
 3.870000E+02 -1.009250E+01  6.236558E+01 -5.468370E+00 -2.680830E+01 -4.560669E+01 -1.671762E+01  2.214290E+01
 3.875000E+02 -1.012635E+01  6.234183E+01 -5.482837E+00 -2.687202E+01 -4.558929E+01 -1.671655E+01  2.219252E+01
 3.880000E+02 -1.016024E+01  6.231801E+01 -5.497390E+00 -2.693610E+01 -4.557172E+01 -1.671547E+01  2.224243E+01
 3.885000E+02 -1.019418E+01  6.229412E+01 -5.512029E+00 -2.700056E+01 -4.555397E+01 -1.671439E+01  2.229265E+01
 3.890000E+02 -1.022816E+01  6.227017E+01 -5.526755E+00 -2.706540E+01 -4.553605E+01 -1.671330E+01  2.234318E+01
 3.895000E+02 -1.026218E+01  6.224615E+01 -5.541568E+00 -2.713061E+01 -4.551795E+01 -1.671221E+01  2.239401E+01
 3.900000E+02 -1.029625E+01  6.222205E+01 -5.556469E+00 -2.719620E+01 -4.549968E+01 -1.671110E+01  2.244515E+01
 3.905000E+02 -1.033037E+01  6.219789E+01 -5.571459E+00 -2.726217E+01 -4.548123E+01 -1.670999E+01  2.249660E+01
 3.910000E+02 -1.036453E+01  6.217366E+01 -5.586537E+00 -2.732853E+01 -4.546261E+01 -1.670888E+01  2.254836E+01
 3.915000E+02 -1.039873E+01  6.214936E+01 -5.601704E+00 -2.739527E+01 -4.544380E+01 -1.670776E+01  2.260044E+01
 3.920000E+02 -1.043298E+01  6.212500E+01 -5.616961E+00 -2.746241E+01 -4.542482E+01 -1.670663E+01  2.265284E+01
 3.925000E+02 -1.046728E+01  6.210056E+01 -5.632308E+00 -2.752993E+01 -4.540566E+01 -1.670549E+01  2.270556E+01
 3.930000E+02 -1.050162E+01  6.207606E+01 -5.647746E+00 -2.759785E+01 -4.538633E+01 -1.670435E+01  2.275860E+01
 3.935000E+02 -1.053600E+01  6.205148E+01 -5.663275E+00 -2.766617E+01 -4.536681E+01 -1.670320E+01  2.281197E+01
 3.940000E+02 -1.057044E+01  6.202684E+01 -5.678895E+00 -2.773489E+01 -4.534712E+01 -1.670204E+01  2.286566E+01
 3.945000E+02 -1.060491E+01  6.200213E+01 -5.694607E+00 -2.780400E+01 -4.532724E+01 -1.670088E+01  2.291969E+01
 3.950000E+02 -1.063944E+01  6.197735E+01 -5.710411E+00 -2.787352E+01 -4.530719E+01 -1.669971E+01  2.297404E+01
 3.955000E+02 -1.067401E+01  6.195250E+01 -5.726308E+00 -2.794345E+01 -4.528696E+01 -1.669853E+01  2.302873E+01
 3.960000E+02 -1.070863E+01  6.192759E+01 -5.742298E+00 -2.801378E+01 -4.526654E+01 -1.669735E+01  2.308375E+01
 3.965000E+02 -1.074329E+01  6.190260E+01 -5.758381E+00 -2.808452E+01 -4.524595E+01 -1.669615E+01  2.313911E+01
 3.970000E+02 -1.077800E+01  6.187754E+01 -5.774558E+00 -2.815568E+01 -4.522518E+01 -1.669495E+01  2.319482E+01
 3.975000E+02 -1.081276E+01  6.185242E+01 -5.790829E+00 -2.822724E+01 -4.520422E+01 -1.669375E+01  2.325086E+01
 3.980000E+02 -1.084757E+01  6.182723E+01 -5.807194E+00 -2.829923E+01 -4.518308E+01 -1.669253E+01  2.330725E+01
 3.985000E+02 -1.088242E+01  6.180197E+01 -5.823655E+00 -2.837163E+01 -4.516177E+01 -1.669131E+01  2.336398E+01
 3.990000E+02 -1.091732E+01  6.177664E+01 -5.840210E+00 -2.844445E+01 -4.514027E+01 -1.669008E+01  2.342106E+01
 3.995000E+02 -1.095227E+01  6.175124E+01 -5.856861E+00 -2.851769E+01 -4.511859E+01 -1.668885E+01  2.347849E+01
 4.000000E+02 -1.098726E+01  6.172577E+01 -5.873607E+00 -2.859136E+01 -4.509673E+01 -1.668760E+01  2.353627E+01
 4.005000E+02 -1.102230E+01  6.170023E+01 -5.890449E+00 -2.866545E+01 -4.507469E+01 -1.668635E+01  2.359440E+01
 4.010000E+02 -1.105739E+01  6.167463E+01 -5.907388E+00 -2.873996E+01 -4.505247E+01 -1.668509E+01  2.365289E+01
 4.015000E+02 -1.109253E+01  6.164896E+01 -5.924423E+00 -2.881491E+01 -4.503007E+01 -1.668383E+01  2.371174E+01
 4.020000E+02 -1.112772E+01  6.162322E+01 -5.941555E+00 -2.889028E+01 -4.500749E+01 -1.668256E+01  2.377094E+01
 4.025000E+02 -1.116296E+01  6.159741E+01 -5.958783E+00 -2.896609E+01 -4.498473E+01 -1.668127E+01  2.383051E+01
 4.030000E+02 -1.119824E+01  6.157154E+01 -5.976109E+00 -2.904233E+01 -4.496179E+01 -1.667999E+01  2.389043E+01
 4.035000E+02 -1.123358E+01  6.154559E+01 -5.993532E+00 -2.911901E+01 -4.493866E+01 -1.667869E+01  2.395072E+01
 4.040000E+02 -1.126896E+01  6.151958E+01 -6.011053E+00 -2.919612E+01 -4.491536E+01 -1.667739E+01  2.401138E+01
 4.045000E+02 -1.130439E+01  6.149351E+01 -6.028672E+00 -2.927367E+01 -4.489188E+01 -1.667607E+01  2.407240E+01
 4.050000E+02 -1.133987E+01  6.146736E+01 -6.046388E+00 -2.935166E+01 -4.486822E+01 -1.667476E+01  2.413379E+01
 4.055000E+02 -1.137540E+01  6.144115E+01 -6.064202E+00 -2.943009E+01 -4.484438E+01 -1.667343E+01  2.419555E+01
 4.060000E+02 -1.141098E+01  6.141487E+01 -6.082115E+00 -2.950896E+01 -4.482036E+01 -1.667209E+01  2.425768E+01
 4.065000E+02 -1.144661E+01  6.138853E+01 -6.100126E+00 -2.958827E+01 -4.479617E+01 -1.667075E+01  2.432018E+01
 4.070000E+02 -1.148229E+01  6.136212E+01 -6.118235E+00 -2.966803E+01 -4.477179E+01 -1.666940E+01  2.438305E+01
 4.075000E+02 -1.151802E+01  6.133564E+01 -6.136442E+00 -2.974823E+01 -4.474724E+01 -1.666804E+01  2.444630E+01
 4.080000E+02 -1.155380E+01  6.130910E+01 -6.154748E+00 -2.982888E+01 -4.472252E+01 -1.666668E+01  2.450992E+01
 4.085000E+02 -1.158963E+01  6.128249E+01 -6.173153E+00 -2.990997E+01 -4.469762E+01 -1.666530E+01  2.457393E+01
 4.090000E+02 -1.162551E+01  6.125582E+01 -6.191656E+00 -2.999152E+01 -4.467254E+01 -1.666392E+01  2.463831E+01
 4.095000E+02 -1.166144E+01  6.122908E+01 -6.210257E+00 -3.007351E+01 -4.464729E+01 -1.666253E+01  2.470307E+01
 4.100000E+02 -1.169742E+01  6.120228E+01 -6.228958E+00 -3.015595E+01 -4.462186E+01 -1.666113E+01  2.476821E+01
 4.105000E+02 -1.173345E+01  6.117541E+01 -6.247756E+00 -3.023884E+01 -4.459626E+01 -1.665973E+01  2.483373E+01
 4.110000E+02 -1.176954E+01  6.114848E+01 -6.266654E+00 -3.032218E+01 -4.457049E+01 -1.665832E+01  2.489963E+01
 4.115000E+02 -1.180567E+01  6.112148E+01 -6.285649E+00 -3.040597E+01 -4.454455E+01 -1.665689E+01  2.496591E+01
 4.120000E+02 -1.184186E+01  6.109443E+01 -6.304743E+00 -3.049022E+01 -4.451844E+01 -1.665546E+01  2.503258E+01
 4.125000E+02 -1.187809E+01  6.106731E+01 -6.323936E+00 -3.057492E+01 -4.449216E+01 -1.665403E+01  2.509964E+01
 4.130000E+02 -1.191438E+01  6.104012E+01 -6.343226E+00 -3.066007E+01 -4.446570E+01 -1.665258E+01  2.516707E+01
 4.135000E+02 -1.195072E+01  6.101288E+01 -6.362615E+00 -3.074567E+01 -4.443908E+01 -1.665113E+01  2.523490E+01
 4.140000E+02 -1.198711E+01  6.098557E+01 -6.382101E+00 -3.083173E+01 -4.441230E+01 -1.664967E+01  2.530311E+01
 4.145000E+02 -1.202356E+01  6.095821E+01 -6.401685E+00 -3.091824E+01 -4.438535E+01 -1.664820E+01  2.537170E+01
 4.150000E+02 -1.206005E+01  6.093078E+01 -6.421367E+00 -3.100520E+01 -4.435823E+01 -1.664672E+01  2.544069E+01
 4.155000E+02 -1.209660E+01  6.090329E+01 -6.441146E+00 -3.109262E+01 -4.433095E+01 -1.664523E+01  2.551006E+01
 4.160000E+02 -1.213320E+01  6.087574E+01 -6.461022E+00 -3.118049E+01 -4.430351E+01 -1.664374E+01  2.557982E+01
 4.165000E+02 -1.216985E+01  6.084813E+01 -6.480995E+00 -3.126882E+01 -4.427590E+01 -1.664224E+01  2.564997E+01
 4.170000E+02 -1.220656E+01  6.082046E+01 -6.501065E+00 -3.135760E+01 -4.424814E+01 -1.664073E+01  2.572051E+01
 4.175000E+02 -1.224332E+01  6.079274E+01 -6.521231E+00 -3.144683E+01 -4.422021E+01 -1.663921E+01  2.579143E+01
 4.180000E+02 -1.228013E+01  6.076495E+01 -6.541493E+00 -3.153651E+01 -4.419213E+01 -1.663769E+01  2.586274E+01
 4.185000E+02 -1.231699E+01  6.073711E+01 -6.561850E+00 -3.162665E+01 -4.416389E+01 -1.663615E+01  2.593445E+01
 4.190000E+02 -1.235391E+01  6.070921E+01 -6.582303E+00 -3.171724E+01 -4.413550E+01 -1.663461E+01  2.600654E+01
 4.195000E+02 -1.239088E+01  6.068126E+01 -6.602851E+00 -3.180828E+01 -4.410695E+01 -1.663306E+01  2.607902E+01
 4.200000E+02 -1.242790E+01  6.065324E+01 -6.623494E+00 -3.189977E+01 -4.407826E+01 -1.663150E+01  2.615188E+01
 4.205000E+02 -1.246497E+01  6.062518E+01 -6.644231E+00 -3.199171E+01 -4.404941E+01 -1.662994E+01  2.622514E+01
 4.210000E+02 -1.250210E+01  6.059706E+01 -6.665062E+00 -3.208410E+01 -4.402041E+01 -1.662837E+01  2.629878E+01
 4.215000E+02 -1.253929E+01  6.056888E+01 -6.685986E+00 -3.217694E+01 -4.399127E+01 -1.662678E+01  2.637281E+01
 4.220000E+02 -1.257652E+01  6.054065E+01 -6.707003E+00 -3.227023E+01 -4.396197E+01 -1.662519E+01  2.644723E+01
 4.225000E+02 -1.261381E+01  6.051237E+01 -6.728113E+00 -3.236396E+01 -4.393254E+01 -1.662360E+01  2.652204E+01
 4.230000E+02 -1.265116E+01  6.048403E+01 -6.749314E+00 -3.245814E+01 -4.390296E+01 -1.662199E+01  2.659723E+01
 4.235000E+02 -1.619633E+01  5.799573E+01 -1.509414E+01 -2.472917E+02 -1.133746E-01 -5.788761E-03  1.883130E+02
 4.240000E+02 -1.630067E+01  5.799560E+01 -1.511808E+01 -2.476002E+02 -1.127424E-01 -5.781770E-03  1.885405E+02
 4.245000E+02 -1.640502E+01  5.799548E+01 -1.514203E+01 -2.479087E+02 -1.121157E-01 -5.774796E-03  1.887681E+02
 4.250000E+02 -1.650939E+01  5.799535E+01 -1.516598E+01 -2.482171E+02 -1.114944E-01 -5.767841E-03  1.889956E+02
 4.255000E+02 -1.661379E+01  5.799522E+01 -1.518994E+01 -2.485255E+02 -1.108784E-01 -5.760903E-03  1.892231E+02
 4.260000E+02 -1.671820E+01  5.799509E+01 -1.521392E+01 -2.488339E+02 -1.102677E-01 -5.753982E-03  1.894506E+02
 4.265000E+02 -1.682263E+01  5.799496E+01 -1.523789E+01 -2.491423E+02 -1.096622E-01 -5.747079E-03  1.896780E+02
 4.270000E+02 -1.692709E+01  5.799484E+01 -1.526188E+01 -2.494507E+02 -1.090619E-01 -5.740194E-03  1.899054E+02
 4.275000E+02 -1.703156E+01  5.799471E+01 -1.528588E+01 -2.497590E+02 -1.084667E-01 -5.733325E-03  1.901328E+02
 4.280000E+02 -1.713605E+01  5.799458E+01 -1.530988E+01 -2.500673E+02 -1.078765E-01 -5.726474E-03  1.903602E+02
 4.285000E+02 -1.724056E+01  5.799446E+01 -1.533389E+01 -2.503756E+02 -1.072913E-01 -5.719640E-03  1.905875E+02
 4.290000E+02 -1.734510E+01  5.799433E+01 -1.535791E+01 -2.506839E+02 -1.067109E-01 -5.712823E-03  1.908148E+02
 4.295000E+02 -1.744965E+01  5.799420E+01 -1.538194E+01 -2.509921E+02 -1.061355E-01 -5.706024E-03  1.910420E+02
 4.300000E+02 -1.755422E+01  5.799407E+01 -1.540597E+01 -2.513003E+02 -1.055649E-01 -5.699241E-03  1.912693E+02
 4.305000E+02 -1.765881E+01  5.799395E+01 -1.543002E+01 -2.516085E+02 -1.049990E-01 -5.692475E-03  1.914965E+02
 4.310000E+02 -1.776343E+01  5.799382E+01 -1.545407E+01 -2.519167E+02 -1.044378E-01 -5.685726E-03  1.917236E+02
 4.315000E+02 -1.786806E+01  5.799370E+01 -1.547813E+01 -2.522249E+02 -1.038812E-01 -5.678993E-03  1.919508E+02
 4.320000E+02 -1.797271E+01  5.799357E+01 -1.550219E+01 -2.525330E+02 -1.033292E-01 -5.672277E-03  1.921779E+02
 4.325000E+02 -1.807738E+01  5.799344E+01 -1.552627E+01 -2.528411E+02 -1.027818E-01 -5.665578E-03  1.924050E+02
 4.330000E+02 -1.818207E+01  5.799332E+01 -1.555035E+01 -2.531492E+02 -1.022389E-01 -5.658896E-03  1.926321E+02
 4.335000E+02 -1.828678E+01  5.799319E+01 -1.557444E+01 -2.534573E+02 -1.017004E-01 -5.652230E-03  1.928591E+02
 4.340000E+02 -1.839151E+01  5.799306E+01 -1.559854E+01 -2.537654E+02 -1.011662E-01 -5.645580E-03  1.930861E+02
 4.345000E+02 -1.849626E+01  5.799294E+01 -1.562264E+01 -2.540734E+02 -1.006364E-01 -5.638946E-03  1.933131E+02
 4.350000E+02 -1.860103E+01  5.799281E+01 -1.564676E+01 -2.543815E+02 -1.001110E-01 -5.632329E-03  1.935401E+02
 4.355000E+02 -1.870582E+01  5.799269E+01 -1.567088E+01 -2.546895E+02 -9.958971E-02 -5.625728E-03  1.937671E+02
 4.360000E+02 -1.881063E+01  5.799256E+01 -1.569501E+01 -2.549975E+02 -9.907267E-02 -5.619143E-03  1.939940E+02
 4.365000E+02 -1.891546E+01  5.799243E+01 -1.571915E+01 -2.553054E+02 -9.855978E-02 -5.612575E-03  1.942209E+02
 4.370000E+02 -1.902031E+01  5.799231E+01 -1.574329E+01 -2.556134E+02 -9.805099E-02 -5.606022E-03  1.944477E+02
 4.375000E+02 -1.912518E+01  5.799218E+01 -1.576744E+01 -2.559213E+02 -9.754627E-02 -5.599485E-03  1.946746E+02
 4.380000E+02 -1.923006E+01  5.799206E+01 -1.579161E+01 -2.562293E+02 -9.704558E-02 -5.592964E-03  1.949014E+02
 4.385000E+02 -1.933497E+01  5.799193E+01 -1.581577E+01 -2.565372E+02 -9.654886E-02 -5.586459E-03  1.951282E+02
 4.390000E+02 -1.943990E+01  5.799180E+01 -1.583995E+01 -2.568451E+02 -9.605607E-02 -5.579970E-03  1.953550E+02
 4.395000E+02 -1.954484E+01  5.799168E+01 -1.586413E+01 -2.571530E+02 -9.556718E-02 -5.573496E-03  1.955817E+02
 4.400000E+02 -1.964981E+01  5.799155E+01 -1.588832E+01 -2.574608E+02 -9.508215E-02 -5.567038E-03  1.958085E+02
 4.405000E+02 -1.975479E+01  5.799142E+01 -1.591252E+01 -2.577687E+02 -9.460093E-02 -5.560595E-03  1.960352E+02
 4.410000E+02 -1.985980E+01  5.799130E+01 -1.593673E+01 -2.580765E+02 -9.412348E-02 -5.554168E-03  1.962618E+02
 4.415000E+02 -1.996482E+01  5.799117E+01 -1.596094E+01 -2.583843E+02 -9.364976E-02 -5.547757E-03  1.964885E+02
 4.420000E+02 -2.006986E+01  5.799104E+01 -1.598517E+01 -2.586922E+02 -9.317974E-02 -5.541360E-03  1.967151E+02
 4.425000E+02 -2.017492E+01  5.799092E+01 -1.600940E+01 -2.590000E+02 -9.271338E-02 -5.534979E-03  1.969418E+02
 4.430000E+02 -2.028001E+01  5.799079E+01 -1.603363E+01 -2.593077E+02 -9.225064E-02 -5.528614E-03  1.971684E+02
 4.435000E+02 -2.038511E+01  5.799066E+01 -1.605788E+01 -2.596155E+02 -9.179148E-02 -5.522263E-03  1.973949E+02
 4.440000E+02 -2.049023E+01  5.799053E+01 -1.608213E+01 -2.599233E+02 -9.133586E-02 -5.515928E-03  1.976215E+02
 4.445000E+02 -2.059537E+01  5.799041E+01 -1.610639E+01 -2.602310E+02 -9.088376E-02 -5.509608E-03  1.978480E+02
 4.450000E+02 -2.070052E+01  5.799028E+01 -1.613066E+01 -2.605387E+02 -9.043512E-02 -5.503302E-03  1.980745E+02
 4.455000E+02 -2.080570E+01  5.799015E+01 -1.615493E+01 -2.608464E+02 -8.998993E-02 -5.497012E-03  1.983010E+02
 4.460000E+02 -2.091090E+01  5.799002E+01 -1.617921E+01 -2.611541E+02 -8.954814E-02 -5.490737E-03  1.985275E+02
 4.465000E+02 -2.101611E+01  5.798990E+01 -1.620350E+01 -2.614618E+02 -8.910972E-02 -5.484476E-03  1.987539E+02
 4.470000E+02 -2.112135E+01  5.798977E+01 -1.622780E+01 -2.617695E+02 -8.867464E-02 -5.478230E-03  1.989803E+02
 4.475000E+02 -2.122660E+01  5.798964E+01 -1.625211E+01 -2.620772E+02 -8.824286E-02 -5.471999E-03  1.992068E+02
 4.480000E+02 -2.133188E+01  5.798951E+01 -1.627642E+01 -2.623848E+02 -8.781435E-02 -5.465783E-03  1.994331E+02
 4.485000E+02 -2.143717E+01  5.798938E+01 -1.630074E+01 -2.626925E+02 -8.738908E-02 -5.459581E-03  1.996595E+02
 4.490000E+02 -2.154248E+01  5.798925E+01 -1.632507E+01 -2.630001E+02 -8.696701E-02 -5.453394E-03  1.998859E+02
 4.495000E+02 -2.164781E+01  5.798912E+01 -1.634940E+01 -2.633077E+02 -8.654811E-02 -5.447222E-03  2.001122E+02
 4.500000E+02 -2.175316E+01  5.798899E+01 -1.637374E+01 -2.636153E+02 -8.613236E-02 -5.441063E-03  2.003385E+02
 4.505000E+02 -2.185853E+01  5.798886E+01 -1.639809E+01 -2.639229E+02 -8.571972E-02 -5.434919E-03  2.005648E+02
 4.510000E+02 -2.196392E+01  5.798873E+01 -1.642245E+01 -2.642305E+02 -8.531016E-02 -5.428790E-03  2.007911E+02
 4.515000E+02 -2.206933E+01  5.798860E+01 -1.644682E+01 -2.645381E+02 -8.490365E-02 -5.422675E-03  2.010173E+02
 4.520000E+02 -2.217475E+01  5.798847E+01 -1.647119E+01 -2.648457E+02 -8.450016E-02 -5.416574E-03  2.012435E+02
 4.525000E+02 -2.228020E+01  5.798834E+01 -1.649557E+01 -2.651532E+02 -8.409967E-02 -5.410487E-03  2.014698E+02
 4.530000E+02 -2.238566E+01  5.798821E+01 -1.651995E+01 -2.654608E+02 -8.370214E-02 -5.404414E-03  2.016960E+02
 4.535000E+02 -2.249115E+01  5.798808E+01 -1.654435E+01 -2.657683E+02 -8.330754E-02 -5.398356E-03  2.019221E+02
 4.540000E+02 -2.259665E+01  5.798795E+01 -1.656875E+01 -2.660758E+02 -8.291584E-02 -5.392311E-03  2.021483E+02
 4.545000E+02 -2.270217E+01  5.798782E+01 -1.659316E+01 -2.663834E+02 -8.252703E-02 -5.386281E-03  2.023744E+02
 4.550000E+02 -2.280771E+01  5.798768E+01 -1.661757E+01 -2.666909E+02 -8.214107E-02 -5.380264E-03  2.026006E+02
 4.555000E+02 -2.291327E+01  5.798755E+01 -1.664200E+01 -2.669984E+02 -8.175793E-02 -5.374261E-03  2.028267E+02
 4.560000E+02 -2.301884E+01  5.798742E+01 -1.666643E+01 -2.673059E+02 -8.137758E-02 -5.368272E-03  2.030528E+02
 4.565000E+02 -2.312444E+01  5.798729E+01 -1.669086E+01 -2.676134E+02 -8.100001E-02 -5.362297E-03  2.032789E+02
 4.570000E+02 -2.323005E+01  5.798715E+01 -1.671531E+01 -2.679208E+02 -8.062518E-02 -5.356335E-03  2.035049E+02
 4.575000E+02 -2.333569E+01  5.798702E+01 -1.673976E+01 -2.682283E+02 -8.025307E-02 -5.350387E-03  2.037310E+02
 4.580000E+02 -2.344134E+01  5.798689E+01 -1.676422E+01 -2.685358E+02 -7.988365E-02 -5.344453E-03  2.039570E+02
 4.585000E+02 -2.354701E+01  5.798675E+01 -1.678869E+01 -2.688432E+02 -7.951690E-02 -5.338532E-03  2.041830E+02
 4.590000E+02 -2.365270E+01  5.798662E+01 -1.681316E+01 -2.691507E+02 -7.915279E-02 -5.332625E-03  2.044090E+02
 4.595000E+02 -2.375841E+01  5.798648E+01 -1.683764E+01 -2.694581E+02 -7.879130E-02 -5.326731E-03  2.046350E+02
 4.600000E+02 -2.386414E+01  5.798635E+01 -1.686213E+01 -2.697655E+02 -7.843240E-02 -5.320851E-03  2.048609E+02
 4.605000E+02 -2.396988E+01  5.798621E+01 -1.688663E+01 -2.700729E+02 -7.807606E-02 -5.314984E-03  2.050869E+02
 4.610000E+02 -2.407565E+01  5.798608E+01 -1.691113E+01 -2.703804E+02 -7.772228E-02 -5.309130E-03  2.053128E+02
 4.615000E+02 -2.418143E+01  5.798594E+01 -1.693564E+01 -2.706878E+02 -7.737101E-02 -5.303290E-03  2.055387E+02
 4.620000E+02 -2.428723E+01  5.798580E+01 -1.696016E+01 -2.709952E+02 -7.702225E-02 -5.297463E-03  2.057646E+02
 4.625000E+02 -2.439305E+01  5.798567E+01 -1.698468E+01 -2.713025E+02 -7.667595E-02 -5.291649E-03  2.059905E+02
 4.630000E+02 -2.449889E+01  5.798553E+01 -1.700921E+01 -2.716099E+02 -7.633212E-02 -5.285848E-03  2.062163E+02
 4.635000E+02 -2.460475E+01  5.798539E+01 -1.703375E+01 -2.719173E+02 -7.599071E-02 -5.280060E-03  2.064422E+02
 4.640000E+02 -2.471063E+01  5.798525E+01 -1.705829E+01 -2.722247E+02 -7.565170E-02 -5.274285E-03  2.066680E+02
 4.645000E+02 -2.481652E+01  5.798511E+01 -1.708285E+01 -2.725321E+02 -7.531509E-02 -5.268523E-03  2.068938E+02
 4.650000E+02 -2.492243E+01  5.798498E+01 -1.710741E+01 -2.728394E+02 -7.498083E-02 -5.262774E-03  2.071197E+02
 4.655000E+02 -2.502837E+01  5.798484E+01 -1.713197E+01 -2.731468E+02 -7.464892E-02 -5.257038E-03  2.073454E+02
 4.660000E+02 -2.513432E+01  5.798470E+01 -1.715655E+01 -2.734541E+02 -7.431933E-02 -5.251315E-03  2.075712E+02
 4.665000E+02 -2.524028E+01  5.798456E+01 -1.718113E+01 -2.737615E+02 -7.399205E-02 -5.245605E-03  2.077970E+02
 4.670000E+02 -2.534627E+01  5.798442E+01 -1.720572E+01 -2.740688E+02 -7.366704E-02 -5.239907E-03  2.080227E+02
 4.675000E+02 -2.545228E+01  5.798427E+01 -1.723031E+01 -2.743761E+02 -7.334429E-02 -5.234222E-03  2.082485E+02
 4.680000E+02 -2.555830E+01  5.798413E+01 -1.725491E+01 -2.746835E+02 -7.302377E-02 -5.228550E-03  2.084742E+02
 4.685000E+02 -2.566434E+01  5.798399E+01 -1.727952E+01 -2.749908E+02 -7.270548E-02 -5.222890E-03  2.086999E+02
 4.690000E+02 -2.577040E+01  5.798385E+01 -1.730414E+01 -2.752981E+02 -7.238939E-02 -5.217243E-03  2.089256E+02
 4.695000E+02 -2.587648E+01  5.798371E+01 -1.732876E+01 -2.756054E+02 -7.207547E-02 -5.211609E-03  2.091513E+02
 4.700000E+02 -2.598258E+01  5.798356E+01 -1.735339E+01 -2.759127E+02 -7.176371E-02 -5.205987E-03  2.093769E+02
 4.705000E+02 -2.608870E+01  5.798342E+01 -1.737803E+01 -2.762200E+02 -7.145410E-02 -5.200377E-03  2.096026E+02
 4.710000E+02 -2.619483E+01  5.798328E+01 -1.740267E+01 -2.765273E+02 -7.114660E-02 -5.194780E-03  2.098282E+02
 4.715000E+02 -2.630098E+01  5.798313E+01 -1.742732E+01 -2.768346E+02 -7.084121E-02 -5.189195E-03  2.100538E+02
 4.720000E+02 -2.640715E+01  5.798299E+01 -1.745198E+01 -2.771419E+02 -7.053791E-02 -5.183622E-03  2.102794E+02
 4.725000E+02 -2.651334E+01  5.798284E+01 -1.747665E+01 -2.774492E+02 -7.023667E-02 -5.178062E-03  2.105050E+02
 4.730000E+02 -2.661955E+01  5.798270E+01 -1.750132E+01 -2.777564E+02 -6.993747E-02 -5.172514E-03  2.107306E+02
 4.735000E+02 -2.672577E+01  5.798255E+01 -1.752600E+01 -2.780637E+02 -6.964031E-02 -5.166978E-03  2.109562E+02
 4.740000E+02 -2.683202E+01  5.798240E+01 -1.755068E+01 -2.783710E+02 -6.934516E-02 -5.161454E-03  2.111818E+02
 4.745000E+02 -2.693828E+01  5.798226E+01 -1.757537E+01 -2.786783E+02 -6.905200E-02 -5.155942E-03  2.114073E+02
 4.750000E+02 -2.704456E+01  5.798211E+01 -1.760007E+01 -2.789855E+02 -6.876082E-02 -5.150443E-03  2.116328E+02
 4.755000E+02 -2.715086E+01  5.798196E+01 -1.762478E+01 -2.792928E+02 -6.847160E-02 -5.144955E-03  2.118584E+02
 4.760000E+02 -2.725717E+01  5.798181E+01 -1.764949E+01 -2.796000E+02 -6.818432E-02 -5.139479E-03  2.120839E+02
 4.765000E+02 -2.736351E+01  5.798166E+01 -1.767421E+01 -2.799073E+02 -6.789897E-02 -5.134016E-03  2.123094E+02
 4.770000E+02 -2.746986E+01  5.798151E+01 -1.769894E+01 -2.802145E+02 -6.761553E-02 -5.128564E-03  2.125348E+02
 4.775000E+02 -2.757623E+01  5.798136E+01 -1.772367E+01 -2.805218E+02 -6.733398E-02 -5.123124E-03  2.127603E+02
 4.780000E+02 -2.768262E+01  5.798121E+01 -1.774841E+01 -2.808290E+02 -6.705431E-02 -5.117696E-03  2.129858E+02
 4.785000E+02 -2.778902E+01  5.798106E+01 -1.777316E+01 -2.811363E+02 -6.677650E-02 -5.112279E-03  2.132112E+02
 4.790000E+02 -2.789545E+01  5.798091E+01 -1.779792E+01 -2.814435E+02 -6.650053E-02 -5.106874E-03  2.134367E+02
 4.795000E+02 -2.800189E+01  5.798076E+01 -1.782268E+01 -2.817507E+02 -6.622639E-02 -5.101481E-03  2.136621E+02
 4.800000E+02 -2.810835E+01  5.798061E+01 -1.784744E+01 -2.820580E+02 -6.595406E-02 -5.096100E-03  2.138875E+02
 4.805000E+02 -2.821483E+01  5.798045E+01 -1.787222E+01 -2.823652E+02 -6.568354E-02 -5.090730E-03  2.141129E+02
 4.810000E+02 -2.832133E+01  5.798030E+01 -1.789700E+01 -2.826724E+02 -6.541479E-02 -5.085372E-03  2.143383E+02
 4.815000E+02 -2.842784E+01  5.798015E+01 -1.792179E+01 -2.829796E+02 -6.514781E-02 -5.080025E-03  2.145637E+02
 4.820000E+02 -2.853437E+01  5.797999E+01 -1.794658E+01 -2.832868E+02 -6.488259E-02 -5.074690E-03  2.147890E+02
 4.825000E+02 -2.864092E+01  5.797984E+01 -1.797138E+01 -2.835941E+02 -6.461910E-02 -5.069366E-03  2.150144E+02
 4.830000E+02 -2.874749E+01  5.797968E+01 -1.799619E+01 -2.839013E+02 -6.435733E-02 -5.064054E-03  2.152397E+02
 4.835000E+02 -2.885408E+01  5.797952E+01 -1.802101E+01 -2.842085E+02 -6.409728E-02 -5.058753E-03  2.154651E+02
 4.840000E+02 -2.896068E+01  5.797937E+01 -1.804583E+01 -2.845157E+02 -6.383891E-02 -5.053463E-03  2.156904E+02
 4.845000E+02 -2.906730E+01  5.797921E+01 -1.807066E+01 -2.848229E+02 -6.358223E-02 -5.048185E-03  2.159157E+02
 4.850000E+02 -2.917394E+01  5.797905E+01 -1.809549E+01 -2.851301E+02 -6.332721E-02 -5.042918E-03  2.161410E+02
 4.855000E+02 -2.928060E+01  5.797889E+01 -1.812034E+01 -2.854373E+02 -6.307385E-02 -5.037662E-03  2.163663E+02
 4.860000E+02 -2.938728E+01  5.797873E+01 -1.814518E+01 -2.857445E+02 -6.282212E-02 -5.032417E-03  2.165916E+02
 4.865000E+02 -2.949397E+01  5.797857E+01 -1.817004E+01 -2.860517E+02 -6.257202E-02 -5.027184E-03  2.168168E+02
 4.870000E+02 -2.960068E+01  5.797841E+01 -1.819490E+01 -2.863589E+02 -6.232352E-02 -5.021961E-03  2.170421E+02
 4.875000E+02 -2.970741E+01  5.797825E+01 -1.821977E+01 -2.866661E+02 -6.207663E-02 -5.016750E-03  2.172673E+02
 4.880000E+02 -2.981416E+01  5.797809E+01 -1.824465E+01 -2.869733E+02 -6.183132E-02 -5.011549E-03  2.174926E+02
 4.885000E+02 -2.992092E+01  5.797793E+01 -1.826953E+01 -2.872805E+02 -6.158758E-02 -5.006360E-03  2.177178E+02
 4.890000E+02 -3.002770E+01  5.797777E+01 -1.829442E+01 -2.875877E+02 -6.134540E-02 -5.001182E-03  2.179430E+02
 4.895000E+02 -3.013450E+01  5.797760E+01 -1.831931E+01 -2.878949E+02 -6.110476E-02 -4.996014E-03  2.181682E+02
 4.900000E+02 -3.024132E+01  5.797744E+01 -1.834421E+01 -2.882021E+02 -6.086566E-02 -4.990857E-03  2.183934E+02
 4.905000E+02 -3.034815E+01  5.797728E+01 -1.836912E+01 -2.885093E+02 -6.062807E-02 -4.985712E-03  2.186186E+02
 4.910000E+02 -3.045501E+01  5.797711E+01 -1.839404E+01 -2.888165E+02 -6.039200E-02 -4.980577E-03  2.188438E+02
 4.915000E+02 -3.056188E+01  5.797695E+01 -1.841896E+01 -2.891237E+02 -6.015742E-02 -4.975453E-03  2.190689E+02
 4.920000E+02 -3.066876E+01  5.797678E+01 -1.844389E+01 -2.894309E+02 -5.992432E-02 -4.970339E-03  2.192941E+02
 4.925000E+02 -3.077567E+01  5.797661E+01 -1.846882E+01 -2.897381E+02 -5.969270E-02 -4.965236E-03  2.195193E+02
 4.930000E+02 -3.088259E+01  5.797645E+01 -1.849376E+01 -2.900452E+02 -5.946253E-02 -4.960144E-03  2.197444E+02
 4.935000E+02 -3.098953E+01  5.797628E+01 -1.851871E+01 -2.903524E+02 -5.923381E-02 -4.955063E-03  2.199695E+02
 4.940000E+02 -3.109649E+01  5.797611E+01 -1.854366E+01 -2.906596E+02 -5.900653E-02 -4.949992E-03  2.201946E+02
 4.945000E+02 -3.120347E+01  5.797594E+01 -1.856863E+01 -2.909668E+02 -5.878067E-02 -4.944932E-03  2.204197E+02
 4.950000E+02 -3.131046E+01  5.797577E+01 -1.859359E+01 -2.912740E+02 -5.855622E-02 -4.939882E-03  2.206448E+02
 4.955000E+02 -3.141747E+01  5.797560E+01 -1.861857E+01 -2.915812E+02 -5.833318E-02 -4.934843E-03  2.208699E+02
 4.960000E+02 -3.152450E+01  5.797543E+01 -1.864355E+01 -2.918884E+02 -5.811152E-02 -4.929814E-03  2.210950E+02
 4.965000E+02 -3.163154E+01  5.797526E+01 -1.866853E+01 -2.921955E+02 -5.789125E-02 -4.924796E-03  2.213201E+02
 4.970000E+02 -3.173861E+01  5.797509E+01 -1.869353E+01 -2.925027E+02 -5.767234E-02 -4.919788E-03  2.215452E+02
 4.975000E+02 -3.184569E+01  5.797492E+01 -1.871853E+01 -2.928099E+02 -5.745479E-02 -4.914791E-03  2.217702E+02
 4.980000E+02 -3.195279E+01  5.797474E+01 -1.874353E+01 -2.931171E+02 -5.723858E-02 -4.909804E-03  2.219953E+02
 4.985000E+02 -3.205990E+01  5.797457E+01 -1.876855E+01 -2.934243E+02 -5.702371E-02 -4.904827E-03  2.222203E+02
 4.990000E+02 -3.216703E+01  5.797439E+01 -1.879357E+01 -2.937315E+02 -5.681017E-02 -4.899860E-03  2.224453E+02
 4.995000E+02 -3.227418E+01  5.797422E+01 -1.881859E+01 -2.940387E+02 -5.659793E-02 -4.894904E-03  2.226703E+02
 5.000000E+02 -3.238135E+01  5.797404E+01 -1.884363E+01 -2.943458E+02 -5.638701E-02 -4.889958E-03  2.228954E+02
