# T/K; U/kJ
#           T           tot           vib           rot         trans          elec            mf          indi
 2.000000E+02  8.925026E+00  7.212950E+01  3.117932E-01  3.117932E-01 -4.687529E+01 -1.695277E+01  0.000000E+00
 2.005000E+02  8.938207E+00  7.214058E+01  3.125728E-01  3.125728E-01 -4.687529E+01 -1.695223E+01  0.000000E+00
 2.010000E+02  8.951408E+00  7.215169E+01  3.133523E-01  3.133523E-01 -4.687528E+01 -1.695170E+01  0.000000E+00
 2.015000E+02  8.964628E+00  7.216281E+01  3.141318E-01  3.141318E-01 -4.687528E+01 -1.695117E+01  0.000000E+00
 2.020000E+02  8.977868E+00  7.217396E+01  3.149114E-01  3.149114E-01 -4.687528E+01 -1.695063E+01  0.000000E+00
 2.025000E+02  8.991128E+00  7.218512E+01  3.156909E-01  3.156909E-01 -4.687527E+01 -1.695010E+01  0.000000E+00
 2.030000E+02  9.004407E+00  7.219630E+01  3.164704E-01  3.164704E-01 -4.687527E+01 -1.694957E+01  0.000000E+00
 2.035000E+02  9.017706E+00  7.220750E+01  3.172500E-01  3.172500E-01 -4.687526E+01 -1.694904E+01  0.000000E+00
 2.040000E+02  9.031024E+00  7.221873E+01  3.180295E-01  3.180295E-01 -4.687526E+01 -1.694850E+01  0.000000E+00
 2.045000E+02  9.044361E+00  7.222997E+01  3.188091E-01  3.188091E-01 -4.687525E+01 -1.694797E+01  0.000000E+00
 2.050000E+02  9.057718E+00  7.224123E+01  3.195886E-01  3.195886E-01 -4.687525E+01 -1.694744E+01  0.000000E+00
 2.055000E+02  9.071095E+00  7.225250E+01  3.203682E-01  3.203682E-01 -4.687524E+01 -1.694690E+01  0.000000E+00
 2.060000E+02  9.084491E+00  7.226380E+01  3.211477E-01  3.211477E-01 -4.687524E+01 -1.694637E+01  0.000000E+00
 2.065000E+02  9.097906E+00  7.227512E+01  3.219273E-01  3.219273E-01 -4.687523E+01 -1.694584E+01  0.000000E+00
 2.070000E+02  9.111340E+00  7.228646E+01  3.227069E-01  3.227069E-01 -4.687523E+01 -1.694530E+01  0.000000E+00
 2.075000E+02  9.124794E+00  7.229781E+01  3.234864E-01  3.234864E-01 -4.687522E+01 -1.694477E+01  0.000000E+00
 2.080000E+02  9.138267E+00  7.230919E+01  3.242660E-01  3.242660E-01 -4.687521E+01 -1.694424E+01  0.000000E+00
 2.085000E+02  9.151759E+00  7.232058E+01  3.250456E-01  3.250456E-01 -4.687521E+01 -1.694370E+01  0.000000E+00
 2.090000E+02  9.165270E+00  7.233199E+01  3.258252E-01  3.258252E-01 -4.687520E+01 -1.694317E+01  0.000000E+00
 2.095000E+02  9.178801E+00  7.234342E+01  3.266048E-01  3.266048E-01 -4.687519E+01 -1.694264E+01  0.000000E+00
 2.100000E+02  9.192351E+00  7.235487E+01  3.273844E-01  3.273844E-01 -4.687519E+01 -1.694210E+01  0.000000E+00
 2.105000E+02  9.205920E+00  7.236634E+01  3.281640E-01  3.281640E-01 -4.687518E+01 -1.694157E+01  0.000000E+00
 2.110000E+02  9.219508E+00  7.237783E+01  3.289436E-01  3.289436E-01 -4.687517E+01 -1.694104E+01  0.000000E+00
 2.115000E+02  9.233115E+00  7.238933E+01  3.297232E-01  3.297232E-01 -4.687516E+01 -1.694050E+01  0.000000E+00
 2.120000E+02  9.246741E+00  7.240086E+01  3.305028E-01  3.305028E-01 -4.687515E+01 -1.693997E+01  0.000000E+00
 2.125000E+02  9.260386E+00  7.241240E+01  3.312824E-01  3.312824E-01 -4.687514E+01 -1.693944E+01  0.000000E+00
 2.130000E+02  9.274050E+00  7.242396E+01  3.320620E-01  3.320620E-01 -4.687513E+01 -1.693890E+01  0.000000E+00
 2.135000E+02  9.287733E+00  7.243554E+01  3.328417E-01  3.328417E-01 -4.687512E+01 -1.693837E+01  0.000000E+00
 2.140000E+02  9.301436E+00  7.244714E+01  3.336213E-01  3.336213E-01 -4.687511E+01 -1.693784E+01  0.000000E+00
 2.145000E+02  9.315157E+00  7.245876E+01  3.344010E-01  3.344010E-01 -4.687510E+01 -1.693730E+01  0.000000E+00
 2.150000E+02  9.328897E+00  7.247040E+01  3.351806E-01  3.351806E-01 -4.687509E+01 -1.693677E+01  0.000000E+00
 2.155000E+02  9.342656E+00  7.248205E+01  3.359603E-01  3.359603E-01 -4.687508E+01 -1.693623E+01  0.000000E+00
 2.160000E+02  9.356433E+00  7.249372E+01  3.367399E-01  3.367399E-01 -4.687507E+01 -1.693570E+01  0.000000E+00
 2.165000E+02  9.370230E+00  7.250542E+01  3.375196E-01  3.375196E-01 -4.687506E+01 -1.693517E+01  0.000000E+00
 2.170000E+02  9.384046E+00  7.251713E+01  3.382993E-01  3.382993E-01 -4.687505E+01 -1.693463E+01  0.000000E+00
 2.175000E+02  9.397880E+00  7.252885E+01  3.390790E-01  3.390790E-01 -4.687503E+01 -1.693410E+01  0.000000E+00
 2.180000E+02  9.411733E+00  7.254060E+01  3.398587E-01  3.398587E-01 -4.687502E+01 -1.693356E+01  0.000000E+00
 2.185000E+02  9.425605E+00  7.255236E+01  3.406384E-01  3.406384E-01 -4.687501E+01 -1.693303E+01  0.000000E+00
 2.190000E+02  9.439496E+00  7.256415E+01  3.414181E-01  3.414181E-01 -4.687499E+01 -1.693250E+01  0.000000E+00
 2.195000E+02  9.453405E+00  7.257595E+01  3.421979E-01  3.421979E-01 -4.687498E+01 -1.693196E+01  0.000000E+00
 2.200000E+02  9.467334E+00  7.258777E+01  3.429776E-01  3.429776E-01 -4.687496E+01 -1.693143E+01  0.000000E+00
 2.205000E+02  9.481281E+00  7.259960E+01  3.437573E-01  3.437573E-01 -4.687494E+01 -1.693089E+01  0.000000E+00
 2.210000E+02  9.495246E+00  7.261146E+01  3.445371E-01  3.445371E-01 -4.687493E+01 -1.693036E+01  0.000000E+00
 2.215000E+02  9.509231E+00  7.262333E+01  3.453169E-01  3.453169E-01 -4.687491E+01 -1.692982E+01  0.000000E+00
 2.220000E+02  9.523234E+00  7.263522E+01  3.460967E-01  3.460967E-01 -4.687489E+01 -1.692929E+01  0.000000E+00
 2.225000E+02  9.537255E+00  7.264713E+01  3.468765E-01  3.468765E-01 -4.687487E+01 -1.692876E+01  0.000000E+00
 2.230000E+02  9.551296E+00  7.265906E+01  3.476563E-01  3.476563E-01 -4.687485E+01 -1.692822E+01  0.000000E+00
 2.235000E+02  9.565355E+00  7.267100E+01  3.484361E-01  3.484361E-01 -4.687483E+01 -1.692769E+01  0.000000E+00
 2.240000E+02  9.579432E+00  7.268297E+01  3.492159E-01  3.492159E-01 -4.687481E+01 -1.692715E+01  0.000000E+00
 2.245000E+02  9.593528E+00  7.269495E+01  3.499958E-01  3.499958E-01 -4.687479E+01 -1.692662E+01  0.000000E+00
 2.250000E+02  9.607643E+00  7.270694E+01  3.507757E-01  3.507757E-01 -4.687477E+01 -1.692608E+01  0.000000E+00
 2.255000E+02  9.621777E+00  7.271896E+01  3.515555E-01  3.515555E-01 -4.687475E+01 -1.692555E+01  0.000000E+00
 2.260000E+02  9.635929E+00  7.273099E+01  3.523354E-01  3.523354E-01 -4.687472E+01 -1.692501E+01  0.000000E+00
 2.265000E+02  9.650099E+00  7.274304E+01  3.531154E-01  3.531154E-01 -4.687470E+01 -1.692448E+01  0.000000E+00
 2.270000E+02  9.664288E+00  7.275511E+01  3.538953E-01  3.538953E-01 -4.687467E+01 -1.692394E+01  0.000000E+00
 2.275000E+02  9.678496E+00  7.276720E+01  3.546752E-01  3.546752E-01 -4.687464E+01 -1.692341E+01  0.000000E+00
 2.280000E+02  9.692722E+00  7.277930E+01  3.554552E-01  3.554552E-01 -4.687462E+01 -1.692287E+01  0.000000E+00
 2.285000E+02  9.706967E+00  7.279143E+01  3.562352E-01  3.562352E-01 -4.687459E+01 -1.692234E+01  0.000000E+00
 2.290000E+02  9.721230E+00  7.280356E+01  3.570152E-01  3.570152E-01 -4.687456E+01 -1.692180E+01  0.000000E+00
 2.295000E+02  9.735512E+00  7.281572E+01  3.577952E-01  3.577952E-01 -4.687453E+01 -1.692127E+01  0.000000E+00
 2.300000E+02  9.749812E+00  7.282789E+01  3.585753E-01  3.585753E-01 -4.687450E+01 -1.692073E+01  0.000000E+00
 2.305000E+02  9.764131E+00  7.284009E+01  3.593554E-01  3.593554E-01 -4.687447E+01 -1.692020E+01  0.000000E+00
 2.310000E+02  9.778468E+00  7.285229E+01  3.601354E-01  3.601354E-01 -4.687443E+01 -1.691966E+01  0.000000E+00
 2.315000E+02  9.792824E+00  7.286452E+01  3.609156E-01  3.609156E-01 -4.687440E+01 -1.691913E+01  0.000000E+00
 2.320000E+02  9.807198E+00  7.287676E+01  3.616957E-01  3.616957E-01 -4.687436E+01 -1.691859E+01  0.000000E+00
 2.325000E+02  9.821591E+00  7.288902E+01  3.624759E-01  3.624759E-01 -4.687433E+01 -1.691806E+01  0.000000E+00
 2.330000E+02  9.836003E+00  7.290130E+01  3.632561E-01  3.632561E-01 -4.687429E+01 -1.691752E+01  0.000000E+00
 2.335000E+02  9.850432E+00  7.291360E+01  3.640363E-01  3.640363E-01 -4.687425E+01 -1.691699E+01  0.000000E+00
 2.340000E+02  9.864881E+00  7.292591E+01  3.648165E-01  3.648165E-01 -4.687421E+01 -1.691645E+01  0.000000E+00
 2.345000E+02  9.879348E+00  7.293824E+01  3.655968E-01  3.655968E-01 -4.687417E+01 -1.691592E+01  0.000000E+00
 2.350000E+02  9.893833E+00  7.295058E+01  3.663771E-01  3.663771E-01 -4.687412E+01 -1.691538E+01  0.000000E+00
 2.355000E+02  9.908337E+00  7.296295E+01  3.671574E-01  3.671574E-01 -4.687408E+01 -1.691485E+01  0.000000E+00
 2.360000E+02  9.922860E+00  7.297532E+01  3.679378E-01  3.679378E-01 -4.687403E+01 -1.691431E+01  0.000000E+00
 2.365000E+02  9.937401E+00  7.298772E+01  3.687182E-01  3.687182E-01 -4.687398E+01 -1.691377E+01  0.000000E+00
 2.370000E+02  9.951960E+00  7.300014E+01  3.694986E-01  3.694986E-01 -4.687393E+01 -1.691324E+01  0.000000E+00
 2.375000E+02  9.966538E+00  7.301257E+01  3.702791E-01  3.702791E-01 -4.687388E+01 -1.691270E+01  0.000000E+00
 2.380000E+02  9.981135E+00  7.302501E+01  3.710596E-01  3.710596E-01 -4.687383E+01 -1.691217E+01  0.000000E+00
 2.385000E+02  9.995750E+00  7.303748E+01  3.718401E-01  3.718401E-01 -4.687378E+01 -1.691163E+01  0.000000E+00
 2.390000E+02  1.001038E+01  7.304996E+01  3.726207E-01  3.726207E-01 -4.687372E+01 -1.691109E+01  0.000000E+00
 2.395000E+02  1.002504E+01  7.306246E+01  3.734013E-01  3.734013E-01 -4.687366E+01 -1.691056E+01  0.000000E+00
 2.400000E+02  1.003971E+01  7.307497E+01  3.741819E-01  3.741819E-01 -4.687360E+01 -1.691002E+01  0.000000E+00
 2.405000E+02  1.005440E+01  7.308750E+01  3.749626E-01  3.749626E-01 -4.687354E+01 -1.690949E+01  0.000000E+00
 2.410000E+02  1.006911E+01  7.310005E+01  3.757434E-01  3.757434E-01 -4.687348E+01 -1.690895E+01  0.000000E+00
 2.415000E+02  1.008383E+01  7.311261E+01  3.765241E-01  3.765241E-01 -4.687341E+01 -1.690841E+01  0.000000E+00
 2.420000E+02  1.009858E+01  7.312519E+01  3.773050E-01  3.773050E-01 -4.687335E+01 -1.690788E+01  0.000000E+00
 2.425000E+02  1.011334E+01  7.313779E+01  3.780858E-01  3.780858E-01 -4.687328E+01 -1.690734E+01  0.000000E+00
 2.430000E+02  1.012813E+01  7.315040E+01  3.788668E-01  3.788668E-01 -4.687321E+01 -1.690680E+01  0.000000E+00
 2.435000E+02  1.014293E+01  7.316303E+01  3.796477E-01  3.796477E-01 -4.687313E+01 -1.690627E+01  0.000000E+00
 2.440000E+02  1.015775E+01  7.317568E+01  3.804288E-01  3.804288E-01 -4.687306E+01 -1.690573E+01  0.000000E+00
 2.445000E+02  1.017259E+01  7.318834E+01  3.812098E-01  3.812098E-01 -4.687298E+01 -1.690519E+01  0.000000E+00
 2.450000E+02  1.018745E+01  7.320102E+01  3.819910E-01  3.819910E-01 -4.687290E+01 -1.690466E+01  0.000000E+00
 2.455000E+02  1.020232E+01  7.321371E+01  3.827721E-01  3.827721E-01 -4.687282E+01 -1.690412E+01  0.000000E+00
 2.460000E+02  1.021722E+01  7.322642E+01  3.835534E-01  3.835534E-01 -4.687273E+01 -1.690358E+01  0.000000E+00
 2.465000E+02  1.023213E+01  7.323915E+01  3.843347E-01  3.843347E-01 -4.687264E+01 -1.690304E+01  0.000000E+00
 2.470000E+02  1.024707E+01  7.325189E+01  3.851160E-01  3.851160E-01 -4.687255E+01 -1.690251E+01  0.000000E+00
 2.475000E+02  1.026202E+01  7.326465E+01  3.858975E-01  3.858975E-01 -4.687246E+01 -1.690197E+01  0.000000E+00
 2.480000E+02  1.027699E+01  7.327743E+01  3.866790E-01  3.866790E-01 -4.687236E+01 -1.690143E+01  0.000000E+00
 2.485000E+02  1.029198E+01  7.329022E+01  3.874605E-01  3.874605E-01 -4.687226E+01 -1.690090E+01  0.000000E+00
 2.490000E+02  1.030699E+01  7.330303E+01  3.882422E-01  3.882422E-01 -4.687216E+01 -1.690036E+01  0.000000E+00
 2.495000E+02  1.032202E+01  7.331585E+01  3.890239E-01  3.890239E-01 -4.687206E+01 -1.689982E+01  0.000000E+00
 2.500000E+02  1.033707E+01  7.332869E+01  3.898056E-01  3.898056E-01 -4.687195E+01 -1.689928E+01  0.000000E+00
 2.505000E+02  1.035213E+01  7.334154E+01  3.905875E-01  3.905875E-01 -4.687184E+01 -1.689875E+01  0.000000E+00
 2.510000E+02  1.036722E+01  7.335441E+01  3.913694E-01  3.913694E-01 -4.687172E+01 -1.689821E+01  0.000000E+00
 2.515000E+02  1.038233E+01  7.336730E+01  3.921514E-01  3.921514E-01 -4.687161E+01 -1.689767E+01  0.000000E+00
 2.520000E+02  1.039745E+01  7.338020E+01  3.929335E-01  3.929335E-01 -4.687149E+01 -1.689713E+01  0.000000E+00
 2.525000E+02  1.041259E+01  7.339312E+01  3.937157E-01  3.937157E-01 -4.687136E+01 -1.689659E+01  0.000000E+00
 2.530000E+02  1.042776E+01  7.340605E+01  3.944979E-01  3.944979E-01 -4.687123E+01 -1.689606E+01  0.000000E+00
 2.535000E+02  1.044294E+01  7.341900E+01  3.952803E-01  3.952803E-01 -4.687110E+01 -1.689552E+01  0.000000E+00
 2.540000E+02  1.045814E+01  7.343196E+01  3.960627E-01  3.960627E-01 -4.687097E+01 -1.689498E+01  0.000000E+00
 2.545000E+02  1.047337E+01  7.344494E+01  3.968453E-01  3.968453E-01 -4.687083E+01 -1.689444E+01  0.000000E+00
 2.550000E+02  1.048861E+01  7.345794E+01  3.976279E-01  3.976279E-01 -4.687069E+01 -1.689390E+01  0.000000E+00
 2.555000E+02  1.050387E+01  7.347095E+01  3.984106E-01  3.984106E-01 -4.687054E+01 -1.689336E+01  0.000000E+00
 2.560000E+02  1.051915E+01  7.348397E+01  3.991935E-01  3.991935E-01 -4.687039E+01 -1.689282E+01  0.000000E+00
 2.565000E+02  1.053445E+01  7.349701E+01  3.999764E-01  3.999764E-01 -4.687023E+01 -1.689228E+01  0.000000E+00
 2.570000E+02  1.054977E+01  7.351007E+01  4.007595E-01  4.007595E-01 -4.687007E+01 -1.689175E+01  0.000000E+00
 2.575000E+02  1.056511E+01  7.352314E+01  4.015426E-01  4.015426E-01 -4.686991E+01 -1.689121E+01  0.000000E+00
 2.580000E+02  1.058047E+01  7.353623E+01  4.023259E-01  4.023259E-01 -4.686974E+01 -1.689067E+01  0.000000E+00
 2.585000E+02  1.059585E+01  7.354933E+01  4.031093E-01  4.031093E-01 -4.686957E+01 -1.689013E+01  0.000000E+00
 2.590000E+02  1.061125E+01  7.356244E+01  4.038928E-01  4.038928E-01 -4.686939E+01 -1.688959E+01  0.000000E+00
 2.595000E+02  1.062668E+01  7.357558E+01  4.046765E-01  4.046765E-01 -4.686920E+01 -1.688905E+01  0.000000E+00
 2.600000E+02  1.064212E+01  7.358872E+01  4.054602E-01  4.054602E-01 -4.686902E+01 -1.688851E+01  0.000000E+00
 2.605000E+02  1.065758E+01  7.360188E+01  4.062441E-01  4.062441E-01 -4.686882E+01 -1.688797E+01  0.000000E+00
 2.610000E+02  1.067306E+01  7.361506E+01  4.070282E-01  4.070282E-01 -4.686863E+01 -1.688743E+01  0.000000E+00
 2.615000E+02  1.068856E+01  7.362825E+01  4.078123E-01  4.078123E-01 -4.686842E+01 -1.688689E+01  0.000000E+00
 2.620000E+02  1.070409E+01  7.364145E+01  4.085967E-01  4.085967E-01 -4.686821E+01 -1.688635E+01  0.000000E+00
 2.625000E+02  1.071963E+01  7.365467E+01  4.093811E-01  4.093811E-01 -4.686800E+01 -1.688581E+01  0.000000E+00
 2.630000E+02  1.073519E+01  7.366791E+01  4.101657E-01  4.101657E-01 -4.686778E+01 -1.688527E+01  0.000000E+00
 2.635000E+02  1.075078E+01  7.368116E+01  4.109505E-01  4.109505E-01 -4.686755E+01 -1.688473E+01  0.000000E+00
 2.640000E+02  1.076639E+01  7.369442E+01  4.117354E-01  4.117354E-01 -4.686732E+01 -1.688419E+01  0.000000E+00
 2.645000E+02  1.078201E+01  7.370770E+01  4.125205E-01  4.125205E-01 -4.686708E+01 -1.688365E+01  0.000000E+00
 2.650000E+02  1.079766E+01  7.372099E+01  4.133058E-01  4.133058E-01 -4.686684E+01 -1.688310E+01  0.000000E+00
 2.655000E+02  1.081333E+01  7.373430E+01  4.140912E-01  4.140912E-01 -4.686659E+01 -1.688256E+01  0.000000E+00
 2.660000E+02  1.082902E+01  7.374762E+01  4.148768E-01  4.148768E-01 -4.686633E+01 -1.688202E+01  0.000000E+00
 2.665000E+02  1.084474E+01  7.376095E+01  4.156626E-01  4.156626E-01 -4.686606E+01 -1.688148E+01  0.000000E+00
 2.670000E+02  1.086047E+01  7.377430E+01  4.164485E-01  4.164485E-01 -4.686579E+01 -1.688094E+01  0.000000E+00
 2.675000E+02  1.087623E+01  7.378767E+01  4.172347E-01  4.172347E-01 -4.686551E+01 -1.688040E+01  0.000000E+00
 2.680000E+02  1.089200E+01  7.380104E+01  4.180210E-01  4.180210E-01 -4.686523E+01 -1.687985E+01  0.000000E+00
 2.685000E+02  1.090780E+01  7.381444E+01  4.188076E-01  4.188076E-01 -4.686494E+01 -1.687931E+01  0.000000E+00
 2.690000E+02  1.092362E+01  7.382784E+01  4.195943E-01  4.195943E-01 -4.686464E+01 -1.687877E+01  0.000000E+00
 2.695000E+02  1.093947E+01  7.384126E+01  4.203813E-01  4.203813E-01 -4.686433E+01 -1.687823E+01  0.000000E+00
 2.700000E+02  1.095533E+01  7.385469E+01  4.211684E-01  4.211684E-01 -4.686401E+01 -1.687768E+01  0.000000E+00
 2.705000E+02  1.097122E+01  7.386814E+01  4.219558E-01  4.219558E-01 -4.686369E+01 -1.687714E+01  0.000000E+00
 2.710000E+02  1.098713E+01  7.388160E+01  4.227434E-01  4.227434E-01 -4.686336E+01 -1.687660E+01  0.000000E+00
 2.715000E+02  1.100307E+01  7.389508E+01  4.235313E-01  4.235313E-01 -4.686302E+01 -1.687606E+01  0.000000E+00
 2.720000E+02  1.101902E+01  7.390856E+01  4.243194E-01  4.243194E-01 -4.686267E+01 -1.687551E+01  0.000000E+00
 2.725000E+02  1.103500E+01  7.392206E+01  4.251077E-01  4.251077E-01 -4.686231E+01 -1.687497E+01  0.000000E+00
 2.730000E+02  1.105100E+01  7.393558E+01  4.258962E-01  4.258962E-01 -4.686195E+01 -1.687442E+01  0.000000E+00
 2.735000E+02  1.106703E+01  7.394911E+01  4.266851E-01  4.266851E-01 -4.686157E+01 -1.687388E+01  0.000000E+00
 2.740000E+02  1.108308E+01  7.396265E+01  4.274742E-01  4.274742E-01 -4.686119E+01 -1.687334E+01  0.000000E+00
 2.745000E+02  1.109915E+01  7.397620E+01  4.282635E-01  4.282635E-01 -4.686079E+01 -1.687279E+01  0.000000E+00
 2.750000E+02  1.111524E+01  7.398977E+01  4.290531E-01  4.290531E-01 -4.686039E+01 -1.687225E+01  0.000000E+00
 2.755000E+02  1.113136E+01  7.400335E+01  4.298430E-01  4.298430E-01 -4.685997E+01 -1.687170E+01  0.000000E+00
 2.760000E+02  1.114751E+01  7.401695E+01  4.306332E-01  4.306332E-01 -4.685955E+01 -1.687116E+01  0.000000E+00
 2.765000E+02  1.116367E+01  7.403055E+01  4.314237E-01  4.314237E-01 -4.685912E+01 -1.687061E+01  0.000000E+00
 2.770000E+02  1.117987E+01  7.404417E+01  4.322145E-01  4.322145E-01 -4.685867E+01 -1.687006E+01  0.000000E+00
 2.775000E+02  1.119608E+01  7.405781E+01  4.330056E-01  4.330056E-01 -4.685822E+01 -1.686952E+01  0.000000E+00
 2.780000E+02  1.121232E+01  7.407145E+01  4.337970E-01  4.337970E-01 -4.685775E+01 -1.686897E+01  0.000000E+00
 2.785000E+02  1.122859E+01  7.408511E+01  4.345887E-01  4.345887E-01 -4.685727E+01 -1.686843E+01  0.000000E+00
 2.790000E+02  1.124488E+01  7.409878E+01  4.353808E-01  4.353808E-01 -4.685679E+01 -1.686788E+01  0.000000E+00
 2.795000E+02  1.126119E+01  7.411246E+01  4.361732E-01  4.361732E-01 -4.685629E+01 -1.686733E+01  0.000000E+00
 2.800000E+02  1.127753E+01  7.412616E+01  4.369659E-01  4.369659E-01 -4.685577E+01 -1.686678E+01  0.000000E+00
 2.805000E+02  1.129390E+01  7.413987E+01  4.377590E-01  4.377590E-01 -4.685525E+01 -1.686624E+01  0.000000E+00
 2.810000E+02  1.131029E+01  7.415359E+01  4.385525E-01  4.385525E-01 -4.685471E+01 -1.686569E+01  0.000000E+00
 2.815000E+02  1.132671E+01  7.416732E+01  4.393463E-01  4.393463E-01 -4.685416E+01 -1.686514E+01  0.000000E+00
 2.820000E+02  1.134315E+01  7.418107E+01  4.401405E-01  4.401405E-01 -4.685360E+01 -1.686459E+01  0.000000E+00
 2.825000E+02  1.135963E+01  7.419482E+01  4.409351E-01  4.409351E-01 -4.685303E+01 -1.686404E+01  0.000000E+00
 2.830000E+02  1.137612E+01  7.420859E+01  4.417301E-01  4.417301E-01 -4.685244E+01 -1.686349E+01  0.000000E+00
 2.835000E+02  1.139265E+01  7.422238E+01  4.425255E-01  4.425255E-01 -4.685184E+01 -1.686294E+01  0.000000E+00
 2.840000E+02  1.140920E+01  7.423617E+01  4.433213E-01  4.433213E-01 -4.685122E+01 -1.686239E+01  0.000000E+00
 2.845000E+02  1.142577E+01  7.424997E+01  4.441175E-01  4.441175E-01 -4.685059E+01 -1.686184E+01  0.000000E+00
 2.850000E+02  1.144238E+01  7.426379E+01  4.449142E-01  4.449142E-01 -4.684995E+01 -1.686129E+01  0.000000E+00
 2.855000E+02  1.145901E+01  7.427762E+01  4.457113E-01  4.457113E-01 -4.684929E+01 -1.686074E+01  0.000000E+00
 2.860000E+02  1.147567E+01  7.429146E+01  4.465089E-01  4.465089E-01 -4.684861E+01 -1.686019E+01  0.000000E+00
 2.865000E+02  1.149236E+01  7.430531E+01  4.473069E-01  4.473069E-01 -4.684792E+01 -1.685964E+01  0.000000E+00
 2.870000E+02  1.150908E+01  7.431917E+01  4.481054E-01  4.481054E-01 -4.684722E+01 -1.685909E+01  0.000000E+00
 2.875000E+02  1.152582E+01  7.433305E+01  4.489044E-01  4.489044E-01 -4.684650E+01 -1.685854E+01  0.000000E+00
 2.880000E+02  1.154260E+01  7.434693E+01  4.497039E-01  4.497039E-01 -4.684576E+01 -1.685798E+01  0.000000E+00
 2.885000E+02  1.155940E+01  7.436083E+01  4.505038E-01  4.505038E-01 -4.684501E+01 -1.685743E+01  0.000000E+00
 2.890000E+02  1.157623E+01  7.437473E+01  4.513043E-01  4.513043E-01 -4.684423E+01 -1.685688E+01  0.000000E+00
 2.895000E+02  1.159309E+01  7.438865E+01  4.521053E-01  4.521053E-01 -4.684345E+01 -1.685632E+01  0.000000E+00
 2.900000E+02  1.160998E+01  7.440258E+01  4.529069E-01  4.529069E-01 -4.684264E+01 -1.685577E+01  0.000000E+00
 2.905000E+02  1.162690E+01  7.441652E+01  4.537090E-01  4.537090E-01 -4.684182E+01 -1.685522E+01  0.000000E+00
 2.910000E+02  1.164386E+01  7.443047E+01  4.545117E-01  4.545117E-01 -4.684098E+01 -1.685466E+01  0.000000E+00
 2.915000E+02  1.166084E+01  7.444443E+01  4.553149E-01  4.553149E-01 -4.684012E+01 -1.685411E+01  0.000000E+00
 2.920000E+02  1.167785E+01  7.445840E+01  4.561188E-01  4.561188E-01 -4.683924E+01 -1.685355E+01  0.000000E+00
 2.925000E+02  1.169490E+01  7.447239E+01  4.569232E-01  4.569232E-01 -4.683834E+01 -1.685299E+01  0.000000E+00
 2.930000E+02  1.171197E+01  7.448638E+01  4.577282E-01  4.577282E-01 -4.683743E+01 -1.685244E+01  0.000000E+00
 2.935000E+02  1.172908E+01  7.450038E+01  4.585339E-01  4.585339E-01 -4.683649E+01 -1.685188E+01  0.000000E+00
 2.940000E+02  1.174622E+01  7.451439E+01  4.593402E-01  4.593402E-01 -4.683553E+01 -1.685132E+01  0.000000E+00
 2.945000E+02  1.176339E+01  7.452841E+01  4.601471E-01  4.601471E-01 -4.683455E+01 -1.685076E+01  0.000000E+00
 2.950000E+02  1.178060E+01  7.454245E+01  4.609547E-01  4.609547E-01 -4.683356E+01 -1.685020E+01  0.000000E+00
 2.955000E+02  1.179783E+01  7.455649E+01  4.617630E-01  4.617630E-01 -4.683254E+01 -1.684964E+01  0.000000E+00
 2.960000E+02  1.181510E+01  7.457054E+01  4.625720E-01  4.625720E-01 -4.683149E+01 -1.684909E+01  0.000000E+00
 2.965000E+02  1.183241E+01  7.458460E+01  4.633817E-01  4.633817E-01 -4.683043E+01 -1.684852E+01  0.000000E+00
 2.970000E+02  1.184975E+01  7.459867E+01  4.641921E-01  4.641921E-01 -4.682935E+01 -1.684796E+01  0.000000E+00
 2.975000E+02  1.186712E+01  7.461275E+01  4.650033E-01  4.650033E-01 -4.682824E+01 -1.684740E+01  0.000000E+00
 2.980000E+02  1.188453E+01  7.462684E+01  4.658151E-01  4.658151E-01 -4.682710E+01 -1.684684E+01  0.000000E+00
 2.985000E+02  1.190197E+01  7.464094E+01  4.666278E-01  4.666278E-01 -4.682595E+01 -1.684628E+01  0.000000E+00
 2.990000E+02  1.191945E+01  7.465505E+01  4.674412E-01  4.674412E-01 -4.682477E+01 -1.684572E+01  0.000000E+00
 2.995000E+02  1.193696E+01  7.466916E+01  4.682555E-01  4.682555E-01 -4.682356E+01 -1.684515E+01  0.000000E+00
 3.000000E+02  1.195451E+01  7.468329E+01  4.690705E-01  4.690705E-01 -4.682233E+01 -1.684459E+01  0.000000E+00
 3.005000E+02  1.197209E+01  7.469742E+01  4.698864E-01  4.698864E-01 -4.682108E+01 -1.684402E+01  0.000000E+00
 3.010000E+02  1.198971E+01  7.471156E+01  4.707031E-01  4.707031E-01 -4.681980E+01 -1.684346E+01  0.000000E+00
 3.015000E+02  1.200737E+01  7.472571E+01  4.715207E-01  4.715207E-01 -4.681849E+01 -1.684289E+01  0.000000E+00
 3.020000E+02  1.202507E+01  7.473987E+01  4.723392E-01  4.723392E-01 -4.681716E+01 -1.684232E+01  0.000000E+00
 3.025000E+02  1.204280E+01  7.475404E+01  4.731585E-01  4.731585E-01 -4.681580E+01 -1.684176E+01  0.000000E+00
 3.030000E+02  1.206058E+01  7.476821E+01  4.739788E-01  4.739788E-01 -4.681441E+01 -1.684119E+01  0.000000E+00
 3.035000E+02  1.207839E+01  7.478240E+01  4.748000E-01  4.748000E-01 -4.681299E+01 -1.684062E+01  0.000000E+00
 3.040000E+02  1.209624E+01  7.479659E+01  4.756222E-01  4.756222E-01 -4.681155E+01 -1.684005E+01  0.000000E+00
 3.045000E+02  1.211413E+01  7.481079E+01  4.764453E-01  4.764453E-01 -4.681007E+01 -1.683948E+01  0.000000E+00
 3.050000E+02  1.213205E+01  7.482499E+01  4.772694E-01  4.772694E-01 -4.680857E+01 -1.683891E+01  0.000000E+00
 3.055000E+02  1.215002E+01  7.483921E+01  4.780945E-01  4.780945E-01 -4.680704E+01 -1.683834E+01  0.000000E+00
 3.060000E+02  1.216803E+01  7.485343E+01  4.789206E-01  4.789206E-01 -4.680547E+01 -1.683776E+01  0.000000E+00
 3.065000E+02  1.218608E+01  7.486766E+01  4.797478E-01  4.797478E-01 -4.680388E+01 -1.683719E+01  0.000000E+00
 3.070000E+02  1.220418E+01  7.488189E+01  4.805761E-01  4.805761E-01 -4.680225E+01 -1.683662E+01  0.000000E+00
 3.075000E+02  1.222231E+01  7.489613E+01  4.814054E-01  4.814054E-01 -4.680059E+01 -1.683604E+01  0.000000E+00
 3.080000E+02  1.224049E+01  7.491038E+01  4.822359E-01  4.822359E-01 -4.679890E+01 -1.683547E+01  0.000000E+00
 3.085000E+02  1.225871E+01  7.492464E+01  4.830674E-01  4.830674E-01 -4.679718E+01 -1.683489E+01  0.000000E+00
 3.090000E+02  1.227697E+01  7.493890E+01  4.839001E-01  4.839001E-01 -4.679542E+01 -1.683431E+01  0.000000E+00
 3.095000E+02  1.229527E+01  7.495317E+01  4.847340E-01  4.847340E-01 -4.679363E+01 -1.683374E+01  0.000000E+00
 3.100000E+02  1.231362E+01  7.496744E+01  4.855691E-01  4.855691E-01 -4.679180E+01 -1.683316E+01  0.000000E+00
 3.105000E+02  1.233202E+01  7.498172E+01  4.864054E-01  4.864054E-01 -4.678994E+01 -1.683258E+01  0.000000E+00
 3.110000E+02  1.235046E+01  7.499601E+01  4.872429E-01  4.872429E-01 -4.678804E+01 -1.683200E+01  0.000000E+00
 3.115000E+02  1.236895E+01  7.501030E+01  4.880816E-01  4.880816E-01 -4.678610E+01 -1.683141E+01  0.000000E+00
 3.120000E+02  1.238748E+01  7.502460E+01  4.889217E-01  4.889217E-01 -4.678413E+01 -1.683083E+01  0.000000E+00
 3.125000E+02  1.240606E+01  7.503890E+01  4.897630E-01  4.897630E-01 -4.678212E+01 -1.683025E+01  0.000000E+00
 3.130000E+02  1.242468E+01  7.505321E+01  4.906057E-01  4.906057E-01 -4.678008E+01 -1.682966E+01  0.000000E+00
 3.135000E+02  1.244335E+01  7.506753E+01  4.914498E-01  4.914498E-01 -4.677799E+01 -1.682908E+01  0.000000E+00
 3.140000E+02  1.246207E+01  7.508184E+01  4.922952E-01  4.922952E-01 -4.677587E+01 -1.682849E+01  0.000000E+00
 3.145000E+02  1.248084E+01  7.509617E+01  4.931420E-01  4.931420E-01 -4.677370E+01 -1.682791E+01  0.000000E+00
 3.150000E+02  1.249966E+01  7.511050E+01  4.939902E-01  4.939902E-01 -4.677150E+01 -1.682732E+01  0.000000E+00
 3.155000E+02  1.251853E+01  7.512483E+01  4.948399E-01  4.948399E-01 -4.676925E+01 -1.682673E+01  0.000000E+00
 3.160000E+02  1.253745E+01  7.513917E+01  4.956911E-01  4.956911E-01 -4.676696E+01 -1.682614E+01  0.000000E+00
 3.165000E+02  1.255642E+01  7.515351E+01  4.965437E-01  4.965437E-01 -4.676463E+01 -1.682555E+01  0.000000E+00
 3.170000E+02  1.257544E+01  7.516785E+01  4.973979E-01  4.973979E-01 -4.676226E+01 -1.682495E+01  0.000000E+00
 3.175000E+02  1.259451E+01  7.518220E+01  4.982537E-01  4.982537E-01 -4.675984E+01 -1.682436E+01  0.000000E+00
 3.180000E+02  1.261364E+01  7.519656E+01  4.991110E-01  4.991110E-01 -4.675738E+01 -1.682376E+01  0.000000E+00
 3.185000E+02  1.263281E+01  7.521091E+01  4.999699E-01  4.999699E-01 -4.675487E+01 -1.682317E+01  0.000000E+00
 3.190000E+02  1.265204E+01  7.522528E+01  5.008305E-01  5.008305E-01 -4.675232E+01 -1.682257E+01  0.000000E+00
 3.195000E+02  1.267133E+01  7.523964E+01  5.016927E-01  5.016927E-01 -4.674972E+01 -1.682197E+01  0.000000E+00
 3.200000E+02  1.269067E+01  7.525401E+01  5.025567E-01  5.025567E-01 -4.674708E+01 -1.682137E+01  0.000000E+00
 3.205000E+02  1.271006E+01  7.526837E+01  5.034223E-01  5.034223E-01 -4.674439E+01 -1.682077E+01  0.000000E+00
 3.210000E+02  1.272951E+01  7.528275E+01  5.042897E-01  5.042897E-01 -4.674165E+01 -1.682017E+01  0.000000E+00
 3.215000E+02  1.274902E+01  7.529712E+01  5.051589E-01  5.051589E-01 -4.673885E+01 -1.681956E+01  0.000000E+00
 3.220000E+02  1.276858E+01  7.531150E+01  5.060299E-01  5.060299E-01 -4.673601E+01 -1.681896E+01  0.000000E+00
 3.225000E+02  1.278821E+01  7.532588E+01  5.069028E-01  5.069028E-01 -4.673312E+01 -1.681835E+01  0.000000E+00
 3.230000E+02  1.280789E+01  7.534026E+01  5.077775E-01  5.077775E-01 -4.673018E+01 -1.681775E+01  0.000000E+00
 3.235000E+02  1.282762E+01  7.535464E+01  5.086541E-01  5.086541E-01 -4.672719E+01 -1.681714E+01  0.000000E+00
 3.240000E+02  1.284742E+01  7.536903E+01  5.095327E-01  5.095327E-01 -4.672414E+01 -1.681653E+01  0.000000E+00
 3.245000E+02  1.286728E+01  7.538341E+01  5.104132E-01  5.104132E-01 -4.672104E+01 -1.681592E+01  0.000000E+00
 3.250000E+02  1.288720E+01  7.539780E+01  5.112958E-01  5.112958E-01 -4.671789E+01 -1.681530E+01  0.000000E+00
 3.255000E+02  1.290718E+01  7.541219E+01  5.121804E-01  5.121804E-01 -4.671468E+01 -1.681469E+01  0.000000E+00
 3.260000E+02  1.292722E+01  7.542658E+01  5.130670E-01  5.130670E-01 -4.671141E+01 -1.681407E+01  0.000000E+00
 3.265000E+02  1.294733E+01  7.544097E+01  5.139557E-01  5.139557E-01 -4.670809E+01 -1.681345E+01  0.000000E+00
 3.270000E+02  1.296750E+01  7.545536E+01  5.148466E-01  5.148466E-01 -4.670472E+01 -1.681283E+01  0.000000E+00
 3.275000E+02  1.298773E+01  7.546975E+01  5.157396E-01  5.157396E-01 -4.670128E+01 -1.681221E+01  0.000000E+00
 3.280000E+02  1.300803E+01  7.548414E+01  5.166349E-01  5.166349E-01 -4.669778E+01 -1.681159E+01  0.000000E+00
 3.285000E+02  1.302839E+01  7.549853E+01  5.175324E-01  5.175324E-01 -4.669423E+01 -1.681097E+01  0.000000E+00
 3.290000E+02  1.304882E+01  7.551291E+01  5.184321E-01  5.184321E-01 -4.669062E+01 -1.681034E+01  0.000000E+00
 3.295000E+02  1.306932E+01  7.552730E+01  5.193342E-01  5.193342E-01 -4.668694E+01 -1.680972E+01  0.000000E+00
 3.300000E+02  1.308988E+01  7.554169E+01  5.202386E-01  5.202386E-01 -4.668320E+01 -1.680909E+01  0.000000E+00
 3.305000E+02  1.311051E+01  7.555608E+01  5.211455E-01  5.211455E-01 -4.667940E+01 -1.680846E+01  0.000000E+00
 3.310000E+02  1.313121E+01  7.557046E+01  5.220547E-01  5.220547E-01 -4.667554E+01 -1.680782E+01  0.000000E+00
 3.315000E+02  1.315198E+01  7.558485E+01  5.229664E-01  5.229664E-01 -4.667161E+01 -1.680719E+01  0.000000E+00
 3.320000E+02  1.317283E+01  7.559923E+01  5.238806E-01  5.238806E-01 -4.666761E+01 -1.680655E+01  0.000000E+00
 3.325000E+02  1.319374E+01  7.561361E+01  5.247973E-01  5.247973E-01 -4.666355E+01 -1.680592E+01  0.000000E+00
 3.330000E+02  1.321472E+01  7.562799E+01  5.257166E-01  5.257166E-01 -4.665943E+01 -1.680528E+01  0.000000E+00
 3.335000E+02  1.323578E+01  7.564237E+01  5.266385E-01  5.266385E-01 -4.665523E+01 -1.680464E+01  0.000000E+00
 3.340000E+02  1.325691E+01  7.565674E+01  5.275631E-01  5.275631E-01 -4.665097E+01 -1.680399E+01  0.000000E+00
 3.345000E+02  1.327811E+01  7.567111E+01  5.284904E-01  5.284904E-01 -4.664663E+01 -1.680335E+01  0.000000E+00
 3.350000E+02  1.329939E+01  7.568548E+01  5.294204E-01  5.294204E-01 -4.664223E+01 -1.680270E+01  0.000000E+00
 3.355000E+02  1.332075E+01  7.569985E+01  5.303531E-01  5.303531E-01 -4.663775E+01 -1.680205E+01  0.000000E+00
 3.360000E+02  1.334218E+01  7.571421E+01  5.312887E-01  5.312887E-01 -4.663321E+01 -1.680140E+01  0.000000E+00
 3.365000E+02  1.336369E+01  7.572856E+01  5.322272E-01  5.322272E-01 -4.662859E+01 -1.680075E+01  0.000000E+00
 3.370000E+02  1.338527E+01  7.574292E+01  5.331686E-01  5.331686E-01 -4.662389E+01 -1.680009E+01  0.000000E+00
 3.375000E+02  1.340694E+01  7.575727E+01  5.341129E-01  5.341129E-01 -4.661912E+01 -1.679943E+01  0.000000E+00
 3.380000E+02  1.342868E+01  7.577161E+01  5.350602E-01  5.350602E-01 -4.661427E+01 -1.679877E+01  0.000000E+00
 3.385000E+02  1.345051E+01  7.578595E+01  5.360105E-01  5.360105E-01 -4.660935E+01 -1.679811E+01  0.000000E+00
 3.390000E+02  1.347242E+01  7.580029E+01  5.369640E-01  5.369640E-01 -4.660435E+01 -1.679745E+01  0.000000E+00
 3.395000E+02  1.349441E+01  7.581462E+01  5.379205E-01  5.379205E-01 -4.659927E+01 -1.679678E+01  0.000000E+00
 3.400000E+02  1.351648E+01  7.582894E+01  5.388802E-01  5.388802E-01 -4.659411E+01 -1.679611E+01  0.000000E+00
 3.405000E+02  1.353863E+01  7.584326E+01  5.398431E-01  5.398431E-01 -4.658887E+01 -1.679544E+01  0.000000E+00
 3.410000E+02  1.356087E+01  7.585758E+01  5.408093E-01  5.408093E-01 -4.658355E+01 -1.679477E+01  0.000000E+00
 3.415000E+02  1.358320E+01  7.587188E+01  5.417788E-01  5.417788E-01 -4.657815E+01 -1.679410E+01  0.000000E+00
 3.420000E+02  1.360561E+01  7.588619E+01  5.427517E-01  5.427517E-01 -4.657266E+01 -1.679342E+01  0.000000E+00
 3.425000E+02  1.362811E+01  7.590048E+01  5.437279E-01  5.437279E-01 -4.656709E+01 -1.679274E+01  0.000000E+00
 3.430000E+02  1.365069E+01  7.591477E+01  5.447076E-01  5.447076E-01 -4.656143E+01 -1.679206E+01  0.000000E+00
 3.435000E+02  1.367337E+01  7.592905E+01  5.456908E-01  5.456908E-01 -4.655569E+01 -1.679137E+01  0.000000E+00
 3.440000E+02  1.369613E+01  7.594332E+01  5.466775E-01  5.466775E-01 -4.654986E+01 -1.679068E+01  0.000000E+00
 3.445000E+02  1.371899E+01  7.595758E+01  5.476678E-01  5.476678E-01 -4.654394E+01 -1.678999E+01  0.000000E+00
 3.450000E+02  1.374194E+01  7.597184E+01  5.486618E-01  5.486618E-01 -4.653793E+01 -1.678930E+01  0.000000E+00
 3.455000E+02  1.376497E+01  7.598609E+01  5.496595E-01  5.496595E-01 -4.653183E+01 -1.678860E+01  0.000000E+00
 3.460000E+02  1.378811E+01  7.600033E+01  5.506609E-01  5.506609E-01 -4.652564E+01 -1.678791E+01  0.000000E+00
 3.465000E+02  1.381133E+01  7.601456E+01  5.516661E-01  5.516661E-01 -4.651936E+01 -1.678721E+01  0.000000E+00
 3.470000E+02  1.383465E+01  7.602879E+01  5.526752E-01  5.526752E-01 -4.651298E+01 -1.678650E+01  0.000000E+00
 3.475000E+02  1.385807E+01  7.604300E+01  5.536881E-01  5.536881E-01 -4.650651E+01 -1.678580E+01  0.000000E+00
 3.480000E+02  1.388158E+01  7.605720E+01  5.547050E-01  5.547050E-01 -4.649994E+01 -1.678509E+01  0.000000E+00
 3.485000E+02  1.390519E+01  7.607140E+01  5.557259E-01  5.557259E-01 -4.649328E+01 -1.678437E+01  0.000000E+00
 3.490000E+02  1.392890E+01  7.608558E+01  5.567508E-01  5.567508E-01 -4.648652E+01 -1.678366E+01  0.000000E+00
 3.495000E+02  1.395271E+01  7.609975E+01  5.577799E-01  5.577799E-01 -4.647966E+01 -1.678294E+01  0.000000E+00
 3.500000E+02  1.397662E+01  7.611392E+01  5.588131E-01  5.588131E-01 -4.647270E+01 -1.678222E+01  0.000000E+00
 3.505000E+02  1.400063E+01  7.612807E+01  5.598506E-01  5.598506E-01 -4.646564E+01 -1.678150E+01  0.000000E+00
 3.510000E+02  1.402474E+01  7.614221E+01  5.608923E-01  5.608923E-01 -4.645848E+01 -1.678077E+01  0.000000E+00
 3.515000E+02  1.404895E+01  7.615634E+01  5.619383E-01  5.619383E-01 -4.645122E+01 -1.678004E+01  0.000000E+00
 3.520000E+02  1.407327E+01  7.617045E+01  5.629888E-01  5.629888E-01 -4.644385E+01 -1.677931E+01  0.000000E+00
 3.525000E+02  1.409770E+01  7.618456E+01  5.640436E-01  5.640436E-01 -4.643638E+01 -1.677857E+01  0.000000E+00
 3.530000E+02  1.412223E+01  7.619865E+01  5.651030E-01  5.651030E-01 -4.642880E+01 -1.677783E+01  0.000000E+00
 3.535000E+02  1.414686E+01  7.621273E+01  5.661669E-01  5.661669E-01 -4.642111E+01 -1.677709E+01  0.000000E+00
 3.540000E+02  1.417160E+01  7.622680E+01  5.672354E-01  5.672354E-01 -4.641332E+01 -1.677634E+01  0.000000E+00
 3.545000E+02  1.419646E+01  7.624085E+01  5.683085E-01  5.683085E-01 -4.640542E+01 -1.677559E+01  0.000000E+00
 3.550000E+02  1.422142E+01  7.625489E+01  5.693864E-01  5.693864E-01 -4.639740E+01 -1.677484E+01  0.000000E+00
 3.555000E+02  1.424649E+01  7.626892E+01  5.704691E-01  5.704691E-01 -4.638928E+01 -1.677409E+01  0.000000E+00
 3.560000E+02  1.427167E+01  7.628293E+01  5.715566E-01  5.715566E-01 -4.638104E+01 -1.677333E+01  0.000000E+00
 3.565000E+02  1.429697E+01  7.629693E+01  5.726490E-01  5.726490E-01 -4.637269E+01 -1.677256E+01  0.000000E+00
 3.570000E+02  1.432238E+01  7.631091E+01  5.737464E-01  5.737464E-01 -4.636423E+01 -1.677180E+01  0.000000E+00
 3.575000E+02  1.434790E+01  7.632488E+01  5.748488E-01  5.748488E-01 -4.635565E+01 -1.677103E+01  0.000000E+00
 3.580000E+02  1.437354E+01  7.633883E+01  5.759562E-01  5.759562E-01 -4.634695E+01 -1.677025E+01  0.000000E+00
 3.585000E+02  1.439929E+01  7.635277E+01  5.770688E-01  5.770688E-01 -4.633814E+01 -1.676948E+01  0.000000E+00
 3.590000E+02  1.442517E+01  7.636669E+01  5.781866E-01  5.781866E-01 -4.632920E+01 -1.676870E+01  0.000000E+00
 3.595000E+02  1.445115E+01  7.638059E+01  5.793097E-01  5.793097E-01 -4.632015E+01 -1.676791E+01  0.000000E+00
 3.600000E+02  1.447726E+01  7.639448E+01  5.804380E-01  5.804380E-01 -4.631097E+01 -1.676712E+01  0.000000E+00
 3.605000E+02  1.450349E+01  7.640835E+01  5.815718E-01  5.815718E-01 -4.630167E+01 -1.676633E+01  0.000000E+00
 3.610000E+02  1.452984E+01  7.642221E+01  5.827110E-01  5.827110E-01 -4.629225E+01 -1.676553E+01  0.000000E+00
 3.615000E+02  1.455631E+01  7.643604E+01  5.838557E-01  5.838557E-01 -4.628271E+01 -1.676473E+01  0.000000E+00
 3.620000E+02  1.458290E+01  7.644986E+01  5.850059E-01  5.850059E-01 -4.627304E+01 -1.676393E+01  0.000000E+00
 3.625000E+02  1.460962E+01  7.646366E+01  5.861618E-01  5.861618E-01 -4.626324E+01 -1.676312E+01  0.000000E+00
 3.630000E+02  1.463646E+01  7.647744E+01  5.873234E-01  5.873234E-01 -4.625332E+01 -1.676231E+01  0.000000E+00
 3.635000E+02  1.466343E+01  7.649121E+01  5.884908E-01  5.884908E-01 -4.624327E+01 -1.676149E+01  0.000000E+00
 3.640000E+02  1.469053E+01  7.650495E+01  5.896639E-01  5.896639E-01 -4.623308E+01 -1.676067E+01  0.000000E+00
 3.645000E+02  1.471775E+01  7.651868E+01  5.908430E-01  5.908430E-01 -4.622277E+01 -1.675985E+01  0.000000E+00
 3.650000E+02  1.474510E+01  7.653238E+01  5.920280E-01  5.920280E-01 -4.621232E+01 -1.675902E+01  0.000000E+00
 3.655000E+02  1.477258E+01  7.654607E+01  5.932190E-01  5.932190E-01 -4.620175E+01 -1.675818E+01  0.000000E+00
 3.660000E+02  1.480019E+01  7.655973E+01  5.944161E-01  5.944161E-01 -4.619103E+01 -1.675735E+01  0.000000E+00
 3.665000E+02  1.482793E+01  7.657338E+01  5.956194E-01  5.956194E-01 -4.618019E+01 -1.675651E+01  0.000000E+00
 3.670000E+02  1.485580E+01  7.658700E+01  5.968288E-01  5.968288E-01 -4.616920E+01 -1.675566E+01  0.000000E+00
 3.675000E+02  1.488380E+01  7.660060E+01  5.980445E-01  5.980445E-01 -4.615808E+01 -1.675481E+01  0.000000E+00
 3.680000E+02  1.491194E+01  7.661418E+01  5.992666E-01  5.992666E-01 -4.614682E+01 -1.675395E+01  0.000000E+00
 3.685000E+02  1.494022E+01  7.662774E+01  6.004950E-01  6.004950E-01 -4.613542E+01 -1.675309E+01  0.000000E+00
 3.690000E+02  1.496863E+01  7.664128E+01  6.017300E-01  6.017300E-01 -4.612388E+01 -1.675223E+01  0.000000E+00
 3.695000E+02  1.499718E+01  7.665479E+01  6.029714E-01  6.029714E-01 -4.611220E+01 -1.675136E+01  0.000000E+00
 3.700000E+02  1.502586E+01  7.666829E+01  6.042195E-01  6.042195E-01 -4.610038E+01 -1.675049E+01  0.000000E+00
 3.705000E+02  1.505468E+01  7.668176E+01  6.054743E-01  6.054743E-01 -4.608841E+01 -1.674961E+01  0.000000E+00
 3.710000E+02  1.508365E+01  7.669520E+01  6.067357E-01  6.067357E-01 -4.607630E+01 -1.674872E+01  0.000000E+00
 3.715000E+02  1.511275E+01  7.670862E+01  6.080040E-01  6.080040E-01 -4.606405E+01 -1.674783E+01  0.000000E+00
 3.720000E+02  1.514199E+01  7.672202E+01  6.092792E-01  6.092792E-01 -4.605164E+01 -1.674694E+01  0.000000E+00
 3.725000E+02  1.517138E+01  7.673539E+01  6.105613E-01  6.105613E-01 -4.603909E+01 -1.674604E+01  0.000000E+00
 3.730000E+02  1.520091E+01  7.674874E+01  6.118503E-01  6.118503E-01 -4.602639E+01 -1.674514E+01  0.000000E+00
 3.735000E+02  1.523058E+01  7.676206E+01  6.131465E-01  6.131465E-01 -4.601354E+01 -1.674423E+01  0.000000E+00
 3.740000E+02  1.526040E+01  7.677536E+01  6.144498E-01  6.144498E-01 -4.600054E+01 -1.674332E+01  0.000000E+00
 3.745000E+02  1.529036E+01  7.678863E+01  6.157603E-01  6.157603E-01 -4.598739E+01 -1.674240E+01  0.000000E+00
 3.750000E+02  1.532047E+01  7.680188E+01  6.170780E-01  6.170780E-01 -4.597409E+01 -1.674148E+01  0.000000E+00
 3.755000E+02  1.535073E+01  7.681510E+01  6.184032E-01  6.184032E-01 -4.596063E+01 -1.674055E+01  0.000000E+00
 3.760000E+02  1.538114E+01  7.682829E+01  6.197357E-01  6.197357E-01 -4.594702E+01 -1.673961E+01  0.000000E+00
 3.765000E+02  1.541169E+01  7.684146E+01  6.210756E-01  6.210756E-01 -4.593325E+01 -1.673867E+01  0.000000E+00
 3.770000E+02  1.544239E+01  7.685460E+01  6.224232E-01  6.224232E-01 -4.591933E+01 -1.673773E+01  0.000000E+00
 3.775000E+02  1.547325E+01  7.686771E+01  6.237783E-01  6.237783E-01 -4.590525E+01 -1.673678E+01  0.000000E+00
 3.780000E+02  1.550425E+01  7.688080E+01  6.251411E-01  6.251411E-01 -4.589101E+01 -1.673582E+01  0.000000E+00
 3.785000E+02  1.553541E+01  7.689386E+01  6.265116E-01  6.265116E-01 -4.587661E+01 -1.673486E+01  0.000000E+00
 3.790000E+02  1.556672E+01  7.690688E+01  6.278899E-01  6.278899E-01 -4.586205E+01 -1.673389E+01  0.000000E+00
 3.795000E+02  1.559819E+01  7.691988E+01  6.292762E-01  6.292762E-01 -4.584733E+01 -1.673292E+01  0.000000E+00
 3.800000E+02  1.562980E+01  7.693286E+01  6.306703E-01  6.306703E-01 -4.583245E+01 -1.673194E+01  0.000000E+00
 3.805000E+02  1.566158E+01  7.694580E+01  6.320725E-01  6.320725E-01 -4.581741E+01 -1.673096E+01  0.000000E+00
 3.810000E+02  1.569351E+01  7.695871E+01  6.334827E-01  6.334827E-01 -4.580220E+01 -1.672997E+01  0.000000E+00
 3.815000E+02  1.572559E+01  7.697159E+01  6.349010E-01  6.349010E-01 -4.578683E+01 -1.672897E+01  0.000000E+00
 3.820000E+02  1.575784E+01  7.698444E+01  6.363276E-01  6.363276E-01 -4.577129E+01 -1.672797E+01  0.000000E+00
 3.825000E+02  1.579024E+01  7.699727E+01  6.377624E-01  6.377624E-01 -4.575559E+01 -1.672696E+01  0.000000E+00
 3.830000E+02  1.582280E+01  7.701006E+01  6.392056E-01  6.392056E-01 -4.573972E+01 -1.672595E+01  0.000000E+00
 3.835000E+02  1.585551E+01  7.702282E+01  6.406572E-01  6.406572E-01 -4.572369E+01 -1.672493E+01  0.000000E+00
 3.840000E+02  1.588839E+01  7.703555E+01  6.421172E-01  6.421172E-01 -4.570749E+01 -1.672390E+01  0.000000E+00
 3.845000E+02  1.592143E+01  7.704824E+01  6.435857E-01  6.435857E-01 -4.569111E+01 -1.672287E+01  0.000000E+00
 3.850000E+02  1.595463E+01  7.706091E+01  6.450629E-01  6.450629E-01 -4.567457E+01 -1.672183E+01  0.000000E+00
 3.855000E+02  1.598800E+01  7.707354E+01  6.465486E-01  6.465486E-01 -4.565786E+01 -1.672079E+01  0.000000E+00
 3.860000E+02  1.602152E+01  7.708615E+01  6.480432E-01  6.480432E-01 -4.564098E+01 -1.671974E+01  0.000000E+00
 3.865000E+02  1.605521E+01  7.709872E+01  6.495464E-01  6.495464E-01 -4.562392E+01 -1.671868E+01  0.000000E+00
 3.870000E+02  1.608906E+01  7.711125E+01  6.510586E-01  6.510586E-01 -4.560669E+01 -1.671762E+01  0.000000E+00
 3.875000E+02  1.612307E+01  7.712376E+01  6.525796E-01  6.525796E-01 -4.558929E+01 -1.671655E+01  0.000000E+00
 3.880000E+02  1.615725E+01  7.713623E+01  6.541096E-01  6.541096E-01 -4.557172E+01 -1.671547E+01  0.000000E+00
 3.885000E+02  1.619160E+01  7.714866E+01  6.556486E-01  6.556486E-01 -4.555397E+01 -1.671439E+01  0.000000E+00
 3.890000E+02  1.622611E+01  7.716106E+01  6.571967E-01  6.571967E-01 -4.553605E+01 -1.671330E+01  0.000000E+00
 3.895000E+02  1.626078E+01  7.717343E+01  6.587540E-01  6.587540E-01 -4.551795E+01 -1.671221E+01  0.000000E+00
 3.900000E+02  1.629563E+01  7.718577E+01  6.603204E-01  6.603204E-01 -4.549968E+01 -1.671110E+01  0.000000E+00
 3.905000E+02  1.633063E+01  7.719807E+01  6.618962E-01  6.618962E-01 -4.548123E+01 -1.670999E+01  0.000000E+00
 3.910000E+02  1.636581E+01  7.721033E+01  6.634812E-01  6.634812E-01 -4.546261E+01 -1.670888E+01  0.000000E+00
 3.915000E+02  1.640116E+01  7.722256E+01  6.650757E-01  6.650757E-01 -4.544380E+01 -1.670776E+01  0.000000E+00
 3.920000E+02  1.643667E+01  7.723476E+01  6.666795E-01  6.666795E-01 -4.542482E+01 -1.670663E+01  0.000000E+00
 3.925000E+02  1.647235E+01  7.724692E+01  6.682929E-01  6.682929E-01 -4.540566E+01 -1.670549E+01  0.000000E+00
 3.930000E+02  1.650820E+01  7.725904E+01  6.699158E-01  6.699158E-01 -4.538633E+01 -1.670435E+01  0.000000E+00
 3.935000E+02  1.654422E+01  7.727113E+01  6.715483E-01  6.715483E-01 -4.536681E+01 -1.670320E+01  0.000000E+00
 3.940000E+02  1.658040E+01  7.728318E+01  6.731905E-01  6.731905E-01 -4.534712E+01 -1.670204E+01  0.000000E+00
 3.945000E+02  1.661676E+01  7.729520E+01  6.748424E-01  6.748424E-01 -4.532724E+01 -1.670088E+01  0.000000E+00
 3.950000E+02  1.665329E+01  7.730717E+01  6.765040E-01  6.765040E-01 -4.530719E+01 -1.669971E+01  0.000000E+00
 3.955000E+02  1.668998E+01  7.731912E+01  6.781755E-01  6.781755E-01 -4.528696E+01 -1.669853E+01  0.000000E+00
 3.960000E+02  1.672685E+01  7.733102E+01  6.798568E-01  6.798568E-01 -4.526654E+01 -1.669734E+01  0.000000E+00
 3.965000E+02  1.676389E+01  7.734289E+01  6.815481E-01  6.815481E-01 -4.524595E+01 -1.669615E+01  0.000000E+00
 3.970000E+02  1.680109E+01  7.735472E+01  6.832493E-01  6.832493E-01 -4.522518E+01 -1.669495E+01  0.000000E+00
 3.975000E+02  1.683847E+01  7.736652E+01  6.849605E-01  6.849605E-01 -4.520422E+01 -1.669375E+01  0.000000E+00
 3.980000E+02  1.687602E+01  7.737827E+01  6.866818E-01  6.866818E-01 -4.518308E+01 -1.669253E+01  0.000000E+00
 3.985000E+02  1.691374E+01  7.738999E+01  6.884132E-01  6.884132E-01 -4.516177E+01 -1.669131E+01  0.000000E+00
 3.990000E+02  1.695163E+01  7.740167E+01  6.901548E-01  6.901548E-01 -4.514027E+01 -1.669008E+01  0.000000E+00
 3.995000E+02  1.698969E+01  7.741332E+01  6.919065E-01  6.919065E-01 -4.511859E+01 -1.668885E+01  0.000000E+00
 4.000000E+02  1.702792E+01  7.742492E+01  6.936685E-01  6.936685E-01 -4.509673E+01 -1.668760E+01  0.000000E+00
 4.005000E+02  1.706632E+01  7.743649E+01  6.954408E-01  6.954408E-01 -4.507469E+01 -1.668635E+01  0.000000E+00
 4.010000E+02  1.710490E+01  7.744802E+01  6.972234E-01  6.972234E-01 -4.505247E+01 -1.668509E+01  0.000000E+00
 4.015000E+02  1.714364E+01  7.745951E+01  6.990164E-01  6.990164E-01 -4.503007E+01 -1.668383E+01  0.000000E+00
 4.020000E+02  1.718255E+01  7.747096E+01  7.008198E-01  7.008198E-01 -4.500749E+01 -1.668255E+01  0.000000E+00
 4.025000E+02  1.722164E+01  7.748237E+01  7.026336E-01  7.026336E-01 -4.498473E+01 -1.668127E+01  0.000000E+00
 4.030000E+02  1.726089E+01  7.749375E+01  7.044579E-01  7.044579E-01 -4.496179E+01 -1.667998E+01  0.000000E+00
 4.035000E+02  1.730031E+01  7.750508E+01  7.062927E-01  7.062927E-01 -4.493866E+01 -1.667869E+01  0.000000E+00
 4.040000E+02  1.733991E+01  7.751638E+01  7.081381E-01  7.081381E-01 -4.491536E+01 -1.667738E+01  0.000000E+00
 4.045000E+02  1.737967E+01  7.752763E+01  7.099940E-01  7.099940E-01 -4.489188E+01 -1.667607E+01  0.000000E+00
 4.050000E+02  1.741960E+01  7.753885E+01  7.118605E-01  7.118605E-01 -4.486822E+01 -1.667475E+01  0.000000E+00
 4.055000E+02  1.745970E+01  7.755003E+01  7.137377E-01  7.137377E-01 -4.484438E+01 -1.667343E+01  0.000000E+00
 4.060000E+02  1.749997E+01  7.756117E+01  7.156256E-01  7.156256E-01 -4.482036E+01 -1.667209E+01  0.000000E+00
 4.065000E+02  1.754040E+01  7.757227E+01  7.175242E-01  7.175242E-01 -4.479617E+01 -1.667075E+01  0.000000E+00
 4.070000E+02  1.758100E+01  7.758333E+01  7.194334E-01  7.194334E-01 -4.477179E+01 -1.666940E+01  0.000000E+00
 4.075000E+02  1.762177E+01  7.759435E+01  7.213535E-01  7.213535E-01 -4.474724E+01 -1.666804E+01  0.000000E+00
 4.080000E+02  1.766271E+01  7.760533E+01  7.232843E-01  7.232843E-01 -4.472252E+01 -1.666667E+01  0.000000E+00
 4.085000E+02  1.770381E+01  7.761628E+01  7.252259E-01  7.252259E-01 -4.469762E+01 -1.666530E+01  0.000000E+00
 4.090000E+02  1.774508E+01  7.762718E+01  7.271783E-01  7.271783E-01 -4.467254E+01 -1.666392E+01  0.000000E+00
 4.095000E+02  1.778651E+01  7.763804E+01  7.291415E-01  7.291415E-01 -4.464729E+01 -1.666253E+01  0.000000E+00
 4.100000E+02  1.782810E+01  7.764887E+01  7.311156E-01  7.311156E-01 -4.462186E+01 -1.666113E+01  0.000000E+00
 4.105000E+02  1.786986E+01  7.765965E+01  7.331006E-01  7.331006E-01 -4.459626E+01 -1.665973E+01  0.000000E+00
 4.110000E+02  1.791178E+01  7.767040E+01  7.350964E-01  7.350964E-01 -4.457049E+01 -1.665831E+01  0.000000E+00
 4.115000E+02  1.795387E+01  7.768110E+01  7.371032E-01  7.371032E-01 -4.454455E+01 -1.665689E+01  0.000000E+00
 4.120000E+02  1.799611E+01  7.769177E+01  7.391208E-01  7.391208E-01 -4.451844E+01 -1.665546E+01  0.000000E+00
 4.125000E+02  1.803852E+01  7.770240E+01  7.411494E-01  7.411494E-01 -4.449216E+01 -1.665402E+01  0.000000E+00
 4.130000E+02  1.808108E+01  7.771298E+01  7.431889E-01  7.431889E-01 -4.446570E+01 -1.665258E+01  0.000000E+00
 4.135000E+02  1.812380E+01  7.772353E+01  7.452393E-01  7.452393E-01 -4.443908E+01 -1.665113E+01  0.000000E+00
 4.140000E+02  1.816668E+01  7.773404E+01  7.473006E-01  7.473006E-01 -4.441230E+01 -1.664966E+01  0.000000E+00
 4.145000E+02  1.820972E+01  7.774451E+01  7.493729E-01  7.493729E-01 -4.438535E+01 -1.664819E+01  0.000000E+00
 4.150000E+02  1.825291E+01  7.775495E+01  7.514561E-01  7.514561E-01 -4.435823E+01 -1.664672E+01  0.000000E+00
 4.155000E+02  1.829626E+01  7.776534E+01  7.535502E-01  7.535502E-01 -4.433095E+01 -1.664523E+01  0.000000E+00
 4.160000E+02  1.833976E+01  7.777569E+01  7.556553E-01  7.556553E-01 -4.430351E+01 -1.664374E+01  0.000000E+00
 4.165000E+02  1.838342E+01  7.778601E+01  7.577713E-01  7.577713E-01 -4.427590E+01 -1.664224E+01  0.000000E+00
 4.170000E+02  1.842722E+01  7.779629E+01  7.598983E-01  7.598983E-01 -4.424814E+01 -1.664073E+01  0.000000E+00
 4.175000E+02  1.847118E+01  7.780653E+01  7.620361E-01  7.620361E-01 -4.422021E+01 -1.663921E+01  0.000000E+00
 4.180000E+02  1.851528E+01  7.781673E+01  7.641849E-01  7.641849E-01 -4.419213E+01 -1.663768E+01  0.000000E+00
 4.185000E+02  1.855954E+01  7.782689E+01  7.663446E-01  7.663446E-01 -4.416389E+01 -1.663615E+01  0.000000E+00
 4.190000E+02  1.860394E+01  7.783702E+01  7.685151E-01  7.685151E-01 -4.413550E+01 -1.663461E+01  0.000000E+00
 4.195000E+02  1.864849E+01  7.784710E+01  7.706965E-01  7.706965E-01 -4.410695E+01 -1.663306E+01  0.000000E+00
 4.200000E+02  1.869318E+01  7.785715E+01  7.728888E-01  7.728888E-01 -4.407826E+01 -1.663150E+01  0.000000E+00
 4.205000E+02  1.873801E+01  7.786717E+01  7.750919E-01  7.750919E-01 -4.404941E+01 -1.662993E+01  0.000000E+00
 4.210000E+02  1.878298E+01  7.787714E+01  7.773058E-01  7.773058E-01 -4.402041E+01 -1.662836E+01  0.000000E+00
 4.215000E+02  1.882810E+01  7.788708E+01  7.795306E-01  7.795306E-01 -4.399127E+01 -1.662678E+01  0.000000E+00
 4.220000E+02  1.887335E+01  7.789698E+01  7.817660E-01  7.817660E-01 -4.396197E+01 -1.662519E+01  0.000000E+00
 4.225000E+02  1.891874E+01  7.790685E+01  7.840123E-01  7.840123E-01 -4.393254E+01 -1.662359E+01  0.000000E+00
 4.230000E+02  1.896427E+01  7.791668E+01  7.862692E-01  7.862692E-01 -4.390296E+01 -1.662199E+01  0.000000E+00
 4.235000E+02  6.857956E+01  5.818266E+01  5.258033E+00  5.258033E+00 -1.133746E-01 -5.788761E-03  0.000000E+00
 4.240000E+02  6.859282E+01  5.818260E+01  5.264372E+00  5.264372E+00 -1.127424E-01 -5.781770E-03  0.000000E+00
 4.245000E+02  6.860607E+01  5.818254E+01  5.270710E+00  5.270710E+00 -1.121157E-01 -5.774796E-03  0.000000E+00
 4.250000E+02  6.861932E+01  5.818249E+01  5.277047E+00  5.277047E+00 -1.114944E-01 -5.767841E-03  0.000000E+00
 4.255000E+02  6.863258E+01  5.818245E+01  5.283384E+00  5.283384E+00 -1.108784E-01 -5.760903E-03  0.000000E+00
 4.260000E+02  6.864583E+01  5.818241E+01  5.289720E+00  5.289720E+00 -1.102677E-01 -5.753982E-03  0.000000E+00
 4.265000E+02  6.865908E+01  5.818238E+01  5.296055E+00  5.296055E+00 -1.096622E-01 -5.747079E-03  0.000000E+00
 4.270000E+02  6.867233E+01  5.818235E+01  5.302389E+00  5.302389E+00 -1.090619E-01 -5.740194E-03  0.000000E+00
 4.275000E+02  6.868557E+01  5.818233E+01  5.308723E+00  5.308723E+00 -1.084667E-01 -5.733325E-03  0.000000E+00
 4.280000E+02  6.869882E+01  5.818231E+01  5.315056E+00  5.315056E+00 -1.078765E-01 -5.726474E-03  0.000000E+00
 4.285000E+02  6.871206E+01  5.818230E+01  5.321388E+00  5.321388E+00 -1.072913E-01 -5.719640E-03  0.000000E+00
 4.290000E+02  6.872531E+01  5.818229E+01  5.327719E+00  5.327719E+00 -1.067109E-01 -5.712823E-03  0.000000E+00
 4.295000E+02  6.873855E+01  5.818229E+01  5.334050E+00  5.334050E+00 -1.061355E-01 -5.706024E-03  0.000000E+00
 4.300000E+02  6.875179E+01  5.818230E+01  5.340380E+00  5.340380E+00 -1.055649E-01 -5.699241E-03  0.000000E+00
 4.305000E+02  6.876503E+01  5.818231E+01  5.346709E+00  5.346709E+00 -1.049990E-01 -5.692475E-03  0.000000E+00
 4.310000E+02  6.877827E+01  5.818232E+01  5.353038E+00  5.353038E+00 -1.044378E-01 -5.685726E-03  0.000000E+00
 4.315000E+02  6.879151E+01  5.818234E+01  5.359366E+00  5.359366E+00 -1.038812E-01 -5.678993E-03  0.000000E+00
 4.320000E+02  6.880475E+01  5.818236E+01  5.365693E+00  5.365693E+00 -1.033292E-01 -5.672277E-03  0.000000E+00
 4.325000E+02  6.881799E+01  5.818239E+01  5.372020E+00  5.372020E+00 -1.027818E-01 -5.665578E-03  0.000000E+00
 4.330000E+02  6.883122E+01  5.818243E+01  5.378346E+00  5.378346E+00 -1.022389E-01 -5.658896E-03  0.000000E+00
 4.335000E+02  6.884446E+01  5.818247E+01  5.384671E+00  5.384671E+00 -1.017004E-01 -5.652230E-03  0.000000E+00
 4.340000E+02  6.885769E+01  5.818251E+01  5.390995E+00  5.390995E+00 -1.011662E-01 -5.645580E-03  0.000000E+00
 4.345000E+02  6.887093E+01  5.818256E+01  5.397319E+00  5.397319E+00 -1.006364E-01 -5.638946E-03  0.000000E+00
 4.350000E+02  6.888416E+01  5.818262E+01  5.403643E+00  5.403643E+00 -1.001110E-01 -5.632329E-03  0.000000E+00
 4.355000E+02  6.889739E+01  5.818268E+01  5.409965E+00  5.409965E+00 -9.958971E-02 -5.625728E-03  0.000000E+00
 4.360000E+02  6.891062E+01  5.818274E+01  5.416287E+00  5.416287E+00 -9.907267E-02 -5.619143E-03  0.000000E+00
 4.365000E+02  6.892385E+01  5.818281E+01  5.422609E+00  5.422609E+00 -9.855978E-02 -5.612575E-03  0.000000E+00
 4.370000E+02  6.893709E+01  5.818288E+01  5.428929E+00  5.428929E+00 -9.805099E-02 -5.606022E-03  0.000000E+00
 4.375000E+02  6.895032E+01  5.818296E+01  5.435250E+00  5.435250E+00 -9.754627E-02 -5.599485E-03  0.000000E+00
 4.380000E+02  6.896355E+01  5.818305E+01  5.441569E+00  5.441569E+00 -9.704558E-02 -5.592964E-03  0.000000E+00
 4.385000E+02  6.897678E+01  5.818313E+01  5.447888E+00  5.447888E+00 -9.654886E-02 -5.586459E-03  0.000000E+00
 4.390000E+02  6.899000E+01  5.818323E+01  5.454206E+00  5.454206E+00 -9.605607E-02 -5.579970E-03  0.000000E+00
 4.395000E+02  6.900323E+01  5.818332E+01  5.460524E+00  5.460524E+00 -9.556718E-02 -5.573496E-03  0.000000E+00
 4.400000E+02  6.901646E+01  5.818343E+01  5.466841E+00  5.466841E+00 -9.508215E-02 -5.567038E-03  0.000000E+00
 4.405000E+02  6.902969E+01  5.818353E+01  5.473158E+00  5.473158E+00 -9.460093E-02 -5.560595E-03  0.000000E+00
 4.410000E+02  6.904292E+01  5.818365E+01  5.479474E+00  5.479474E+00 -9.412348E-02 -5.554168E-03  0.000000E+00
 4.415000E+02  6.905614E+01  5.818376E+01  5.485790E+00  5.485790E+00 -9.364976E-02 -5.547757E-03  0.000000E+00
 4.420000E+02  6.906937E+01  5.818388E+01  5.492105E+00  5.492105E+00 -9.317974E-02 -5.541360E-03  0.000000E+00
 4.425000E+02  6.908260E+01  5.818401E+01  5.498419E+00  5.498419E+00 -9.271338E-02 -5.534979E-03  0.000000E+00
 4.430000E+02  6.909582E+01  5.818414E+01  5.504733E+00  5.504733E+00 -9.225064E-02 -5.528614E-03  0.000000E+00
 4.435000E+02  6.910905E+01  5.818427E+01  5.511046E+00  5.511046E+00 -9.179148E-02 -5.522263E-03  0.000000E+00
 4.440000E+02  6.912228E+01  5.818441E+01  5.517359E+00  5.517359E+00 -9.133586E-02 -5.515928E-03  0.000000E+00
 4.445000E+02  6.913550E+01  5.818455E+01  5.523671E+00  5.523671E+00 -9.088376E-02 -5.509608E-03  0.000000E+00
 4.450000E+02  6.914873E+01  5.818470E+01  5.529983E+00  5.529983E+00 -9.043512E-02 -5.503302E-03  0.000000E+00
 4.455000E+02  6.916195E+01  5.818485E+01  5.536294E+00  5.536294E+00 -8.998993E-02 -5.497012E-03  0.000000E+00
 4.460000E+02  6.917518E+01  5.818501E+01  5.542605E+00  5.542605E+00 -8.954814E-02 -5.490737E-03  0.000000E+00
 4.465000E+02  6.918841E+01  5.818517E+01  5.548915E+00  5.548915E+00 -8.910972E-02 -5.484476E-03  0.000000E+00
 4.470000E+02  6.920163E+01  5.818534E+01  5.555224E+00  5.555224E+00 -8.867464E-02 -5.478230E-03  0.000000E+00
 4.475000E+02  6.921486E+01  5.818551E+01  5.561534E+00  5.561534E+00 -8.824286E-02 -5.471999E-03  0.000000E+00
 4.480000E+02  6.922808E+01  5.818568E+01  5.567842E+00  5.567842E+00 -8.781435E-02 -5.465783E-03  0.000000E+00
 4.485000E+02  6.924131E+01  5.818586E+01  5.574150E+00  5.574150E+00 -8.738908E-02 -5.459581E-03  0.000000E+00
 4.490000E+02  6.925454E+01  5.818604E+01  5.580458E+00  5.580458E+00 -8.696701E-02 -5.453394E-03  0.000000E+00
 4.495000E+02  6.926776E+01  5.818623E+01  5.586765E+00  5.586765E+00 -8.654811E-02 -5.447222E-03  0.000000E+00
 4.500000E+02  6.928099E+01  5.818642E+01  5.593072E+00  5.593072E+00 -8.613236E-02 -5.441063E-03  0.000000E+00
 4.505000E+02  6.929422E+01  5.818661E+01  5.599378E+00  5.599378E+00 -8.571972E-02 -5.434919E-03  0.000000E+00
 4.510000E+02  6.930744E+01  5.818681E+01  5.605684E+00  5.605684E+00 -8.531016E-02 -5.428790E-03  0.000000E+00
 4.515000E+02  6.932067E+01  5.818702E+01  5.611989E+00  5.611989E+00 -8.490365E-02 -5.422675E-03  0.000000E+00
 4.520000E+02  6.933390E+01  5.818723E+01  5.618294E+00  5.618294E+00 -8.450016E-02 -5.416574E-03  0.000000E+00
 4.525000E+02  6.934712E+01  5.818744E+01  5.624598E+00  5.624598E+00 -8.409967E-02 -5.410487E-03  0.000000E+00
 4.530000E+02  6.936035E+01  5.818765E+01  5.630902E+00  5.630902E+00 -8.370214E-02 -5.404414E-03  0.000000E+00
 4.535000E+02  6.937358E+01  5.818788E+01  5.637205E+00  5.637205E+00 -8.330754E-02 -5.398356E-03  0.000000E+00
 4.540000E+02  6.938681E+01  5.818810E+01  5.643508E+00  5.643508E+00 -8.291584E-02 -5.392311E-03  0.000000E+00
 4.545000E+02  6.940004E+01  5.818833E+01  5.649811E+00  5.649811E+00 -8.252703E-02 -5.386281E-03  0.000000E+00
 4.550000E+02  6.941327E+01  5.818856E+01  5.656113E+00  5.656113E+00 -8.214107E-02 -5.380264E-03  0.000000E+00
 4.555000E+02  6.942650E+01  5.818880E+01  5.662414E+00  5.662414E+00 -8.175793E-02 -5.374261E-03  0.000000E+00
 4.560000E+02  6.943972E+01  5.818904E+01  5.668715E+00  5.668715E+00 -8.137758E-02 -5.368272E-03  0.000000E+00
 4.565000E+02  6.945296E+01  5.818928E+01  5.675016E+00  5.675016E+00 -8.100001E-02 -5.362297E-03  0.000000E+00
 4.570000E+02  6.946619E+01  5.818953E+01  5.681317E+00  5.681317E+00 -8.062518E-02 -5.356335E-03  0.000000E+00
 4.575000E+02  6.947942E+01  5.818979E+01  5.687616E+00  5.687616E+00 -8.025307E-02 -5.350387E-03  0.000000E+00
 4.580000E+02  6.949265E+01  5.819004E+01  5.693916E+00  5.693916E+00 -7.988365E-02 -5.344453E-03  0.000000E+00
 4.585000E+02  6.950588E+01  5.819031E+01  5.700215E+00  5.700215E+00 -7.951690E-02 -5.338532E-03  0.000000E+00
 4.590000E+02  6.951911E+01  5.819057E+01  5.706514E+00  5.706514E+00 -7.915279E-02 -5.332625E-03  0.000000E+00
 4.595000E+02  6.953235E+01  5.819084E+01  5.712812E+00  5.712812E+00 -7.879130E-02 -5.326731E-03  0.000000E+00
 4.600000E+02  6.954558E+01  5.819111E+01  5.719110E+00  5.719110E+00 -7.843240E-02 -5.320851E-03  0.000000E+00
 4.605000E+02  6.955881E+01  5.819139E+01  5.725407E+00  5.725407E+00 -7.807606E-02 -5.314984E-03  0.000000E+00
 4.610000E+02  6.957205E+01  5.819167E+01  5.731704E+00  5.731704E+00 -7.772228E-02 -5.309130E-03  0.000000E+00
 4.615000E+02  6.958528E+01  5.819196E+01  5.738001E+00  5.738001E+00 -7.737101E-02 -5.303290E-03  0.000000E+00
 4.620000E+02  6.959852E+01  5.819225E+01  5.744297E+00  5.744297E+00 -7.702225E-02 -5.297463E-03  0.000000E+00
 4.625000E+02  6.961176E+01  5.819254E+01  5.750593E+00  5.750593E+00 -7.667595E-02 -5.291649E-03  0.000000E+00
 4.630000E+02  6.962499E+01  5.819283E+01  5.756888E+00  5.756888E+00 -7.633212E-02 -5.285848E-03  0.000000E+00
 4.635000E+02  6.963823E+01  5.819314E+01  5.763184E+00  5.763184E+00 -7.599071E-02 -5.280060E-03  0.000000E+00
 4.640000E+02  6.965147E+01  5.819344E+01  5.769478E+00  5.769478E+00 -7.565170E-02 -5.274285E-03  0.000000E+00
 4.645000E+02  6.966471E+01  5.819375E+01  5.775773E+00  5.775773E+00 -7.531509E-02 -5.268523E-03  0.000000E+00
 4.650000E+02  6.967795E+01  5.819406E+01  5.782067E+00  5.782067E+00 -7.498083E-02 -5.262774E-03  0.000000E+00
 4.655000E+02  6.969119E+01  5.819438E+01  5.788360E+00  5.788360E+00 -7.464892E-02 -5.257038E-03  0.000000E+00
 4.660000E+02  6.970443E+01  5.819470E+01  5.794653E+00  5.794653E+00 -7.431933E-02 -5.251315E-03  0.000000E+00
 4.665000E+02  6.971767E+01  5.819502E+01  5.800946E+00  5.800946E+00 -7.399205E-02 -5.245605E-03  0.000000E+00
 4.670000E+02  6.973092E+01  5.819535E+01  5.807239E+00  5.807239E+00 -7.366704E-02 -5.239907E-03  0.000000E+00
 4.675000E+02  6.974416E+01  5.819568E+01  5.813531E+00  5.813531E+00 -7.334429E-02 -5.234222E-03  0.000000E+00
 4.680000E+02  6.975741E+01  5.819601E+01  5.819823E+00  5.819823E+00 -7.302377E-02 -5.228550E-03  0.000000E+00
 4.685000E+02  6.977065E+01  5.819635E+01  5.826114E+00  5.826114E+00 -7.270548E-02 -5.222890E-03  0.000000E+00
 4.690000E+02  6.978390E+01  5.819669E+01  5.832405E+00  5.832405E+00 -7.238939E-02 -5.217243E-03  0.000000E+00
 4.695000E+02  6.979714E+01  5.819704E+01  5.838696E+00  5.838696E+00 -7.207547E-02 -5.211609E-03  0.000000E+00
 4.700000E+02  6.981039E+01  5.819739E+01  5.844986E+00  5.844986E+00 -7.176371E-02 -5.205987E-03  0.000000E+00
 4.705000E+02  6.982364E+01  5.819774E+01  5.851276E+00  5.851276E+00 -7.145410E-02 -5.200377E-03  0.000000E+00
 4.710000E+02  6.983689E+01  5.819810E+01  5.857566E+00  5.857566E+00 -7.114660E-02 -5.194780E-03  0.000000E+00
 4.715000E+02  6.985014E+01  5.819846E+01  5.863856E+00  5.863856E+00 -7.084121E-02 -5.189195E-03  0.000000E+00
 4.720000E+02  6.986339E+01  5.819882E+01  5.870145E+00  5.870145E+00 -7.053791E-02 -5.183622E-03  0.000000E+00
 4.725000E+02  6.987664E+01  5.819919E+01  5.876433E+00  5.876433E+00 -7.023667E-02 -5.178062E-03  0.000000E+00
 4.730000E+02  6.988990E+01  5.819956E+01  5.882722E+00  5.882722E+00 -6.993747E-02 -5.172514E-03  0.000000E+00
 4.735000E+02  6.990315E+01  5.819994E+01  5.889010E+00  5.889010E+00 -6.964031E-02 -5.166978E-03  0.000000E+00
 4.740000E+02  6.991641E+01  5.820032E+01  5.895298E+00  5.895298E+00 -6.934516E-02 -5.161454E-03  0.000000E+00
 4.745000E+02  6.992966E+01  5.820070E+01  5.901585E+00  5.901585E+00 -6.905200E-02 -5.155942E-03  0.000000E+00
 4.750000E+02  6.994292E+01  5.820109E+01  5.907872E+00  5.907872E+00 -6.876082E-02 -5.150443E-03  0.000000E+00
 4.755000E+02  6.995618E+01  5.820148E+01  5.914159E+00  5.914159E+00 -6.847160E-02 -5.144955E-03  0.000000E+00
 4.760000E+02  6.996944E+01  5.820187E+01  5.920445E+00  5.920445E+00 -6.818432E-02 -5.139479E-03  0.000000E+00
 4.765000E+02  6.998270E+01  5.820227E+01  5.926732E+00  5.926732E+00 -6.789897E-02 -5.134016E-03  0.000000E+00
 4.770000E+02  6.999596E+01  5.820267E+01  5.933017E+00  5.933017E+00 -6.761553E-02 -5.128564E-03  0.000000E+00
 4.775000E+02  7.000922E+01  5.820307E+01  5.939303E+00  5.939303E+00 -6.733398E-02 -5.123124E-03  0.000000E+00
 4.780000E+02  7.002249E+01  5.820348E+01  5.945588E+00  5.945588E+00 -6.705431E-02 -5.117696E-03  0.000000E+00
 4.785000E+02  7.003575E+01  5.820389E+01  5.951873E+00  5.951873E+00 -6.677650E-02 -5.112279E-03  0.000000E+00
 4.790000E+02  7.004902E+01  5.820431E+01  5.958158E+00  5.958158E+00 -6.650053E-02 -5.106874E-03  0.000000E+00
 4.795000E+02  7.006228E+01  5.820473E+01  5.964442E+00  5.964442E+00 -6.622639E-02 -5.101481E-03  0.000000E+00
 4.800000E+02  7.007555E+01  5.820515E+01  5.970726E+00  5.970726E+00 -6.595406E-02 -5.096100E-03  0.000000E+00
 4.805000E+02  7.008882E+01  5.820558E+01  5.977010E+00  5.977010E+00 -6.568354E-02 -5.090730E-03  0.000000E+00
 4.810000E+02  7.010209E+01  5.820600E+01  5.983294E+00  5.983294E+00 -6.541479E-02 -5.085372E-03  0.000000E+00
 4.815000E+02  7.011536E+01  5.820644E+01  5.989577E+00  5.989577E+00 -6.514781E-02 -5.080025E-03  0.000000E+00
 4.820000E+02  7.012864E+01  5.820687E+01  5.995860E+00  5.995860E+00 -6.488259E-02 -5.074690E-03  0.000000E+00
 4.825000E+02  7.014191E+01  5.820731E+01  6.002142E+00  6.002142E+00 -6.461910E-02 -5.069366E-03  0.000000E+00
 4.830000E+02  7.015518E+01  5.820776E+01  6.008425E+00  6.008425E+00 -6.435733E-02 -5.064054E-03  0.000000E+00
 4.835000E+02  7.016846E+01  5.820820E+01  6.014707E+00  6.014707E+00 -6.409728E-02 -5.058753E-03  0.000000E+00
 4.840000E+02  7.018174E+01  5.820865E+01  6.020989E+00  6.020989E+00 -6.383891E-02 -5.053463E-03  0.000000E+00
 4.845000E+02  7.019502E+01  5.820911E+01  6.027270E+00  6.027270E+00 -6.358223E-02 -5.048185E-03  0.000000E+00
 4.850000E+02  7.020830E+01  5.820956E+01  6.033552E+00  6.033552E+00 -6.332721E-02 -5.042918E-03  0.000000E+00
 4.855000E+02  7.022158E+01  5.821002E+01  6.039833E+00  6.039833E+00 -6.307385E-02 -5.037662E-03  0.000000E+00
 4.860000E+02  7.023486E+01  5.821049E+01  6.046113E+00  6.046113E+00 -6.282212E-02 -5.032417E-03  0.000000E+00
 4.865000E+02  7.024814E+01  5.821096E+01  6.052394E+00  6.052394E+00 -6.257202E-02 -5.027184E-03  0.000000E+00
 4.870000E+02  7.026143E+01  5.821143E+01  6.058674E+00  6.058674E+00 -6.232352E-02 -5.021961E-03  0.000000E+00
 4.875000E+02  7.027472E+01  5.821190E+01  6.064954E+00  6.064954E+00 -6.207663E-02 -5.016750E-03  0.000000E+00
 4.880000E+02  7.028800E+01  5.821238E+01  6.071234E+00  6.071234E+00 -6.183132E-02 -5.011549E-03  0.000000E+00
 4.885000E+02  7.030129E+01  5.821286E+01  6.077513E+00  6.077513E+00 -6.158758E-02 -5.006360E-03  0.000000E+00
 4.890000E+02  7.031458E+01  5.821334E+01  6.083792E+00  6.083792E+00 -6.134540E-02 -5.001182E-03  0.000000E+00
 4.895000E+02  7.032787E+01  5.821383E+01  6.090071E+00  6.090071E+00 -6.110476E-02 -4.996014E-03  0.000000E+00
 4.900000E+02  7.034117E+01  5.821432E+01  6.096350E+00  6.096350E+00 -6.086566E-02 -4.990857E-03  0.000000E+00
 4.905000E+02  7.035446E+01  5.821482E+01  6.102628E+00  6.102628E+00 -6.062807E-02 -4.985712E-03  0.000000E+00
 4.910000E+02  7.036776E+01  5.821532E+01  6.108906E+00  6.108906E+00 -6.039200E-02 -4.980577E-03  0.000000E+00
 4.915000E+02  7.038105E+01  5.821582E+01  6.115184E+00  6.115184E+00 -6.015742E-02 -4.975453E-03  0.000000E+00
 4.920000E+02  7.039435E+01  5.821632E+01  6.121462E+00  6.121462E+00 -5.992432E-02 -4.970339E-03  0.000000E+00
 4.925000E+02  7.040765E+01  5.821683E+01  6.127740E+00  6.127740E+00 -5.969270E-02 -4.965236E-03  0.000000E+00
 4.930000E+02  7.042095E+01  5.821734E+01  6.134017E+00  6.134017E+00 -5.946253E-02 -4.960144E-03  0.000000E+00
 4.935000E+02  7.043425E+01  5.821786E+01  6.140294E+00  6.140294E+00 -5.923381E-02 -4.955063E-03  0.000000E+00
 4.940000E+02  7.044756E+01  5.821837E+01  6.146570E+00  6.146570E+00 -5.900653E-02 -4.949992E-03  0.000000E+00
 4.945000E+02  7.046086E+01  5.821889E+01  6.152847E+00  6.152847E+00 -5.878067E-02 -4.944932E-03  0.000000E+00
 4.950000E+02  7.047417E+01  5.821942E+01  6.159123E+00  6.159123E+00 -5.855622E-02 -4.939882E-03  0.000000E+00
 4.955000E+02  7.048748E+01  5.821995E+01  6.165399E+00  6.165399E+00 -5.833318E-02 -4.934843E-03  0.000000E+00
 4.960000E+02  7.050079E+01  5.822048E+01  6.171675E+00  6.171675E+00 -5.811152E-02 -4.929814E-03  0.000000E+00
 4.965000E+02  7.051410E+01  5.822101E+01  6.177951E+00  6.177951E+00 -5.789125E-02 -4.924796E-03  0.000000E+00
 4.970000E+02  7.052741E+01  5.822155E+01  6.184226E+00  6.184226E+00 -5.767234E-02 -4.919788E-03  0.000000E+00
 4.975000E+02  7.054073E+01  5.822209E+01  6.190501E+00  6.190501E+00 -5.745479E-02 -4.914791E-03  0.000000E+00
 4.980000E+02  7.055404E+01  5.822264E+01  6.196776E+00  6.196776E+00 -5.723858E-02 -4.909804E-03  0.000000E+00
 4.985000E+02  7.056736E+01  5.822319E+01  6.203051E+00  6.203051E+00 -5.702371E-02 -4.904827E-03  0.000000E+00
 4.990000E+02  7.058068E+01  5.822374E+01  6.209325E+00  6.209325E+00 -5.681017E-02 -4.899860E-03  0.000000E+00
 4.995000E+02  7.059400E+01  5.822429E+01  6.215599E+00  6.215599E+00 -5.659793E-02 -4.894904E-03  0.000000E+00
 5.000000E+02  7.060732E+01  5.822485E+01  6.221873E+00  6.221873E+00 -5.638701E-02 -4.889958E-03  0.000000E+00
