#         T/K            w1            w2            w3            w4            w5            w6            w7            w8
 2.000000E+02  5.553427E-09  8.806031E-12  1.749791E-11  4.524634E-08  1.840562E-06  3.999921E-08  1.184685E-05  9.999862E-01
 2.005000E+02  5.884623E-09  9.620470E-12  1.901160E-11  4.786213E-08  1.946989E-06  4.249354E-08  1.236850E-05  9.999856E-01
 2.010000E+02  6.233808E-09  1.050573E-11  2.064786E-11  5.061516E-08  2.059006E-06  4.513015E-08  1.291044E-05  9.999849E-01
 2.015000E+02  6.601859E-09  1.146759E-11  2.241591E-11  5.351185E-08  2.176876E-06  4.791637E-08  1.347335E-05  9.999842E-01
 2.020000E+02  6.989693E-09  1.251222E-11  2.432563E-11  5.655891E-08  2.300873E-06  5.085988E-08  1.405792E-05  9.999835E-01
 2.025000E+02  7.398263E-09  1.364630E-11  2.638758E-11  5.976333E-08  2.431282E-06  5.396870E-08  1.466488E-05  9.999828E-01
 2.030000E+02  7.828566E-09  1.487698E-11  2.861304E-11  6.313234E-08  2.568399E-06  5.725120E-08  1.529495E-05  9.999820E-01
 2.035000E+02  8.281638E-09  1.621196E-11  3.101406E-11  6.667352E-08  2.712534E-06  6.071615E-08  1.594890E-05  9.999812E-01
 2.040000E+02  8.758560E-09  1.765949E-11  3.360350E-11  7.039470E-08  2.864006E-06  6.437270E-08  1.662750E-05  9.999804E-01
 2.045000E+02  9.260458E-09  1.922845E-11  3.639512E-11  7.430407E-08  3.023151E-06  6.823042E-08  1.733155E-05  9.999795E-01
 2.050000E+02  9.788505E-09  2.092835E-11  3.940357E-11  7.841010E-08  3.190315E-06  7.229929E-08  1.806188E-05  9.999786E-01
 2.055000E+02  1.034392E-08  2.276940E-11  4.264451E-11  8.272163E-08  3.365860E-06  7.658972E-08  1.881931E-05  9.999776E-01
 2.060000E+02  1.092798E-08  2.476254E-11  4.613462E-11  8.724782E-08  3.550161E-06  8.111260E-08  1.960473E-05  9.999767E-01
 2.065000E+02  1.154200E-08  2.691950E-11  4.989168E-11  9.199821E-08  3.743607E-06  8.587928E-08  2.041900E-05  9.999756E-01
 2.070000E+02  1.218736E-08  2.925288E-11  5.393466E-11  9.698269E-08  3.946604E-06  9.090161E-08  2.126305E-05  9.999746E-01
 2.075000E+02  1.286550E-08  3.177612E-11  5.828375E-11  1.022115E-07  4.159572E-06  9.619193E-08  2.213780E-05  9.999735E-01
 2.080000E+02  1.357789E-08  3.450365E-11  6.296046E-11  1.076954E-07  4.382949E-06  1.017631E-07  2.304421E-05  9.999723E-01
 2.085000E+02  1.432610E-08  3.745091E-11  6.798771E-11  1.134454E-07  4.617188E-06  1.076286E-07  2.398326E-05  9.999712E-01
 2.090000E+02  1.511173E-08  4.063442E-11  7.338986E-11  1.194730E-07  4.862759E-06  1.138025E-07  2.495596E-05  9.999699E-01
 2.095000E+02  1.593645E-08  4.407185E-11  7.919284E-11  1.257902E-07  5.120153E-06  1.202992E-07  2.596334E-05  9.999687E-01
 2.100000E+02  1.680200E-08  4.778209E-11  8.542426E-11  1.324092E-07  5.389876E-06  1.271340E-07  2.700646E-05  9.999673E-01
 2.105000E+02  1.771020E-08  5.178533E-11  9.211343E-11  1.393430E-07  5.672453E-06  1.343227E-07  2.808639E-05  9.999659E-01
 2.110000E+02  1.866291E-08  5.610316E-11  9.929154E-11  1.466049E-07  5.968431E-06  1.418818E-07  2.920426E-05  9.999645E-01
 2.115000E+02  1.966208E-08  6.075862E-11  1.069917E-10  1.542085E-07  6.278375E-06  1.498284E-07  3.036119E-05  9.999630E-01
 2.120000E+02  2.070975E-08  6.577632E-11  1.152491E-10  1.621684E-07  6.602872E-06  1.581805E-07  3.155835E-05  9.999615E-01
 2.125000E+02  2.180800E-08  7.118255E-11  1.241012E-10  1.704991E-07  6.942529E-06  1.669565E-07  3.279694E-05  9.999599E-01
 2.130000E+02  2.295902E-08  7.700535E-11  1.335876E-10  1.792162E-07  7.297977E-06  1.761759E-07  3.407818E-05  9.999582E-01
 2.135000E+02  2.416507E-08  8.327461E-11  1.437504E-10  1.883354E-07  7.669869E-06  1.858588E-07  3.540333E-05  9.999565E-01
 2.140000E+02  2.542850E-08  9.002225E-11  1.546342E-10  1.978733E-07  8.058881E-06  1.960260E-07  3.677365E-05  9.999547E-01
 2.145000E+02  2.675174E-08  9.728226E-11  1.662866E-10  2.078470E-07  8.465712E-06  2.066994E-07  3.819047E-05  9.999529E-01
 2.150000E+02  2.813731E-08  1.050909E-10  1.787576E-10  2.182740E-07  8.891089E-06  2.179015E-07  3.965513E-05  9.999510E-01
 2.155000E+02  2.958784E-08  1.134867E-10  1.921006E-10  2.291726E-07  9.335762E-06  2.296559E-07  4.116901E-05  9.999490E-01
 2.160000E+02  3.110602E-08  1.225109E-10  2.063720E-10  2.405618E-07  9.800508E-06  2.419869E-07  4.273350E-05  9.999470E-01
 2.165000E+02  3.269468E-08  1.322072E-10  2.216315E-10  2.524611E-07  1.028613E-05  2.549200E-07  4.435006E-05  9.999448E-01
 2.170000E+02  3.435671E-08  1.426223E-10  2.379426E-10  2.648907E-07  1.079347E-05  2.684814E-07  4.602014E-05  9.999426E-01
 2.175000E+02  3.609515E-08  1.538056E-10  2.553721E-10  2.778716E-07  1.132337E-05  2.826986E-07  4.774527E-05  9.999403E-01
 2.180000E+02  3.791312E-08  1.658100E-10  2.739910E-10  2.914255E-07  1.187674E-05  2.976000E-07  4.952697E-05  9.999380E-01
 2.185000E+02  3.981384E-08  1.786915E-10  2.938745E-10  3.055746E-07  1.245448E-05  3.132151E-07  5.136683E-05  9.999355E-01
 2.190000E+02  4.180068E-08  1.925098E-10  3.151019E-10  3.203421E-07  1.305757E-05  3.295744E-07  5.326645E-05  9.999330E-01
 2.195000E+02  4.387709E-08  2.073282E-10  3.377572E-10  3.357520E-07  1.368697E-05  3.467098E-07  5.522748E-05  9.999304E-01
 2.200000E+02  4.604667E-08  2.232140E-10  3.619291E-10  3.518289E-07  1.434371E-05  3.646541E-07  5.725161E-05  9.999276E-01
 2.205000E+02  4.831312E-08  2.402388E-10  3.877115E-10  3.685983E-07  1.502883E-05  3.834417E-07  5.934055E-05  9.999248E-01
 2.210000E+02  5.068030E-08  2.584784E-10  4.152036E-10  3.860866E-07  1.574343E-05  4.031079E-07  6.149606E-05  9.999219E-01
 2.215000E+02  5.315217E-08  2.780135E-10  4.445101E-10  4.043210E-07  1.648863E-05  4.236894E-07  6.371994E-05  9.999189E-01
 2.220000E+02  5.573284E-08  2.989295E-10  4.757415E-10  4.233296E-07  1.726558E-05  4.452245E-07  6.601403E-05  9.999158E-01
 2.225000E+02  5.842657E-08  3.213172E-10  5.090146E-10  4.431414E-07  1.807548E-05  4.677525E-07  6.838020E-05  9.999126E-01
 2.230000E+02  6.123774E-08  3.452728E-10  5.444528E-10  4.637864E-07  1.891956E-05  4.913144E-07  7.082036E-05  9.999092E-01
 2.235000E+02  6.417089E-08  3.708983E-10  5.821860E-10  4.852956E-07  1.979912E-05  5.159526E-07  7.333647E-05  9.999058E-01
 2.240000E+02  6.723072E-08  3.983017E-10  6.223513E-10  5.077006E-07  2.071545E-05  5.417110E-07  7.593052E-05  9.999022E-01
 2.245000E+02  7.042208E-08  4.275978E-10  6.650936E-10  5.310346E-07  2.166991E-05  5.686350E-07  7.860456E-05  9.998986E-01
 2.250000E+02  7.374996E-08  4.589078E-10  7.105653E-10  5.553313E-07  2.266392E-05  5.967719E-07  8.136067E-05  9.998947E-01
 2.255000E+02  7.721955E-08  4.923603E-10  7.589273E-10  5.806259E-07  2.369891E-05  6.261703E-07  8.420098E-05  9.998908E-01
 2.260000E+02  8.083619E-08  5.280913E-10  8.103489E-10  6.069544E-07  2.477638E-05  6.568807E-07  8.712764E-05  9.998867E-01
 2.265000E+02  8.460539E-08  5.662450E-10  8.650087E-10  6.343539E-07  2.589787E-05  6.889553E-07  9.014288E-05  9.998825E-01
 2.270000E+02  8.853284E-08  6.069737E-10  9.230947E-10  6.628629E-07  2.706495E-05  7.224482E-07  9.324896E-05  9.998782E-01
 2.275000E+02  9.262443E-08  6.504387E-10  9.848049E-10  6.925209E-07  2.827927E-05  7.574154E-07  9.644817E-05  9.998737E-01
 2.280000E+02  9.688621E-08  6.968106E-10  1.050348E-09  7.233686E-07  2.954251E-05  7.939146E-07  9.974287E-05  9.998691E-01
 2.285000E+02  1.013245E-07  7.462695E-10  1.119943E-09  7.554479E-07  3.085641E-05  8.320056E-07  1.031355E-04  9.998643E-01
 2.290000E+02  1.059456E-07  7.990062E-10  1.193820E-09  7.888021E-07  3.222276E-05  8.717504E-07  1.066284E-04  9.998594E-01
 2.295000E+02  1.107563E-07  8.552221E-10  1.272223E-09  8.234757E-07  3.364340E-05  9.132128E-07  1.102241E-04  9.998543E-01
 2.300000E+02  1.157635E-07  9.151299E-10  1.355407E-09  8.595145E-07  3.512022E-05  9.564590E-07  1.139253E-04  9.998490E-01
 2.305000E+02  1.209741E-07  9.789544E-10  1.443641E-09  8.969658E-07  3.665519E-05  1.001557E-06  1.177344E-04  9.998436E-01
 2.310000E+02  1.263956E-07  1.046933E-09  1.537205E-09  9.358781E-07  3.825033E-05  1.048578E-06  1.216541E-04  9.998380E-01
 2.315000E+02  1.320355E-07  1.119316E-09  1.636399E-09  9.763015E-07  3.990769E-05  1.097595E-06  1.256871E-04  9.998322E-01
 2.320000E+02  1.379014E-07  1.196368E-09  1.741531E-09  1.018287E-06  4.162943E-05  1.148682E-06  1.298361E-04  9.998262E-01
 2.325000E+02  1.440014E-07  1.278368E-09  1.852931E-09  1.061889E-06  4.341772E-05  1.201918E-06  1.341040E-04  9.998201E-01
 2.330000E+02  1.503438E-07  1.365610E-09  1.970942E-09  1.107160E-06  4.527485E-05  1.257383E-06  1.384937E-04  9.998137E-01
 2.335000E+02  1.569369E-07  1.458405E-09  2.095924E-09  1.154158E-06  4.720313E-05  1.315160E-06  1.430079E-04  9.998072E-01
 2.340000E+02  1.637896E-07  1.557079E-09  2.228257E-09  1.202939E-06  4.920496E-05  1.375335E-06  1.476497E-04  9.998004E-01
 2.345000E+02  1.709108E-07  1.661979E-09  2.368337E-09  1.253563E-06  5.128280E-05  1.437995E-06  1.524221E-04  9.997934E-01
 2.350000E+02  1.783099E-07  1.773466E-09  2.516583E-09  1.306091E-06  5.343918E-05  1.503233E-06  1.573282E-04  9.997862E-01
 2.355000E+02  1.859962E-07  1.891924E-09  2.673431E-09  1.360585E-06  5.567672E-05  1.571142E-06  1.623710E-04  9.997788E-01
 2.360000E+02  1.939798E-07  2.017757E-09  2.839340E-09  1.417111E-06  5.799808E-05  1.641819E-06  1.675539E-04  9.997712E-01
 2.365000E+02  2.022705E-07  2.151389E-09  3.014792E-09  1.475734E-06  6.040602E-05  1.715365E-06  1.728800E-04  9.997633E-01
 2.370000E+02  2.108790E-07  2.293267E-09  3.200290E-09  1.536522E-06  6.290337E-05  1.791883E-06  1.783526E-04  9.997552E-01
 2.375000E+02  2.198158E-07  2.443862E-09  3.396363E-09  1.599545E-06  6.549303E-05  1.871478E-06  1.839751E-04  9.997468E-01
 2.380000E+02  2.290919E-07  2.603669E-09  3.603565E-09  1.664875E-06  6.817801E-05  1.954262E-06  1.897509E-04  9.997382E-01
 2.385000E+02  2.387188E-07  2.773210E-09  3.822475E-09  1.732586E-06  7.096137E-05  2.040347E-06  1.956835E-04  9.997293E-01
 2.390000E+02  2.487079E-07  2.953031E-09  4.053702E-09  1.802754E-06  7.384627E-05  2.129849E-06  2.017765E-04  9.997202E-01
 2.395000E+02  2.590713E-07  3.143710E-09  4.297880E-09  1.875455E-06  7.683594E-05  2.222889E-06  2.080334E-04  9.997108E-01
 2.400000E+02  2.698214E-07  3.345852E-09  4.555677E-09  1.950771E-06  7.993371E-05  2.319591E-06  2.144580E-04  9.997011E-01
 2.405000E+02  2.809706E-07  3.560094E-09  4.827788E-09  2.028783E-06  8.314301E-05  2.420083E-06  2.210540E-04  9.996911E-01
 2.410000E+02  2.925321E-07  3.787105E-09  5.114943E-09  2.109575E-06  8.646735E-05  2.524495E-06  2.278251E-04  9.996808E-01
 2.415000E+02  3.045192E-07  4.027588E-09  5.417905E-09  2.193234E-06  8.991032E-05  2.632963E-06  2.347753E-04  9.996702E-01
 2.420000E+02  3.169457E-07  4.282282E-09  5.737472E-09  2.279848E-06  9.347563E-05  2.745627E-06  2.419084E-04  9.996593E-01
 2.425000E+02  3.298256E-07  4.551961E-09  6.074478E-09  2.369508E-06  9.716707E-05  2.862629E-06  2.492285E-04  9.996480E-01
 2.430000E+02  3.431734E-07  4.837440E-09  6.429796E-09  2.462308E-06  1.009885E-04  2.984118E-06  2.567397E-04  9.996365E-01
 2.435000E+02  3.570040E-07  5.139573E-09  6.804338E-09  2.558342E-06  1.049440E-04  3.110246E-06  2.644461E-04  9.996246E-01
 2.440000E+02  3.713328E-07  5.459257E-09  7.199056E-09  2.657710E-06  1.090377E-04  3.241169E-06  2.723518E-04  9.996123E-01
 2.445000E+02  3.861753E-07  5.797433E-09  7.614947E-09  2.760513E-06  1.132736E-04  3.377048E-06  2.804612E-04  9.995997E-01
 2.450000E+02  4.015478E-07  6.155087E-09  8.053051E-09  2.866852E-06  1.176562E-04  3.518049E-06  2.887786E-04  9.995868E-01
 2.455000E+02  4.174667E-07  6.533254E-09  8.514455E-09  2.976834E-06  1.221899E-04  3.664342E-06  2.973085E-04  9.995734E-01
 2.460000E+02  4.339490E-07  6.933021E-09  9.000293E-09  3.090567E-06  1.268792E-04  3.816103E-06  3.060552E-04  9.995597E-01
 2.465000E+02  4.510122E-07  7.355523E-09  9.511750E-09  3.208163E-06  1.317288E-04  3.973512E-06  3.150235E-04  9.995456E-01
 2.470000E+02  4.686742E-07  7.801954E-09  1.005006E-08  3.329736E-06  1.367434E-04  4.136753E-06  3.242178E-04  9.995311E-01
 2.475000E+02  4.869532E-07  8.273563E-09  1.061652E-08  3.455401E-06  1.419279E-04  4.306019E-06  3.336430E-04  9.995162E-01
 2.480000E+02  5.058682E-07  8.771658E-09  1.121247E-08  3.585280E-06  1.472874E-04  4.481504E-06  3.433038E-04  9.995008E-01
 2.485000E+02  5.254383E-07  9.297611E-09  1.183932E-08  3.719493E-06  1.528269E-04  4.663410E-06  3.532051E-04  9.994850E-01
 2.490000E+02  5.456835E-07  9.852856E-09  1.249854E-08  3.858168E-06  1.585517E-04  4.851944E-06  3.633517E-04  9.994688E-01
 2.495000E+02  5.666240E-07  1.043890E-08  1.319164E-08  4.001431E-06  1.644673E-04  5.047319E-06  3.737488E-04  9.994521E-01
 2.500000E+02  5.882806E-07  1.105731E-08  1.392023E-08  4.149415E-06  1.705791E-04  5.249753E-06  3.844015E-04  9.994350E-01
 2.505000E+02  6.106747E-07  1.170974E-08  1.468596E-08  4.302255E-06  1.768928E-04  5.459471E-06  3.953148E-04  9.994174E-01
 2.510000E+02  6.338282E-07  1.239790E-08  1.549057E-08  4.460089E-06  1.834142E-04  5.676703E-06  4.064940E-04  9.993993E-01
 2.515000E+02  6.577635E-07  1.312361E-08  1.633586E-08  4.623057E-06  1.901492E-04  5.901686E-06  4.179445E-04  9.993807E-01
 2.520000E+02  6.825036E-07  1.388874E-08  1.722370E-08  4.791304E-06  1.971039E-04  6.134663E-06  4.296718E-04  9.993616E-01
 2.525000E+02  7.080719E-07  1.469527E-08  1.815607E-08  4.964979E-06  2.042845E-04  6.375884E-06  4.416812E-04  9.993420E-01
 2.530000E+02  7.344928E-07  1.554526E-08  1.913498E-08  5.144232E-06  2.116974E-04  6.625606E-06  4.539783E-04  9.993218E-01
 2.535000E+02  7.617908E-07  1.644086E-08  2.016258E-08  5.329219E-06  2.193491E-04  6.884092E-06  4.665689E-04  9.993011E-01
 2.540000E+02  7.899913E-07  1.738433E-08  2.124106E-08  5.520098E-06  2.272462E-04  7.151610E-06  4.794587E-04  9.992798E-01
 2.545000E+02  8.191203E-07  1.837801E-08  2.237273E-08  5.717031E-06  2.353956E-04  7.428440E-06  4.926535E-04  9.992579E-01
 2.550000E+02  8.492042E-07  1.942437E-08  2.355998E-08  5.920183E-06  2.438042E-04  7.714865E-06  5.061591E-04  9.992355E-01
 2.555000E+02  8.802704E-07  2.052598E-08  2.480531E-08  6.129725E-06  2.524792E-04  8.011177E-06  5.199817E-04  9.992125E-01
 2.560000E+02  9.123466E-07  2.168551E-08  2.611129E-08  6.345830E-06  2.614279E-04  8.317676E-06  5.341273E-04  9.991888E-01
 2.565000E+02  9.454613E-07  2.290576E-08  2.748064E-08  6.568674E-06  2.706578E-04  8.634668E-06  5.486021E-04  9.991645E-01
 2.570000E+02  9.796438E-07  2.418965E-08  2.891615E-08  6.798440E-06  2.801765E-04  8.962468E-06  5.634123E-04  9.991396E-01
 2.575000E+02  1.014924E-06  2.554024E-08  3.042074E-08  7.035313E-06  2.899917E-04  9.301401E-06  5.785643E-04  9.991140E-01
 2.580000E+02  1.051332E-06  2.696072E-08  3.199744E-08  7.279481E-06  3.001116E-04  9.651795E-06  5.940645E-04  9.990878E-01
 2.585000E+02  1.088900E-06  2.845439E-08  3.364939E-08  7.531139E-06  3.105442E-04  1.001399E-05  6.099196E-04  9.990608E-01
 2.590000E+02  1.127659E-06  3.002472E-08  3.537987E-08  7.790483E-06  3.212980E-04  1.038834E-05  6.261360E-04  9.990332E-01
 2.595000E+02  1.167642E-06  3.167534E-08  3.719229E-08  8.057718E-06  3.323814E-04  1.077519E-05  6.427205E-04  9.990048E-01
 2.600000E+02  1.208883E-06  3.340999E-08  3.909017E-08  8.333047E-06  3.438031E-04  1.117492E-05  6.596800E-04  9.989757E-01
 2.605000E+02  1.251416E-06  3.523262E-08  4.107719E-08  8.616684E-06  3.555722E-04  1.158789E-05  6.770213E-04  9.989459E-01
 2.610000E+02  1.295276E-06  3.714732E-08  4.315715E-08  8.908842E-06  3.676976E-04  1.201450E-05  6.947514E-04  9.989153E-01
 2.615000E+02  1.340499E-06  3.915835E-08  4.533402E-08  9.209743E-06  3.801886E-04  1.245513E-05  7.128774E-04  9.988838E-01
 2.620000E+02  1.387121E-06  4.127017E-08  4.761191E-08  9.519610E-06  3.930549E-04  1.291019E-05  7.314066E-04  9.988516E-01
 2.625000E+02  1.435179E-06  4.348739E-08  4.999508E-08  9.838673E-06  4.063060E-04  1.338008E-05  7.503461E-04  9.988186E-01
 2.630000E+02  1.484713E-06  4.581486E-08  5.248796E-08  1.016717E-05  4.199520E-04  1.386524E-05  7.697033E-04  9.987847E-01
 2.635000E+02  1.535762E-06  4.825759E-08  5.509515E-08  1.050533E-05  4.340028E-04  1.436610E-05  7.894859E-04  9.987500E-01
 2.640000E+02  1.588364E-06  5.082083E-08  5.782140E-08  1.085341E-05  4.484690E-04  1.488309E-05  8.097012E-04  9.987144E-01
 2.645000E+02  1.642561E-06  5.351001E-08  6.067167E-08  1.121165E-05  4.633609E-04  1.541668E-05  8.303570E-04  9.986779E-01
 2.650000E+02  1.698396E-06  5.633082E-08  6.365109E-08  1.158030E-05  4.786894E-04  1.596732E-05  8.514611E-04  9.986405E-01
 2.655000E+02  1.755910E-06  5.928914E-08  6.676497E-08  1.195964E-05  4.944655E-04  1.653549E-05  8.730214E-04  9.986021E-01
 2.660000E+02  1.815147E-06  6.239114E-08  7.001883E-08  1.234991E-05  5.107004E-04  1.712169E-05  8.950457E-04  9.985628E-01
 2.665000E+02  1.876151E-06  6.564319E-08  7.341838E-08  1.275140E-05  5.274056E-04  1.772640E-05  9.175422E-04  9.985226E-01
 2.670000E+02  1.938969E-06  6.905196E-08  7.696956E-08  1.316437E-05  5.445928E-04  1.835013E-05  9.405191E-04  9.984813E-01
 2.675000E+02  2.003646E-06  7.262434E-08  8.067851E-08  1.358912E-05  5.622739E-04  1.899342E-05  9.639847E-04  9.984390E-01
 2.680000E+02  2.070230E-06  7.636754E-08  8.455159E-08  1.402591E-05  5.804610E-04  1.965678E-05  9.879472E-04  9.983957E-01
 2.685000E+02  2.138769E-06  8.028903E-08  8.859539E-08  1.447506E-05  5.991666E-04  2.034077E-05  1.012415E-03  9.983513E-01
 2.690000E+02  2.209313E-06  8.439658E-08  9.281675E-08  1.493685E-05  6.184034E-04  2.104594E-05  1.037397E-03  9.983058E-01
 2.695000E+02  2.281913E-06  8.869827E-08  9.722274E-08  1.541159E-05  6.381843E-04  2.177287E-05  1.062902E-03  9.982593E-01
 2.700000E+02  2.356619E-06  9.320250E-08  1.018207E-07  1.589959E-05  6.585224E-04  2.252213E-05  1.088939E-03  9.982116E-01
 2.705000E+02  2.433484E-06  9.791799E-08  1.066182E-07  1.640116E-05  6.794313E-04  2.329433E-05  1.115516E-03  9.981627E-01
 2.710000E+02  2.512563E-06  1.028538E-07  1.116231E-07  1.691663E-05  7.009245E-04  2.409007E-05  1.142643E-03  9.981127E-01
 2.715000E+02  2.593909E-06  1.080194E-07  1.168435E-07  1.744633E-05  7.230161E-04  2.490998E-05  1.170328E-03  9.980615E-01
 2.720000E+02  2.677580E-06  1.134244E-07  1.222879E-07  1.799059E-05  7.457203E-04  2.575469E-05  1.198581E-03  9.980090E-01
 2.725000E+02  2.763631E-06  1.190792E-07  1.279650E-07  1.854975E-05  7.690517E-04  2.662485E-05  1.227411E-03  9.979554E-01
 2.730000E+02  2.852120E-06  1.249941E-07  1.338837E-07  1.912416E-05  7.930249E-04  2.752114E-05  1.256828E-03  9.979004E-01
 2.735000E+02  2.943108E-06  1.311803E-07  1.400534E-07  1.971418E-05  8.176553E-04  2.844422E-05  1.286841E-03  9.978441E-01
 2.740000E+02  3.036655E-06  1.376489E-07  1.464837E-07  2.032015E-05  8.429579E-04  2.939480E-05  1.317460E-03  9.977865E-01
 2.745000E+02  3.132822E-06  1.444118E-07  1.531847E-07  2.094246E-05  8.689487E-04  3.037358E-05  1.348694E-03  9.977276E-01
 2.750000E+02  3.231673E-06  1.514813E-07  1.601666E-07  2.158148E-05  8.956434E-04  3.138129E-05  1.380554E-03  9.976673E-01
 2.755000E+02  3.333271E-06  1.588699E-07  1.674400E-07  2.223758E-05  9.230584E-04  3.241867E-05  1.413050E-03  9.976056E-01
 2.760000E+02  3.437683E-06  1.665910E-07  1.750161E-07  2.291115E-05  9.512102E-04  3.348647E-05  1.446191E-03  9.975424E-01
 2.765000E+02  3.544974E-06  1.746581E-07  1.829062E-07  2.360260E-05  9.801158E-04  3.458547E-05  1.479988E-03  9.974778E-01
 2.770000E+02  3.655213E-06  1.830853E-07  1.911221E-07  2.431231E-05  1.009792E-03  3.571646E-05  1.514451E-03  9.974117E-01
 2.775000E+02  3.768470E-06  1.918875E-07  1.996759E-07  2.504071E-05  1.040257E-03  3.688023E-05  1.549591E-03  9.973441E-01
 2.780000E+02  3.884814E-06  2.010797E-07  2.085802E-07  2.578821E-05  1.071528E-03  3.807761E-05  1.585417E-03  9.972749E-01
 2.785000E+02  4.004318E-06  2.106778E-07  2.178481E-07  2.655523E-05  1.103623E-03  3.930944E-05  1.621942E-03  9.972041E-01
 2.790000E+02  4.127056E-06  2.206981E-07  2.274929E-07  2.734221E-05  1.136561E-03  4.057658E-05  1.659175E-03  9.971318E-01
 2.795000E+02  4.253102E-06  2.311575E-07  2.375284E-07  2.814958E-05  1.170361E-03  4.187989E-05  1.697128E-03  9.970578E-01
 2.800000E+02  4.382532E-06  2.420736E-07  2.479691E-07  2.897780E-05  1.205041E-03  4.322028E-05  1.735811E-03  9.969821E-01
 2.805000E+02  4.515424E-06  2.534645E-07  2.588297E-07  2.982731E-05  1.240622E-03  4.459864E-05  1.775236E-03  9.969047E-01
 2.810000E+02  4.651858E-06  2.653492E-07  2.701254E-07  3.069858E-05  1.277123E-03  4.601590E-05  1.815413E-03  9.968256E-01
 2.815000E+02  4.791913E-06  2.777471E-07  2.818720E-07  3.159209E-05  1.314564E-03  4.747302E-05  1.856355E-03  9.967447E-01
 2.820000E+02  4.935672E-06  2.906783E-07  2.940857E-07  3.250831E-05  1.352965E-03  4.897096E-05  1.898073E-03  9.966620E-01
 2.825000E+02  5.083219E-06  3.041639E-07  3.067833E-07  3.344773E-05  1.392349E-03  5.051069E-05  1.940577E-03  9.965774E-01
 2.830000E+02  5.234638E-06  3.182254E-07  3.199821E-07  3.441084E-05  1.432735E-03  5.209324E-05  1.983881E-03  9.964910E-01
 2.835000E+02  5.390016E-06  3.328852E-07  3.337001E-07  3.539816E-05  1.474146E-03  5.371961E-05  2.027996E-03  9.964027E-01
 2.840000E+02  5.549443E-06  3.481666E-07  3.479555E-07  3.641019E-05  1.516603E-03  5.539085E-05  2.072933E-03  9.963124E-01
 2.845000E+02  5.713006E-06  3.640936E-07  3.627674E-07  3.744745E-05  1.560129E-03  5.710803E-05  2.118705E-03  9.962202E-01
 2.850000E+02  5.880799E-06  3.806908E-07  3.781554E-07  3.851048E-05  1.604747E-03  5.887224E-05  2.165323E-03  9.961259E-01
 2.855000E+02  6.052914E-06  3.979842E-07  3.941396E-07  3.959981E-05  1.650479E-03  6.068457E-05  2.212801E-03  9.960296E-01
 2.860000E+02  6.229446E-06  4.160001E-07  4.107410E-07  4.071600E-05  1.697350E-03  6.254616E-05  2.261151E-03  9.959312E-01
 2.865000E+02  6.410491E-06  4.347661E-07  4.279811E-07  4.185959E-05  1.745383E-03  6.445814E-05  2.310384E-03  9.958306E-01
 2.870000E+02  6.596149E-06  4.543105E-07  4.458818E-07  4.303116E-05  1.794603E-03  6.642171E-05  2.360515E-03  9.957279E-01
 2.875000E+02  6.786518E-06  4.746628E-07  4.644661E-07  4.423129E-05  1.845033E-03  6.843804E-05  2.411554E-03  9.956230E-01
 2.880000E+02  6.981700E-06  4.958534E-07  4.837575E-07  4.546055E-05  1.896700E-03  7.050835E-05  2.463516E-03  9.955159E-01
 2.885000E+02  7.181799E-06  5.179135E-07  5.037802E-07  4.671954E-05  1.949629E-03  7.263388E-05  2.516414E-03  9.954064E-01
 2.890000E+02  7.386921E-06  5.408757E-07  5.245591E-07  4.800886E-05  2.003846E-03  7.481589E-05  2.570260E-03  9.952946E-01
 2.895000E+02  7.597172E-06  5.647735E-07  5.461201E-07  4.932914E-05  2.059377E-03  7.705566E-05  2.625067E-03  9.951805E-01
 2.900000E+02  7.812661E-06  5.896415E-07  5.684895E-07  5.068098E-05  2.116249E-03  7.935450E-05  2.680849E-03  9.950639E-01
 2.905000E+02  8.033499E-06  6.155156E-07  5.916946E-07  5.206503E-05  2.174490E-03  8.171375E-05  2.737620E-03  9.949449E-01
 2.910000E+02  8.259800E-06  6.424326E-07  6.157636E-07  5.348193E-05  2.234126E-03  8.413476E-05  2.795392E-03  9.948233E-01
 2.915000E+02  8.491677E-06  6.704308E-07  6.407254E-07  5.493233E-05  2.295186E-03  8.661891E-05  2.854181E-03  9.946993E-01
 2.920000E+02  8.729248E-06  6.995496E-07  6.666098E-07  5.641689E-05  2.357699E-03  8.916761E-05  2.913998E-03  9.945726E-01
 2.925000E+02  8.972630E-06  7.298298E-07  6.934473E-07  5.793629E-05  2.421693E-03  9.178229E-05  2.974859E-03  9.944433E-01
 2.930000E+02  9.221945E-06  7.613134E-07  7.212697E-07  5.949121E-05  2.487198E-03  9.446439E-05  3.036777E-03  9.943114E-01
 2.935000E+02  9.477315E-06  7.940438E-07  7.501093E-07  6.108234E-05  2.554244E-03  9.721542E-05  3.099767E-03  9.941767E-01
 2.940000E+02  9.738865E-06  8.280658E-07  7.799995E-07  6.271040E-05  2.622862E-03  1.000369E-04  3.163842E-03  9.940392E-01
 2.945000E+02  1.000672E-05  8.634257E-07  8.109749E-07  6.437609E-05  2.693081E-03  1.029303E-04  3.229017E-03  9.938989E-01
 2.950000E+02  1.028101E-05  9.001712E-07  8.430706E-07  6.608015E-05  2.764934E-03  1.058972E-04  3.295307E-03  9.937558E-01
 2.955000E+02  1.056187E-05  9.383516E-07  8.763233E-07  6.782330E-05  2.838452E-03  1.089393E-04  3.362726E-03  9.936097E-01
 2.960000E+02  1.084943E-05  9.780176E-07  9.107701E-07  6.960630E-05  2.913667E-03  1.120580E-04  3.431289E-03  9.934606E-01
 2.965000E+02  1.114382E-05  1.019222E-06  9.464498E-07  7.142991E-05  2.990613E-03  1.152552E-04  3.501010E-03  9.933086E-01
 2.970000E+02  1.144519E-05  1.062018E-06  9.834019E-07  7.329490E-05  3.069322E-03  1.185324E-04  3.571905E-03  9.931535E-01
 2.975000E+02  1.175366E-05  1.106462E-06  1.021667E-06  7.520204E-05  3.149827E-03  1.218913E-04  3.643989E-03  9.929952E-01
 2.980000E+02  1.206939E-05  1.152612E-06  1.061287E-06  7.715214E-05  3.232165E-03  1.253337E-04  3.717276E-03  9.928338E-01
 2.985000E+02  1.239252E-05  1.200527E-06  1.102305E-06  7.914600E-05  3.316368E-03  1.288614E-04  3.791783E-03  9.926691E-01
 2.990000E+02  1.272320E-05  1.250267E-06  1.144765E-06  8.118443E-05  3.402472E-03  1.324761E-04  3.867523E-03  9.925012E-01
 2.995000E+02  1.306156E-05  1.301897E-06  1.188713E-06  8.326826E-05  3.490513E-03  1.361796E-04  3.944514E-03  9.923300E-01
 3.000000E+02  1.340778E-05  1.355480E-06  1.234196E-06  8.539833E-05  3.580528E-03  1.399738E-04  4.022770E-03  9.921553E-01
 3.005000E+02  1.376199E-05  1.411084E-06  1.281260E-06  8.757550E-05  3.672552E-03  1.438606E-04  4.102306E-03  9.919773E-01
 3.010000E+02  1.412435E-05  1.468778E-06  1.329957E-06  8.980062E-05  3.766624E-03  1.478418E-04  4.183140E-03  9.917957E-01
 3.015000E+02  1.449503E-05  1.528633E-06  1.380336E-06  9.207457E-05  3.862781E-03  1.519195E-04  4.265287E-03  9.916105E-01
 3.020000E+02  1.487419E-05  1.590723E-06  1.432449E-06  9.439825E-05  3.961061E-03  1.560956E-04  4.348762E-03  9.914218E-01
 3.025000E+02  1.526198E-05  1.655122E-06  1.486350E-06  9.677254E-05  4.061504E-03  1.603720E-04  4.433582E-03  9.912294E-01
 3.030000E+02  1.565857E-05  1.721909E-06  1.542094E-06  9.919837E-05  4.164148E-03  1.647509E-04  4.519764E-03  9.910332E-01
 3.035000E+02  1.606414E-05  1.791163E-06  1.599737E-06  1.016767E-04  4.269034E-03  1.692343E-04  4.607322E-03  9.908333E-01
 3.040000E+02  1.647885E-05  1.862967E-06  1.659337E-06  1.042083E-04  4.376202E-03  1.738243E-04  4.696275E-03  9.906295E-01
 3.045000E+02  1.690288E-05  1.937407E-06  1.720954E-06  1.067944E-04  4.485694E-03  1.785231E-04  4.786637E-03  9.904218E-01
 3.050000E+02  1.733640E-05  2.014568E-06  1.784648E-06  1.094357E-04  4.597550E-03  1.833327E-04  4.878427E-03  9.902101E-01
 3.055000E+02  1.777960E-05  2.094543E-06  1.850482E-06  1.121334E-04  4.711814E-03  1.882554E-04  4.971660E-03  9.899944E-01
 3.060000E+02  1.823265E-05  2.177422E-06  1.918521E-06  1.148883E-04  4.828527E-03  1.932935E-04  5.066354E-03  9.897746E-01
 3.065000E+02  1.869574E-05  2.263302E-06  1.988830E-06  1.177015E-04  4.947734E-03  1.984491E-04  5.162524E-03  9.895506E-01
 3.070000E+02  1.916905E-05  2.352280E-06  2.061478E-06  1.205739E-04  5.069478E-03  2.037247E-04  5.260189E-03  9.893225E-01
 3.075000E+02  1.965279E-05  2.444458E-06  2.136533E-06  1.235068E-04  5.193803E-03  2.091225E-04  5.359366E-03  9.890900E-01
 3.080000E+02  2.014713E-05  2.539940E-06  2.214067E-06  1.265009E-04  5.320755E-03  2.146450E-04  5.460070E-03  9.888531E-01
 3.085000E+02  2.065228E-05  2.638832E-06  2.294152E-06  1.295575E-04  5.450379E-03  2.202944E-04  5.562321E-03  9.886119E-01
 3.090000E+02  2.116844E-05  2.741245E-06  2.376865E-06  1.326776E-04  5.582722E-03  2.260734E-04  5.666134E-03  9.883661E-01
 3.095000E+02  2.169580E-05  2.847291E-06  2.462282E-06  1.358623E-04  5.717830E-03  2.319843E-04  5.771528E-03  9.881158E-01
 3.100000E+02  2.223458E-05  2.957088E-06  2.550481E-06  1.391126E-04  5.855751E-03  2.380297E-04  5.878520E-03  9.878608E-01
 3.105000E+02  2.278497E-05  3.070754E-06  2.641544E-06  1.424297E-04  5.996533E-03  2.442120E-04  5.987127E-03  9.876012E-01
 3.110000E+02  2.334719E-05  3.188413E-06  2.735553E-06  1.458148E-04  6.140224E-03  2.505341E-04  6.097368E-03  9.873368E-01
 3.115000E+02  2.392146E-05  3.310192E-06  2.832594E-06  1.492688E-04  6.286873E-03  2.569983E-04  6.209259E-03  9.870675E-01
 3.120000E+02  2.450798E-05  3.436221E-06  2.932753E-06  1.527931E-04  6.436532E-03  2.636075E-04  6.322819E-03  9.867934E-01
 3.125000E+02  2.510699E-05  3.566632E-06  3.036121E-06  1.563887E-04  6.589249E-03  2.703643E-04  6.438066E-03  9.865142E-01
 3.130000E+02  2.571870E-05  3.701565E-06  3.142788E-06  1.600569E-04  6.745076E-03  2.772714E-04  6.555017E-03  9.862300E-01
 3.135000E+02  2.634334E-05  3.841160E-06  3.252849E-06  1.637989E-04  6.904064E-03  2.843317E-04  6.673691E-03  9.859407E-01
 3.140000E+02  2.698114E-05  3.985562E-06  3.366399E-06  1.676158E-04  7.066267E-03  2.915479E-04  6.794105E-03  9.856461E-01
 3.145000E+02  2.763234E-05  4.134921E-06  3.483537E-06  1.715088E-04  7.231737E-03  2.989230E-04  6.916278E-03  9.853463E-01
 3.150000E+02  2.829716E-05  4.289389E-06  3.604364E-06  1.754793E-04  7.400527E-03  3.064598E-04  7.040229E-03  9.850411E-01
 3.155000E+02  2.897585E-05  4.449126E-06  3.728984E-06  1.795285E-04  7.572692E-03  3.141612E-04  7.165974E-03  9.847305E-01
 3.160000E+02  2.966865E-05  4.614292E-06  3.857502E-06  1.836576E-04  7.748286E-03  3.220302E-04  7.293533E-03  9.844144E-01
 3.165000E+02  3.037581E-05  4.785053E-06  3.990027E-06  1.878679E-04  7.927366E-03  3.300699E-04  7.422924E-03  9.840926E-01
 3.170000E+02  3.109757E-05  4.961581E-06  4.126670E-06  1.921608E-04  8.109986E-03  3.382833E-04  7.554166E-03  9.837652E-01
 3.175000E+02  3.183420E-05  5.144051E-06  4.267544E-06  1.965375E-04  8.296204E-03  3.466735E-04  7.687276E-03  9.834321E-01
 3.180000E+02  3.258594E-05  5.332643E-06  4.412767E-06  2.009993E-04  8.486078E-03  3.552436E-04  7.822274E-03  9.830931E-01
 3.185000E+02  3.335306E-05  5.527542E-06  4.562458E-06  2.055477E-04  8.679665E-03  3.639969E-04  7.959178E-03  9.827482E-01
 3.190000E+02  3.413583E-05  5.728937E-06  4.716738E-06  2.101840E-04  8.877024E-03  3.729364E-04  8.098007E-03  9.823973E-01
 3.195000E+02  3.493450E-05  5.937024E-06  4.875733E-06  2.149095E-04  9.078214E-03  3.820656E-04  8.238779E-03  9.820403E-01
 3.200000E+02  3.574935E-05  6.152003E-06  5.039570E-06  2.197257E-04  9.283296E-03  3.913877E-04  8.381513E-03  9.816771E-01
 3.205000E+02  3.658065E-05  6.374078E-06  5.208381E-06  2.246338E-04  9.492329E-03  4.009060E-04  8.526228E-03  9.813077E-01
 3.210000E+02  3.742869E-05  6.603462E-06  5.382300E-06  2.296355E-04  9.705376E-03  4.106240E-04  8.672942E-03  9.809320E-01
 3.215000E+02  3.829375E-05  6.840370E-06  5.561463E-06  2.347321E-04  9.922498E-03  4.205450E-04  8.821674E-03  9.805499E-01
 3.220000E+02  3.917610E-05  7.085024E-06  5.746012E-06  2.399250E-04  1.014376E-02  4.306726E-04  8.972444E-03  9.801612E-01
 3.225000E+02  4.007605E-05  7.337651E-06  5.936090E-06  2.452158E-04  1.036922E-02  4.410102E-04  9.125270E-03  9.797659E-01
 3.230000E+02  4.099389E-05  7.598487E-06  6.131843E-06  2.506058E-04  1.059895E-02  4.515614E-04  9.280170E-03  9.793640E-01
 3.235000E+02  4.192991E-05  7.867769E-06  6.333422E-06  2.560967E-04  1.083300E-02  4.623298E-04  9.437164E-03  9.789553E-01
 3.240000E+02  4.288442E-05  8.145745E-06  6.540980E-06  2.616899E-04  1.107145E-02  4.733191E-04  9.596270E-03  9.785397E-01
 3.245000E+02  4.385772E-05  8.432666E-06  6.754676E-06  2.673870E-04  1.131437E-02  4.845329E-04  9.757508E-03  9.781172E-01
 3.250000E+02  4.485012E-05  8.728791E-06  6.974669E-06  2.731895E-04  1.156181E-02  4.959750E-04  9.920896E-03  9.776876E-01
 3.255000E+02  4.586194E-05  9.034386E-06  7.201123E-06  2.790989E-04  1.181384E-02  5.076491E-04  1.008645E-02  9.772509E-01
 3.260000E+02  4.689349E-05  9.349721E-06  7.434208E-06  2.851169E-04  1.207054E-02  5.195590E-04  1.025420E-02  9.768069E-01
 3.265000E+02  4.794510E-05  9.675077E-06  7.674095E-06  2.912451E-04  1.233197E-02  5.317087E-04  1.042415E-02  9.763556E-01
 3.270000E+02  4.901710E-05  1.001074E-05  7.920959E-06  2.974850E-04  1.259820E-02  5.441020E-04  1.059633E-02  9.758969E-01
 3.275000E+02  5.010981E-05  1.035700E-05  8.174980E-06  3.038383E-04  1.286930E-02  5.567429E-04  1.077075E-02  9.754307E-01
 3.280000E+02  5.122357E-05  1.071416E-05  8.436342E-06  3.103066E-04  1.314534E-02  5.696353E-04  1.094743E-02  9.749569E-01
 3.285000E+02  5.235872E-05  1.108253E-05  8.705232E-06  3.168917E-04  1.342640E-02  5.827833E-04  1.112640E-02  9.744754E-01
 3.290000E+02  5.351561E-05  1.146242E-05  8.981843E-06  3.235951E-04  1.371254E-02  5.961910E-04  1.130767E-02  9.739860E-01
 3.295000E+02  5.469458E-05  1.185416E-05  9.266369E-06  3.304186E-04  1.400384E-02  6.098625E-04  1.149126E-02  9.734888E-01
 3.300000E+02  5.589599E-05  1.225807E-05  9.559011E-06  3.373638E-04  1.430037E-02  6.238020E-04  1.167718E-02  9.729836E-01
 3.305000E+02  5.712019E-05  1.267450E-05  9.859974E-06  3.444326E-04  1.460220E-02  6.380136E-04  1.186546E-02  9.724702E-01
 3.310000E+02  5.836755E-05  1.310380E-05  1.016947E-05  3.516267E-04  1.490941E-02  6.525016E-04  1.205612E-02  9.719487E-01
 3.315000E+02  5.963843E-05  1.354632E-05  1.048770E-05  3.589477E-04  1.522208E-02  6.672704E-04  1.224917E-02  9.714189E-01
 3.320000E+02  6.093320E-05  1.400243E-05  1.081490E-05  3.663975E-04  1.554028E-02  6.823243E-04  1.244463E-02  9.708806E-01
 3.325000E+02  6.225225E-05  1.447250E-05  1.115128E-05  3.739780E-04  1.586408E-02  6.976676E-04  1.264253E-02  9.703339E-01
 3.330000E+02  6.359595E-05  1.495691E-05  1.149707E-05  3.816908E-04  1.619357E-02  7.133048E-04  1.284287E-02  9.697785E-01
 3.335000E+02  6.496469E-05  1.545606E-05  1.185250E-05  3.895378E-04  1.652882E-02  7.292404E-04  1.304568E-02  9.692144E-01
 3.340000E+02  6.635885E-05  1.597035E-05  1.221782E-05  3.975209E-04  1.686991E-02  7.454789E-04  1.325097E-02  9.686416E-01
 3.345000E+02  6.777885E-05  1.650019E-05  1.259326E-05  4.056419E-04  1.721693E-02  7.620248E-04  1.345877E-02  9.680598E-01
 3.350000E+02  6.922507E-05  1.704600E-05  1.297906E-05  4.139027E-04  1.756994E-02  7.788828E-04  1.366909E-02  9.674689E-01
 3.355000E+02  7.069792E-05  1.760821E-05  1.337549E-05  4.223052E-04  1.792903E-02  7.960575E-04  1.388195E-02  9.668690E-01
 3.360000E+02  7.219782E-05  1.818726E-05  1.378280E-05  4.308513E-04  1.829429E-02  8.135536E-04  1.409737E-02  9.662598E-01
 3.365000E+02  7.372517E-05  1.878361E-05  1.420126E-05  4.395429E-04  1.866579E-02  8.313759E-04  1.431536E-02  9.656412E-01
 3.370000E+02  7.528041E-05  1.939772E-05  1.463112E-05  4.483820E-04  1.904362E-02  8.495290E-04  1.453594E-02  9.650132E-01
 3.375000E+02  7.686395E-05  2.003006E-05  1.507267E-05  4.573705E-04  1.942785E-02  8.680179E-04  1.475913E-02  9.643757E-01
 3.380000E+02  7.847623E-05  2.068111E-05  1.552618E-05  4.665104E-04  1.981858E-02  8.868474E-04  1.498495E-02  9.637284E-01
 3.385000E+02  8.011769E-05  2.135137E-05  1.599194E-05  4.758037E-04  2.021589E-02  9.060224E-04  1.521341E-02  9.630714E-01
 3.390000E+02  8.178877E-05  2.204136E-05  1.647024E-05  4.852523E-04  2.061986E-02  9.255479E-04  1.544454E-02  9.624045E-01
 3.395000E+02  8.348991E-05  2.275158E-05  1.696138E-05  4.948584E-04  2.103057E-02  9.454288E-04  1.567834E-02  9.617276E-01
 3.400000E+02  8.522158E-05  2.348257E-05  1.746566E-05  5.046240E-04  2.144812E-02  9.656702E-04  1.591483E-02  9.610406E-01
 3.405000E+02  8.698423E-05  2.423487E-05  1.798339E-05  5.145510E-04  2.187259E-02  9.862771E-04  1.615404E-02  9.603433E-01
 3.410000E+02  8.877832E-05  2.500904E-05  1.851488E-05  5.246417E-04  2.230407E-02  1.007255E-03  1.639598E-02  9.596358E-01
 3.415000E+02  9.060432E-05  2.580564E-05  1.906046E-05  5.348980E-04  2.274265E-02  1.028608E-03  1.664065E-02  9.589177E-01
 3.420000E+02  9.246272E-05  2.662526E-05  1.962045E-05  5.453221E-04  2.318841E-02  1.050343E-03  1.688809E-02  9.581891E-01
 3.425000E+02  9.435399E-05  2.746849E-05  2.019518E-05  5.559161E-04  2.364144E-02  1.072463E-03  1.713831E-02  9.574499E-01
 3.430000E+02  9.627863E-05  2.833594E-05  2.078501E-05  5.666821E-04  2.410184E-02  1.094976E-03  1.739131E-02  9.566998E-01
 3.435000E+02  9.823712E-05  2.922824E-05  2.139026E-05  5.776223E-04  2.456970E-02  1.117885E-03  1.764713E-02  9.559388E-01
 3.440000E+02  1.002300E-04  3.014600E-05  2.201131E-05  5.887389E-04  2.504509E-02  1.141196E-03  1.790576E-02  9.551668E-01
 3.445000E+02  1.022577E-04  3.108990E-05  2.264850E-05  6.000340E-04  2.552813E-02  1.164915E-03  1.816723E-02  9.543837E-01
 3.450000E+02  1.043207E-04  3.206058E-05  2.330222E-05  6.115098E-04  2.601889E-02  1.189046E-03  1.843155E-02  9.535893E-01
 3.455000E+02  1.064197E-04  3.305874E-05  2.397282E-05  6.231686E-04  2.651747E-02  1.213597E-03  1.869874E-02  9.527836E-01
 3.460000E+02  1.085551E-04  3.408506E-05  2.466070E-05  6.350126E-04  2.702396E-02  1.238571E-03  1.896881E-02  9.519663E-01
 3.465000E+02  1.107274E-04  3.514025E-05  2.536624E-05  6.470440E-04  2.753847E-02  1.263975E-03  1.924178E-02  9.511375E-01
 3.470000E+02  1.129373E-04  3.622504E-05  2.608984E-05  6.592651E-04  2.806107E-02  1.289814E-03  1.951765E-02  9.502969E-01
 3.475000E+02  1.151851E-04  3.734017E-05  2.683191E-05  6.716781E-04  2.859187E-02  1.316093E-03  1.979645E-02  9.494446E-01
 3.480000E+02  1.174715E-04  3.848640E-05  2.759286E-05  6.842854E-04  2.913096E-02  1.342819E-03  2.007818E-02  9.485802E-01
 3.485000E+02  1.197971E-04  3.966450E-05  2.837310E-05  6.970893E-04  2.967843E-02  1.369997E-03  2.036286E-02  9.477038E-01
 3.490000E+02  1.221623E-04  4.087526E-05  2.917306E-05  7.100920E-04  3.023439E-02  1.397632E-03  2.065050E-02  9.468152E-01
 3.495000E+02  1.245678E-04  4.211949E-05  2.999318E-05  7.232959E-04  3.079892E-02  1.425731E-03  2.094112E-02  9.459143E-01
 3.500000E+02  1.270142E-04  4.339801E-05  3.083391E-05  7.367034E-04  3.137213E-02  1.454299E-03  2.123472E-02  9.450009E-01
 3.505000E+02  1.295020E-04  4.471167E-05  3.169569E-05  7.503169E-04  3.195412E-02  1.483342E-03  2.153132E-02  9.440750E-01
 3.510000E+02  1.320318E-04  4.606133E-05  3.257898E-05  7.641386E-04  3.254497E-02  1.512866E-03  2.183092E-02  9.431364E-01
 3.515000E+02  1.346042E-04  4.744786E-05  3.348426E-05  7.781710E-04  3.314479E-02  1.542876E-03  2.213355E-02  9.421851E-01
 3.520000E+02  1.372198E-04  4.887217E-05  3.441200E-05  7.924165E-04  3.375367E-02  1.573379E-03  2.243921E-02  9.412208E-01
 3.525000E+02  1.398793E-04  5.033517E-05  3.536268E-05  8.068775E-04  3.437173E-02  1.604381E-03  2.274791E-02  9.402435E-01
 3.530000E+02  1.425832E-04  5.183781E-05  3.633680E-05  8.215564E-04  3.499904E-02  1.635887E-03  2.305966E-02  9.392531E-01
 3.535000E+02  1.453321E-04  5.338102E-05  3.733486E-05  8.364558E-04  3.563572E-02  1.667903E-03  2.337447E-02  9.382494E-01
 3.540000E+02  1.481268E-04  5.496580E-05  3.835738E-05  8.515780E-04  3.628186E-02  1.700435E-03  2.369236E-02  9.372323E-01
 3.545000E+02  1.509678E-04  5.659314E-05  3.940488E-05  8.669255E-04  3.693757E-02  1.733490E-03  2.401332E-02  9.362017E-01
 3.550000E+02  1.538558E-04  5.826406E-05  4.047788E-05  8.825008E-04  3.760294E-02  1.767073E-03  2.433737E-02  9.351575E-01
 3.555000E+02  1.567915E-04  5.997959E-05  4.157692E-05  8.983063E-04  3.827807E-02  1.801191E-03  2.466452E-02  9.340996E-01
 3.560000E+02  1.597754E-04  6.174080E-05  4.270257E-05  9.143447E-04  3.896308E-02  1.835849E-03  2.499477E-02  9.330277E-01
 3.565000E+02  1.628084E-04  6.354876E-05  4.385537E-05  9.306184E-04  3.965804E-02  1.871054E-03  2.532813E-02  9.319419E-01
 3.570000E+02  1.658910E-04  6.540459E-05  4.503589E-05  9.471300E-04  4.036308E-02  1.906811E-03  2.566461E-02  9.308420E-01
 3.575000E+02  1.690239E-04  6.730941E-05  4.624471E-05  9.638819E-04  4.107829E-02  1.943127E-03  2.600422E-02  9.297279E-01
 3.580000E+02  1.722079E-04  6.926437E-05  4.748243E-05  9.808768E-04  4.180377E-02  1.980008E-03  2.634696E-02  9.285994E-01
 3.585000E+02  1.754436E-04  7.127065E-05  4.874963E-05  9.981171E-04  4.253963E-02  2.017460E-03  2.669283E-02  9.274565E-01
 3.590000E+02  1.787318E-04  7.332944E-05  5.004693E-05  1.015606E-03  4.328596E-02  2.055489E-03  2.704184E-02  9.262990E-01
 3.595000E+02  1.820731E-04  7.544196E-05  5.137495E-05  1.033345E-03  4.404287E-02  2.094101E-03  2.739400E-02  9.251268E-01
 3.600000E+02  1.854683E-04  7.760947E-05  5.273432E-05  1.051337E-03  4.481046E-02  2.133304E-03  2.774931E-02  9.239398E-01
 3.605000E+02  1.889181E-04  7.983323E-05  5.412568E-05  1.069585E-03  4.558884E-02  2.173101E-03  2.810778E-02  9.227378E-01
 3.610000E+02  1.924233E-04  8.211454E-05  5.554967E-05  1.088092E-03  4.637810E-02  2.213501E-03  2.846940E-02  9.215208E-01
 3.615000E+02  1.959846E-04  8.445472E-05  5.700697E-05  1.106860E-03  4.717836E-02  2.254509E-03  2.883417E-02  9.202887E-01
 3.620000E+02  1.996028E-04  8.685513E-05  5.849824E-05  1.125891E-03  4.798970E-02  2.296131E-03  2.920211E-02  9.190412E-01
 3.625000E+02  2.032786E-04  8.931713E-05  6.002417E-05  1.145189E-03  4.881225E-02  2.338374E-03  2.957322E-02  9.177784E-01
 3.630000E+02  2.070129E-04  9.184215E-05  6.158545E-05  1.164756E-03  4.964609E-02  2.381243E-03  2.994748E-02  9.165000E-01
 3.635000E+02  2.108063E-04  9.443159E-05  6.318279E-05  1.184594E-03  5.049133E-02  2.424745E-03  3.032491E-02  9.152060E-01
 3.640000E+02  2.146598E-04  9.708693E-05  6.481692E-05  1.204707E-03  5.134807E-02  2.468887E-03  3.070550E-02  9.138963E-01
 3.645000E+02  2.185740E-04  9.980966E-05  6.648855E-05  1.225097E-03  5.221642E-02  2.513673E-03  3.108926E-02  9.125707E-01
 3.650000E+02  2.225499E-04  1.026013E-04  6.819843E-05  1.245766E-03  5.309648E-02  2.559111E-03  3.147617E-02  9.112291E-01
 3.655000E+02  2.265881E-04  1.054634E-04  6.994732E-05  1.266718E-03  5.398836E-02  2.605207E-03  3.186624E-02  9.098715E-01
 3.660000E+02  2.306897E-04  1.083975E-04  7.173598E-05  1.287955E-03  5.489214E-02  2.651966E-03  3.225948E-02  9.084976E-01
 3.665000E+02  2.348553E-04  1.114052E-04  7.356519E-05  1.309479E-03  5.580794E-02  2.699396E-03  3.265586E-02  9.071075E-01
 3.670000E+02  2.390859E-04  1.144882E-04  7.543574E-05  1.331294E-03  5.673586E-02  2.747501E-03  3.305539E-02  9.057009E-01
 3.675000E+02  2.433823E-04  1.176481E-04  7.734843E-05  1.353402E-03  5.767599E-02  2.796289E-03  3.345807E-02  9.042779E-01
 3.680000E+02  2.477453E-04  1.208867E-04  7.930407E-05  1.375806E-03  5.862845E-02  2.845765E-03  3.386388E-02  9.028382E-01
 3.685000E+02  2.521759E-04  1.242056E-04  8.130351E-05  1.398508E-03  5.959333E-02  2.895935E-03  3.427283E-02  9.013817E-01
 3.690000E+02  2.566749E-04  1.276067E-04  8.334756E-05  1.421512E-03  6.057072E-02  2.946806E-03  3.468491E-02  8.999084E-01
 3.695000E+02  2.612432E-04  1.310917E-04  8.543710E-05  1.444819E-03  6.156074E-02  2.998383E-03  3.510010E-02  8.984182E-01
 3.700000E+02  2.658818E-04  1.346625E-04  8.757299E-05  1.468433E-03  6.256349E-02  3.050673E-03  3.551841E-02  8.969109E-01
 3.705000E+02  2.705915E-04  1.383209E-04  8.975610E-05  1.492357E-03  6.357905E-02  3.103681E-03  3.593982E-02  8.953864E-01
 3.710000E+02  2.753732E-04  1.420689E-04  9.198733E-05  1.516592E-03  6.460753E-02  3.157413E-03  3.636432E-02  8.938447E-01
 3.715000E+02  2.802280E-04  1.459084E-04  9.426759E-05  1.541142E-03  6.564904E-02  3.211876E-03  3.679190E-02  8.922856E-01
 3.720000E+02  2.851567E-04  1.498413E-04  9.659780E-05  1.566010E-03  6.670365E-02  3.267075E-03  3.722256E-02  8.907091E-01
 3.725000E+02  2.901603E-04  1.538697E-04  9.897889E-05  1.591198E-03  6.777149E-02  3.323016E-03  3.765627E-02  8.891150E-01
 3.730000E+02  2.952397E-04  1.579956E-04  1.014118E-04  1.616708E-03  6.885263E-02  3.379704E-03  3.809303E-02  8.875033E-01
 3.735000E+02  3.003960E-04  1.622211E-04  1.038975E-04  1.642545E-03  6.994718E-02  3.437146E-03  3.853283E-02  8.858738E-01
 3.740000E+02  3.056301E-04  1.665484E-04  1.064370E-04  1.668709E-03  7.105523E-02  3.495347E-03  3.897565E-02  8.842264E-01
 3.745000E+02  3.109430E-04  1.709795E-04  1.090312E-04  1.695205E-03  7.217689E-02  3.554313E-03  3.942147E-02  8.825612E-01
 3.750000E+02  3.163358E-04  1.755168E-04  1.116812E-04  1.722034E-03  7.331223E-02  3.614050E-03  3.987028E-02  8.808779E-01
 3.755000E+02  3.218094E-04  1.801623E-04  1.143880E-04  1.749200E-03  7.446136E-02  3.674562E-03  4.032206E-02  8.791765E-01
 3.760000E+02  3.273648E-04  1.849185E-04  1.171526E-04  1.776704E-03  7.562436E-02  3.735856E-03  4.077680E-02  8.774568E-01
 3.765000E+02  3.330031E-04  1.897876E-04  1.199761E-04  1.804551E-03  7.680133E-02  3.797937E-03  4.123448E-02  8.757189E-01
 3.770000E+02  3.387254E-04  1.947721E-04  1.228595E-04  1.832742E-03  7.799237E-02  3.860810E-03  4.169508E-02  8.739626E-01
 3.775000E+02  3.445327E-04  1.998742E-04  1.258039E-04  1.861280E-03  7.919755E-02  3.924481E-03  4.215857E-02  8.721879E-01
 3.780000E+02  3.504260E-04  2.050965E-04  1.288104E-04  1.890168E-03  8.041698E-02  3.988955E-03  4.262494E-02  8.703946E-01
 3.785000E+02  3.564065E-04  2.104415E-04  1.318801E-04  1.919408E-03  8.165073E-02  4.054236E-03  4.309417E-02  8.685827E-01
 3.790000E+02  3.624752E-04  2.159117E-04  1.350142E-04  1.949003E-03  8.289889E-02  4.120331E-03  4.356624E-02  8.667521E-01
 3.795000E+02  3.686333E-04  2.215096E-04  1.382137E-04  1.978956E-03  8.416155E-02  4.187244E-03  4.404111E-02  8.649028E-01
 3.800000E+02  3.748819E-04  2.272380E-04  1.414798E-04  2.009269E-03  8.543880E-02  4.254979E-03  4.451877E-02  8.630346E-01
 3.805000E+02  3.812220E-04  2.330994E-04  1.448138E-04  2.039945E-03  8.673071E-02  4.323543E-03  4.499919E-02  8.611475E-01
 3.810000E+02  3.876549E-04  2.390966E-04  1.482167E-04  2.070986E-03  8.803738E-02  4.392939E-03  4.548235E-02  8.592414E-01
 3.815000E+02  3.941816E-04  2.452324E-04  1.516898E-04  2.102396E-03  8.935887E-02  4.463173E-03  4.596821E-02  8.573162E-01
 3.820000E+02  4.008033E-04  2.515095E-04  1.552343E-04  2.134176E-03  9.069528E-02  4.534249E-03  4.645675E-02  8.553720E-01
 3.825000E+02  4.075212E-04  2.579309E-04  1.588514E-04  2.166329E-03  9.204667E-02  4.606171E-03  4.694794E-02  8.534086E-01
 3.830000E+02  4.143365E-04  2.644994E-04  1.625424E-04  2.198858E-03  9.341313E-02  4.678944E-03  4.744176E-02  8.514259E-01
 3.835000E+02  4.212504E-04  2.712180E-04  1.663086E-04  2.231765E-03  9.479474E-02  4.752572E-03  4.793816E-02  8.494240E-01
 3.840000E+02  4.282640E-04  2.780898E-04  1.701512E-04  2.265053E-03  9.619155E-02  4.827059E-03  4.843713E-02  8.474027E-01
 3.845000E+02  4.353786E-04  2.851177E-04  1.740715E-04  2.298724E-03  9.760366E-02  4.902410E-03  4.893861E-02  8.453620E-01
 3.850000E+02  4.425955E-04  2.923049E-04  1.780709E-04  2.332781E-03  9.903112E-02  4.978628E-03  4.944259E-02  8.433019E-01
 3.855000E+02  4.499158E-04  2.996545E-04  1.821506E-04  2.367225E-03  1.004740E-01  5.055717E-03  4.994903E-02  8.412223E-01
 3.860000E+02  4.573408E-04  3.071698E-04  1.863121E-04  2.402060E-03  1.019324E-01  5.133681E-03  5.045789E-02  8.391231E-01
 3.865000E+02  4.648717E-04  3.148540E-04  1.905566E-04  2.437288E-03  1.034064E-01  5.212524E-03  5.096913E-02  8.370044E-01
 3.870000E+02  4.725099E-04  3.227105E-04  1.948856E-04  2.472911E-03  1.048959E-01  5.292249E-03  5.148272E-02  8.348661E-01
 3.875000E+02  4.802566E-04  3.307426E-04  1.993005E-04  2.508932E-03  1.064012E-01  5.372860E-03  5.199862E-02  8.327081E-01
 3.880000E+02  4.881132E-04  3.389538E-04  2.038027E-04  2.545353E-03  1.079222E-01  5.454359E-03  5.251679E-02  8.305304E-01
 3.885000E+02  4.960809E-04  3.473475E-04  2.083935E-04  2.582176E-03  1.094590E-01  5.536750E-03  5.303718E-02  8.283330E-01
 3.890000E+02  5.041610E-04  3.559273E-04  2.130745E-04  2.619403E-03  1.110117E-01  5.620036E-03  5.355976E-02  8.261159E-01
 3.895000E+02  5.123549E-04  3.646968E-04  2.178472E-04  2.657037E-03  1.125803E-01  5.704220E-03  5.408448E-02  8.238790E-01
 3.900000E+02  5.206640E-04  3.736596E-04  2.227129E-04  2.695080E-03  1.141649E-01  5.789304E-03  5.461130E-02  8.216224E-01
 3.905000E+02  5.290895E-04  3.828195E-04  2.276733E-04  2.733533E-03  1.157655E-01  5.875291E-03  5.514018E-02  8.193459E-01
 3.910000E+02  5.376329E-04  3.921803E-04  2.327297E-04  2.772400E-03  1.173822E-01  5.962183E-03  5.567106E-02  8.170497E-01
 3.915000E+02  5.462956E-04  4.017457E-04  2.378839E-04  2.811683E-03  1.190149E-01  6.049983E-03  5.620391E-02  8.147336E-01
 3.920000E+02  5.550789E-04  4.115197E-04  2.431372E-04  2.851383E-03  1.206639E-01  6.138692E-03  5.673867E-02  8.123976E-01
 3.925000E+02  5.639843E-04  4.215062E-04  2.484913E-04  2.891502E-03  1.223290E-01  6.228313E-03  5.727529E-02  8.100419E-01
 3.930000E+02  5.730131E-04  4.317093E-04  2.539477E-04  2.932042E-03  1.240104E-01  6.318847E-03  5.781373E-02  8.076663E-01
 3.935000E+02  5.821668E-04  4.421330E-04  2.595082E-04  2.973006E-03  1.257081E-01  6.410296E-03  5.835393E-02  8.052709E-01
 3.940000E+02  5.914468E-04  4.527815E-04  2.651741E-04  3.014396E-03  1.274220E-01  6.502661E-03  5.889584E-02  8.028557E-01
 3.945000E+02  6.008547E-04  4.636589E-04  2.709473E-04  3.056212E-03  1.291524E-01  6.595944E-03  5.943941E-02  8.004206E-01
 3.950000E+02  6.103918E-04  4.747696E-04  2.768294E-04  3.098458E-03  1.308991E-01  6.690146E-03  5.998459E-02  7.979658E-01
 3.955000E+02  6.200596E-04  4.861178E-04  2.828220E-04  3.141134E-03  1.326621E-01  6.785267E-03  6.053131E-02  7.954911E-01
 3.960000E+02  6.298597E-04  4.977080E-04  2.889268E-04  3.184243E-03  1.344417E-01  6.881308E-03  6.107953E-02  7.929968E-01
 3.965000E+02  6.397935E-04  5.095447E-04  2.951456E-04  3.227787E-03  1.362376E-01  6.978270E-03  6.162918E-02  7.904827E-01
 3.970000E+02  6.498625E-04  5.216323E-04  3.014800E-04  3.271766E-03  1.380500E-01  7.076153E-03  6.218021E-02  7.879489E-01
 3.975000E+02  6.600683E-04  5.339754E-04  3.079318E-04  3.316183E-03  1.398789E-01  7.174957E-03  6.273256E-02  7.853954E-01
 3.980000E+02  6.704125E-04  5.465788E-04  3.145028E-04  3.361040E-03  1.417243E-01  7.274682E-03  6.328616E-02  7.828223E-01
 3.985000E+02  6.808965E-04  5.594472E-04  3.211946E-04  3.406337E-03  1.435862E-01  7.375328E-03  6.384096E-02  7.802296E-01
 3.990000E+02  6.915219E-04  5.725853E-04  3.280092E-04  3.452076E-03  1.454646E-01  7.476894E-03  6.439689E-02  7.776174E-01
 3.995000E+02  7.022903E-04  5.859980E-04  3.349483E-04  3.498260E-03  1.473595E-01  7.579380E-03  6.495390E-02  7.749857E-01
 4.000000E+02  7.132033E-04  5.996904E-04  3.420137E-04  3.544888E-03  1.492709E-01  7.682785E-03  6.551191E-02  7.723346E-01
 4.005000E+02  7.242625E-04  6.136673E-04  3.492074E-04  3.591962E-03  1.511988E-01  7.787107E-03  6.607086E-02  7.696641E-01
 4.010000E+02  7.354694E-04  6.279338E-04  3.565310E-04  3.639485E-03  1.531433E-01  7.892346E-03  6.663069E-02  7.669743E-01
 4.015000E+02  7.468258E-04  6.424952E-04  3.639866E-04  3.687456E-03  1.551042E-01  7.998499E-03  6.719132E-02  7.642652E-01
 4.020000E+02  7.583333E-04  6.573566E-04  3.715759E-04  3.735877E-03  1.570816E-01  8.105566E-03  6.775270E-02  7.615370E-01
 4.025000E+02  7.699934E-04  6.725234E-04  3.793010E-04  3.784750E-03  1.590755E-01  8.213543E-03  6.831474E-02  7.587897E-01
 4.030000E+02  7.818079E-04  6.880009E-04  3.871637E-04  3.834074E-03  1.610858E-01  8.322429E-03  6.887739E-02  7.560233E-01
 4.035000E+02  7.937784E-04  7.037946E-04  3.951660E-04  3.883852E-03  1.631126E-01  8.432221E-03  6.944056E-02  7.532381E-01
 4.040000E+02  8.059066E-04  7.199099E-04  4.033098E-04  3.934084E-03  1.651557E-01  8.542918E-03  7.000419E-02  7.504340E-01
 4.045000E+02  8.181942E-04  7.363525E-04  4.115970E-04  3.984771E-03  1.672152E-01  8.654514E-03  7.056821E-02  7.476111E-01
 4.050000E+02  8.306428E-04  7.531281E-04  4.200298E-04  4.035913E-03  1.692911E-01  8.767009E-03  7.113253E-02  7.447696E-01
 4.055000E+02  8.432543E-04  7.702424E-04  4.286101E-04  4.087512E-03  1.713833E-01  8.880397E-03  7.169709E-02  7.419096E-01
 4.060000E+02  8.560302E-04  7.877011E-04  4.373398E-04  4.139569E-03  1.734917E-01  8.994676E-03  7.226182E-02  7.390312E-01
 4.065000E+02  8.689725E-04  8.055103E-04  4.462211E-04  4.192083E-03  1.756163E-01  9.109841E-03  7.282663E-02  7.361344E-01
 4.070000E+02  8.820827E-04  8.236759E-04  4.552559E-04  4.245055E-03  1.777572E-01  9.225889E-03  7.339144E-02  7.332194E-01
 4.075000E+02  8.953627E-04  8.422039E-04  4.644464E-04  4.298486E-03  1.799141E-01  9.342815E-03  7.395619E-02  7.302864E-01
 4.080000E+02  9.088141E-04  8.611005E-04  4.737946E-04  4.352376E-03  1.820871E-01  9.460615E-03  7.452078E-02  7.273354E-01
 4.085000E+02  9.224389E-04  8.803719E-04  4.833026E-04  4.406725E-03  1.842761E-01  9.579283E-03  7.508515E-02  7.243666E-01
 4.090000E+02  9.362388E-04  9.000244E-04  4.929726E-04  4.461534E-03  1.864811E-01  9.698814E-03  7.564921E-02  7.213801E-01
 4.095000E+02  9.502155E-04  9.200643E-04  5.028065E-04  4.516803E-03  1.887019E-01  9.819203E-03  7.621288E-02  7.183761E-01
 4.100000E+02  9.643709E-04  9.404980E-04  5.128067E-04  4.572532E-03  1.909386E-01  9.940444E-03  7.677608E-02  7.153547E-01
 4.105000E+02  9.787068E-04  9.613322E-04  5.229751E-04  4.628721E-03  1.931910E-01  1.006253E-02  7.733873E-02  7.123160E-01
 4.110000E+02  9.932250E-04  9.825735E-04  5.333141E-04  4.685370E-03  1.954590E-01  1.018546E-02  7.790074E-02  7.092603E-01
 4.115000E+02  1.007927E-03  1.004228E-03  5.438256E-04  4.742478E-03  1.977427E-01  1.030922E-02  7.846203E-02  7.061876E-01
 4.120000E+02  1.022816E-03  1.026304E-03  5.545121E-04  4.800046E-03  2.000418E-01  1.043381E-02  7.902251E-02  7.030982E-01
 4.125000E+02  1.037892E-03  1.048807E-03  5.653755E-04  4.858073E-03  2.023563E-01  1.055922E-02  7.958211E-02  6.999922E-01
 4.130000E+02  1.053158E-03  1.071744E-03  5.764182E-04  4.916558E-03  2.046861E-01  1.068544E-02  8.014073E-02  6.968699E-01
 4.135000E+02  1.068615E-03  1.095122E-03  5.876424E-04  4.975502E-03  2.070311E-01  1.081246E-02  8.069829E-02  6.937312E-01
 4.140000E+02  1.084266E-03  1.118949E-03  5.990503E-04  5.034904E-03  2.093913E-01  1.094028E-02  8.125470E-02  6.905766E-01
 4.145000E+02  1.100113E-03  1.143231E-03  6.106442E-04  5.094763E-03  2.117664E-01  1.106890E-02  8.180988E-02  6.874061E-01
 4.150000E+02  1.116156E-03  1.167976E-03  6.224263E-04  5.155079E-03  2.141564E-01  1.119829E-02  8.236374E-02  6.842199E-01
 4.155000E+02  1.132399E-03  1.193191E-03  6.343989E-04  5.215850E-03  2.165612E-01  1.132845E-02  8.291619E-02  6.810183E-01
 4.160000E+02  1.148843E-03  1.218884E-03  6.465642E-04  5.277076E-03  2.189806E-01  1.145938E-02  8.346714E-02  6.778015E-01
 4.165000E+02  1.165489E-03  1.245062E-03  6.589246E-04  5.338755E-03  2.214146E-01  1.159106E-02  8.401650E-02  6.745696E-01
 4.170000E+02  1.182341E-03  1.271732E-03  6.714824E-04  5.400887E-03  2.238630E-01  1.172349E-02  8.456419E-02  6.713229E-01
 4.175000E+02  1.199399E-03  1.298903E-03  6.842398E-04  5.463471E-03  2.263256E-01  1.185665E-02  8.511011E-02  6.680616E-01
 4.180000E+02  1.216667E-03  1.326583E-03  6.971992E-04  5.526505E-03  2.288024E-01  1.199054E-02  8.565418E-02  6.647859E-01
 4.185000E+02  1.234145E-03  1.354778E-03  7.103630E-04  5.589988E-03  2.312932E-01  1.212514E-02  8.619631E-02  6.614961E-01
 4.190000E+02  1.251835E-03  1.383497E-03  7.237334E-04  5.653919E-03  2.337978E-01  1.226045E-02  8.673640E-02  6.581924E-01
 4.195000E+02  1.269741E-03  1.412748E-03  7.373128E-04  5.718295E-03  2.363161E-01  1.239644E-02  8.727436E-02  6.548750E-01
 4.200000E+02  1.287862E-03  1.442539E-03  7.511036E-04  5.783116E-03  2.388480E-01  1.253313E-02  8.781011E-02  6.515442E-01
 4.205000E+02  1.306203E-03  1.472878E-03  7.651081E-04  5.848379E-03  2.413933E-01  1.267048E-02  8.834355E-02  6.482001E-01
 4.210000E+02  1.324764E-03  1.503773E-03  7.793287E-04  5.914084E-03  2.439518E-01  1.280849E-02  8.887460E-02  6.448432E-01
 4.215000E+02  1.343547E-03  1.535234E-03  7.937677E-04  5.980227E-03  2.465233E-01  1.294715E-02  8.940316E-02  6.414736E-01
 4.220000E+02  1.362555E-03  1.567268E-03  8.084276E-04  6.046807E-03  2.491078E-01  1.308644E-02  8.992914E-02  6.380916E-01
 4.225000E+02  1.381790E-03  1.599883E-03  8.233107E-04  6.113823E-03  2.517050E-01  1.322636E-02  9.045245E-02  6.346974E-01
 4.230000E+02  1.401253E-03  1.633089E-03  8.384194E-04  6.181271E-03  2.543147E-01  1.336689E-02  9.097300E-02  6.312914E-01
 4.235000E+02  9.910277E-01  8.934490E-03  3.516814E-05  1.978291E-06  6.250998E-07  2.525622E-10  1.314642E-11  6.933566E-13
 4.240000E+02  9.910771E-01  8.885966E-03  3.447812E-05  1.902587E-06  5.936068E-07  2.370318E-10  1.213211E-11  6.252550E-13
 4.245000E+02  9.911260E-01  8.837831E-03  3.380328E-05  1.829952E-06  5.637708E-07  2.224907E-10  1.119824E-11  5.639823E-13
 4.250000E+02  9.911745E-01  8.790082E-03  3.314325E-05  1.760255E-06  5.355012E-07  2.088736E-10  1.033825E-11  5.088401E-13
 4.255000E+02  9.912226E-01  8.742716E-03  3.249768E-05  1.693371E-06  5.087123E-07  1.961199E-10  9.546153E-12  4.592026E-13
 4.260000E+02  9.912703E-01  8.695728E-03  3.186623E-05  1.629180E-06  4.833234E-07  1.841730E-10  8.816436E-12  4.145091E-13
 4.265000E+02  9.913176E-01  8.649115E-03  3.124854E-05  1.567568E-06  4.592582E-07  1.729802E-10  8.144060E-12  3.742573E-13
 4.270000E+02  9.913645E-01  8.602874E-03  3.064429E-05  1.508425E-06  4.364449E-07  1.624921E-10  7.524398E-12  3.379967E-13
 4.275000E+02  9.914111E-01  8.556999E-03  3.005316E-05  1.451647E-06  4.148156E-07  1.526630E-10  6.953207E-12  3.053235E-13
 4.280000E+02  9.914572E-01  8.511488E-03  2.947484E-05  1.397135E-06  3.943064E-07  1.434500E-10  6.426596E-12  2.758757E-13
 4.285000E+02  9.915030E-01  8.466337E-03  2.890901E-05  1.344793E-06  3.748568E-07  1.348131E-10  5.940990E-12  2.493283E-13
 4.290000E+02  9.915485E-01  8.421543E-03  2.835539E-05  1.294530E-06  3.564097E-07  1.267152E-10  5.493113E-12  2.253898E-13
 4.295000E+02  9.915935E-01  8.377102E-03  2.781367E-05  1.246259E-06  3.389114E-07  1.191215E-10  5.079953E-12  2.037987E-13
 4.300000E+02  9.916382E-01  8.333011E-03  2.728359E-05  1.199896E-06  3.223111E-07  1.119994E-10  4.698748E-12  1.843199E-13
 4.305000E+02  9.916825E-01  8.289266E-03  2.676485E-05  1.155363E-06  3.065606E-07  1.053187E-10  4.346959E-12  1.667426E-13
 4.310000E+02  9.917265E-01  8.245863E-03  2.625721E-05  1.112582E-06  2.916147E-07  9.905107E-11  4.022256E-12  1.508774E-13
 4.315000E+02  9.917701E-01  8.202800E-03  2.576039E-05  1.071482E-06  2.774305E-07  9.317012E-11  3.722496E-12  1.365541E-13
 4.320000E+02  9.918134E-01  8.160073E-03  2.527414E-05  1.031992E-06  2.639676E-07  8.765115E-11  3.445712E-12  1.236197E-13
 4.325000E+02  9.918563E-01  8.117679E-03  2.479821E-05  9.940465E-07  2.511878E-07  8.247113E-11  3.190094E-12  1.119368E-13
 4.330000E+02  9.918989E-01  8.075615E-03  2.433236E-05  9.575811E-07  2.390549E-07  7.760851E-11  2.953981E-12  1.013817E-13
 4.335000E+02  9.919411E-01  8.033877E-03  2.387636E-05  9.225349E-07  2.275348E-07  7.304318E-11  2.735844E-12  9.184342E-14
 4.340000E+02  9.919830E-01  7.992462E-03  2.342997E-05  8.888499E-07  2.165953E-07  6.875632E-11  2.534276E-12  8.322188E-14
 4.345000E+02  9.920246E-01  7.951368E-03  2.299298E-05  8.564700E-07  2.062058E-07  6.473036E-11  2.347985E-12  7.542717E-14
 4.350000E+02  9.920658E-01  7.910590E-03  2.256516E-05  8.253421E-07  1.963376E-07  6.094888E-11  2.175782E-12  6.837834E-14
 4.355000E+02  9.921067E-01  7.870127E-03  2.214630E-05  7.954149E-07  1.869632E-07  5.739651E-11  2.016571E-12  6.200253E-14
 4.360000E+02  9.921473E-01  7.829974E-03  2.173620E-05  7.666397E-07  1.780571E-07  5.405888E-11  1.869347E-12  5.623413E-14
 4.365000E+02  9.921876E-01  7.790130E-03  2.133465E-05  7.389695E-07  1.695948E-07  5.092256E-11  1.733181E-12  5.101408E-14
 4.370000E+02  9.922276E-01  7.750590E-03  2.094145E-05  7.123596E-07  1.615532E-07  4.797499E-11  1.607221E-12  4.628915E-14
 4.375000E+02  9.922672E-01  7.711353E-03  2.055642E-05  6.867671E-07  1.539105E-07  4.520440E-11  1.490680E-12  4.201140E-14
 4.380000E+02  9.923066E-01  7.672415E-03  2.017937E-05  6.621510E-07  1.466462E-07  4.259981E-11  1.382834E-12  3.813762E-14
 4.385000E+02  9.923456E-01  7.633773E-03  1.981011E-05  6.384718E-07  1.397406E-07  4.015090E-11  1.283018E-12  3.462885E-14
 4.390000E+02  9.923844E-01  7.595425E-03  1.944846E-05  6.156919E-07  1.331752E-07  3.784806E-11  1.190616E-12  3.144998E-14
 4.395000E+02  9.924228E-01  7.557368E-03  1.909426E-05  5.937753E-07  1.269327E-07  3.568226E-11  1.105063E-12  2.856934E-14
 4.400000E+02  9.924610E-01  7.519598E-03  1.874733E-05  5.726874E-07  1.209964E-07  3.364506E-11  1.025836E-12  2.595835E-14
 4.405000E+02  9.924988E-01  7.482114E-03  1.840752E-05  5.523950E-07  1.153507E-07  3.172855E-11  9.524563E-13  2.359124E-14
 4.410000E+02  9.925364E-01  7.444913E-03  1.807465E-05  5.328666E-07  1.099808E-07  2.992533E-11  8.844788E-13  2.144475E-14
 4.415000E+02  9.925736E-01  7.407991E-03  1.774857E-05  5.140717E-07  1.048725E-07  2.822847E-11  8.214952E-13  1.949789E-14
 4.420000E+02  9.926106E-01  7.371347E-03  1.742912E-05  4.959812E-07  1.000126E-07  2.663147E-11  7.631283E-13  1.773168E-14
 4.425000E+02  9.926473E-01  7.334977E-03  1.711617E-05  4.785672E-07  9.538845E-08  2.512824E-11  7.090304E-13  1.612901E-14
 4.430000E+02  9.926838E-01  7.298880E-03  1.680956E-05  4.618031E-07  9.098817E-08  2.371309E-11  6.588805E-13  1.467441E-14
 4.435000E+02  9.927199E-01  7.263052E-03  1.650915E-05  4.456630E-07  8.680042E-08  2.238067E-11  6.123823E-13  1.335392E-14
 4.440000E+02  9.927558E-01  7.227491E-03  1.621480E-05  4.301226E-07  8.281450E-08  2.112597E-11  5.692625E-13  1.215490E-14
 4.445000E+02  9.927914E-01  7.192194E-03  1.592638E-05  4.151582E-07  7.902026E-08  1.994429E-11  5.292688E-13  1.106594E-14
 4.450000E+02  9.928267E-01  7.157160E-03  1.564376E-05  4.007473E-07  7.540807E-08  1.883123E-11  4.921681E-13  1.007672E-14
 4.455000E+02  9.928618E-01  7.122385E-03  1.536680E-05  3.868683E-07  7.196882E-08  1.778267E-11  4.577453E-13  9.177907E-15
 4.460000E+02  9.928966E-01  7.087868E-03  1.509538E-05  3.735004E-07  6.869386E-08  1.679473E-11  4.258017E-13  8.361065E-15
 4.465000E+02  9.929311E-01  7.053605E-03  1.482938E-05  3.606237E-07  6.557501E-08  1.586379E-11  3.961536E-13  7.618555E-15
 4.470000E+02  9.929654E-01  7.019595E-03  1.456868E-05  3.482191E-07  6.260449E-08  1.498643E-11  3.686315E-13  6.943466E-15
 4.475000E+02  9.929995E-01  6.985835E-03  1.431315E-05  3.362683E-07  5.977495E-08  1.415947E-11  3.430785E-13  6.329546E-15
 4.480000E+02  9.930332E-01  6.952322E-03  1.406270E-05  3.247538E-07  5.707939E-08  1.337989E-11  3.193498E-13  5.771130E-15
 4.485000E+02  9.930668E-01  6.919056E-03  1.381720E-05  3.136587E-07  5.451119E-08  1.264490E-11  2.973114E-13  5.263094E-15
 4.490000E+02  9.931000E-01  6.886032E-03  1.357655E-05  3.029669E-07  5.206407E-08  1.195184E-11  2.768395E-13  4.800792E-15
 4.495000E+02  9.931331E-01  6.853250E-03  1.334064E-05  2.926629E-07  4.973207E-08  1.129824E-11  2.578197E-13  4.380018E-15
 4.500000E+02  9.931659E-01  6.820706E-03  1.310937E-05  2.827317E-07  4.750953E-08  1.068177E-11  2.401458E-13  3.996960E-15
 4.505000E+02  9.931984E-01  6.788399E-03  1.288264E-05  2.731592E-07  4.539109E-08  1.010024E-11  2.237201E-13  3.648165E-15
 4.510000E+02  9.932307E-01  6.756327E-03  1.266035E-05  2.639315E-07  4.337166E-08  9.551602E-12  2.084518E-13  3.330500E-15
 4.515000E+02  9.932628E-01  6.724487E-03  1.244240E-05  2.550357E-07  4.144640E-08  9.033927E-12  1.942570E-13  3.041127E-15
 4.520000E+02  9.932946E-01  6.692877E-03  1.222869E-05  2.464590E-07  3.961072E-08  8.545405E-12  1.810580E-13  2.777470E-15
 4.525000E+02  9.933262E-01  6.661495E-03  1.201915E-05  2.381893E-07  3.786028E-08  8.084332E-12  1.687831E-13  2.537194E-15
 4.530000E+02  9.933576E-01  6.630339E-03  1.181367E-05  2.302151E-07  3.619093E-08  7.649111E-12  1.573657E-13  2.318181E-15
 4.535000E+02  9.933887E-01  6.599407E-03  1.161217E-05  2.225250E-07  3.459875E-08  7.238238E-12  1.467440E-13  2.118506E-15
 4.540000E+02  9.934196E-01  6.568698E-03  1.141457E-05  2.151085E-07  3.308002E-08  6.850302E-12  1.368612E-13  1.936425E-15
 4.545000E+02  9.934503E-01  6.538208E-03  1.122077E-05  2.079552E-07  3.163120E-08  6.483974E-12  1.276642E-13  1.770354E-15
 4.550000E+02  9.934808E-01  6.507936E-03  1.103071E-05  2.010553E-07  3.024892E-08  6.138008E-12  1.191041E-13  1.618854E-15
 4.555000E+02  9.935111E-01  6.477881E-03  1.084430E-05  1.943992E-07  2.892999E-08  5.811230E-12  1.111356E-13  1.480618E-15
 4.560000E+02  9.935411E-01  6.448039E-03  1.066145E-05  1.879778E-07  2.767137E-08  5.502535E-12  1.037165E-13  1.354458E-15
 4.565000E+02  9.935709E-01  6.418410E-03  1.048211E-05  1.817823E-07  2.647019E-08  5.210887E-12  9.680793E-14  1.239298E-15
 4.570000E+02  9.936005E-01  6.388991E-03  1.030618E-05  1.758044E-07  2.532370E-08  4.935310E-12  9.037366E-14  1.134155E-15
 4.575000E+02  9.936299E-01  6.359780E-03  1.013361E-05  1.700359E-07  2.422931E-08  4.674884E-12  8.438020E-14  1.038140E-15
 4.580000E+02  9.936591E-01  6.330776E-03  9.964316E-06  1.644691E-07  2.318453E-08  4.428747E-12  7.879648E-14  9.504426E-16
 4.585000E+02  9.936880E-01  6.301977E-03  9.798232E-06  1.590965E-07  2.218702E-08  4.196084E-12  7.359365E-14  8.703258E-16
 4.590000E+02  9.937168E-01  6.273380E-03  9.635289E-06  1.539109E-07  2.123454E-08  3.976131E-12  6.874498E-14  7.971200E-16
 4.595000E+02  9.937454E-01  6.244985E-03  9.475423E-06  1.489055E-07  2.032496E-08  3.768168E-12  6.422565E-14  7.302155E-16
 4.600000E+02  9.937737E-01  6.216789E-03  9.318569E-06  1.440736E-07  1.945627E-08  3.571517E-12  6.001264E-14  6.690578E-16
 4.605000E+02  9.938019E-01  6.188790E-03  9.164664E-06  1.394088E-07  1.862655E-08  3.385539E-12  5.608457E-14  6.131423E-16
 4.610000E+02  9.938298E-01  6.160987E-03  9.013646E-06  1.349051E-07  1.783396E-08  3.209633E-12  5.242161E-14  5.620095E-16
 4.615000E+02  9.938576E-01  6.133378E-03  8.865455E-06  1.305565E-07  1.707677E-08  3.043234E-12  4.900533E-14  5.152411E-16
 4.620000E+02  9.938852E-01  6.105962E-03  8.720033E-06  1.263573E-07  1.635332E-08  2.885808E-12  4.581864E-14  4.724561E-16
 4.625000E+02  9.939125E-01  6.078736E-03  8.577322E-06  1.223022E-07  1.566205E-08  2.736854E-12  4.284563E-14  4.333077E-16
 4.630000E+02  9.939397E-01  6.051700E-03  8.437266E-06  1.183858E-07  1.500145E-08  2.595898E-12  4.007158E-14  3.974798E-16
 4.635000E+02  9.939667E-01  6.024850E-03  8.299810E-06  1.146032E-07  1.437011E-08  2.462495E-12  3.748275E-14  3.646843E-16
 4.640000E+02  9.939935E-01  5.998187E-03  8.164900E-06  1.109495E-07  1.376666E-08  2.336225E-12  3.506643E-14  3.346587E-16
 4.645000E+02  9.940201E-01  5.971707E-03  8.032485E-06  1.074201E-07  1.318982E-08  2.216691E-12  3.281077E-14  3.071639E-16
 4.650000E+02  9.940466E-01  5.945410E-03  7.902512E-06  1.040104E-07  1.263837E-08  2.103522E-12  3.070477E-14  2.819816E-16
 4.655000E+02  9.940728E-01  5.919294E-03  7.774932E-06  1.007162E-07  1.211112E-08  1.996364E-12  2.873820E-14  2.589129E-16
 4.660000E+02  9.940989E-01  5.893357E-03  7.649696E-06  9.753338E-08  1.160698E-08  1.894888E-12  2.690157E-14  2.377764E-16
 4.665000E+02  9.941248E-01  5.867597E-03  7.526755E-06  9.445785E-08  1.112487E-08  1.798779E-12  2.518602E-14  2.184065E-16
 4.670000E+02  9.941505E-01  5.842015E-03  7.406064E-06  9.148582E-08  1.066380E-08  1.707744E-12  2.358334E-14  2.006522E-16
 4.675000E+02  9.941760E-01  5.816606E-03  7.287577E-06  8.861359E-08  1.022280E-08  1.621505E-12  2.208588E-14  1.843757E-16
 4.680000E+02  9.942014E-01  5.791371E-03  7.171248E-06  8.583761E-08  9.800966E-09  1.539798E-12  2.068652E-14  1.694511E-16
 4.685000E+02  9.942265E-01  5.766308E-03  7.057033E-06  8.315446E-08  9.397414E-09  1.462378E-12  1.937864E-14  1.557636E-16
 4.690000E+02  9.942516E-01  5.741415E-03  6.944892E-06  8.056085E-08  9.011321E-09  1.389009E-12  1.815608E-14  1.432083E-16
 4.695000E+02  9.942764E-01  5.716690E-03  6.834780E-06  7.805361E-08  8.641895E-09  1.319473E-12  1.701311E-14  1.316894E-16
 4.700000E+02  9.943011E-01  5.692133E-03  6.726658E-06  7.562969E-08  8.288383E-09  1.253561E-12  1.594439E-14  1.211192E-16
 4.705000E+02  9.943256E-01  5.667742E-03  6.620485E-06  7.328615E-08  7.950068E-09  1.191077E-12  1.494496E-14  1.114180E-16
 4.710000E+02  9.943499E-01  5.643515E-03  6.516223E-06  7.102016E-08  7.626265E-09  1.131837E-12  1.401017E-14  1.025126E-16
 4.715000E+02  9.943741E-01  5.619452E-03  6.413833E-06  6.882900E-08  7.316324E-09  1.075664E-12  1.313573E-14  9.433620E-17
 4.720000E+02  9.943981E-01  5.595550E-03  6.313278E-06  6.671005E-08  7.019623E-09  1.022395E-12  1.231762E-14  8.682775E-17
 4.725000E+02  9.944219E-01  5.571808E-03  6.214520E-06  6.466078E-08  6.735569E-09  9.718724E-13  1.155211E-14  7.993142E-17
 4.730000E+02  9.944456E-01  5.548225E-03  6.117525E-06  6.267876E-08  6.463599E-09  9.239504E-13  1.083570E-14  7.359615E-17
 4.735000E+02  9.944691E-01  5.524800E-03  6.022258E-06  6.076166E-08  6.203174E-09  8.784896E-13  1.016515E-14  6.777522E-17
 4.740000E+02  9.944925E-01  5.501531E-03  5.928683E-06  5.890720E-08  5.953780E-09  8.353586E-13  9.537436E-15  6.242591E-17
 4.745000E+02  9.945157E-01  5.478417E-03  5.836768E-06  5.711323E-08  5.714929E-09  7.944335E-13  8.949740E-15  5.750911E-17
 4.750000E+02  9.945387E-01  5.455457E-03  5.746480E-06  5.537764E-08  5.486154E-09  7.555970E-13  8.399431E-15  5.298903E-17
 4.755000E+02  9.945616E-01  5.432649E-03  5.657786E-06  5.369843E-08  5.267010E-09  7.187384E-13  7.884058E-15  4.883292E-17
 4.760000E+02  9.945844E-01  5.409992E-03  5.570656E-06  5.207364E-08  5.057071E-09  6.837530E-13  7.401334E-15  4.501078E-17
 4.765000E+02  9.946070E-01  5.387485E-03  5.485059E-06  5.050140E-08  4.855933E-09  6.505419E-13  6.949128E-15  4.149514E-17
 4.770000E+02  9.946294E-01  5.365127E-03  5.400964E-06  4.897991E-08  4.663210E-09  6.190116E-13  6.525451E-15  3.826084E-17
 4.775000E+02  9.946517E-01  5.342915E-03  5.318342E-06  4.750743E-08  4.478532E-09  5.890738E-13  6.128447E-15  3.528485E-17
 4.780000E+02  9.946739E-01  5.320850E-03  5.237164E-06  4.608228E-08  4.301548E-09  5.606448E-13  5.756387E-15  3.254604E-17
 4.785000E+02  9.946959E-01  5.298930E-03  5.157403E-06  4.470285E-08  4.131922E-09  5.336456E-13  5.407653E-15  3.002507E-17
 4.790000E+02  9.947177E-01  5.277153E-03  5.079031E-06  4.336757E-08  3.969333E-09  5.080015E-13  5.080739E-15  2.770419E-17
 4.795000E+02  9.947394E-01  5.255519E-03  5.002021E-06  4.207496E-08  3.813476E-09  4.836417E-13  4.774236E-15  2.556716E-17
 4.800000E+02  9.947610E-01  5.234025E-03  4.926345E-06  4.082355E-08  3.664058E-09  4.604996E-13  4.486831E-15  2.359906E-17
 4.805000E+02  9.947824E-01  5.212673E-03  4.851980E-06  3.961196E-08  3.520801E-09  4.385117E-13  4.217297E-15  2.178622E-17
 4.810000E+02  9.948037E-01  5.191459E-03  4.778899E-06  3.843884E-08  3.383438E-09  4.176182E-13  3.964488E-15  2.011610E-17
 4.815000E+02  9.948249E-01  5.170382E-03  4.707077E-06  3.730289E-08  3.251716E-09  3.977625E-13  3.727334E-15  1.857720E-17
 4.820000E+02  9.948459E-01  5.149443E-03  4.636491E-06  3.620286E-08  3.125391E-09  3.788911E-13  3.504836E-15  1.715897E-17
 4.825000E+02  9.948668E-01  5.128639E-03  4.567116E-06  3.513754E-08  3.004232E-09  3.609531E-13  3.296058E-15  1.585171E-17
 4.830000E+02  9.948875E-01  5.107969E-03  4.498930E-06  3.410578E-08  2.888017E-09  3.439007E-13  3.100130E-15  1.464654E-17
 4.835000E+02  9.949081E-01  5.087433E-03  4.431909E-06  3.310643E-08  2.776534E-09  3.276882E-13  2.916234E-15  1.353528E-17
 4.840000E+02  9.949286E-01  5.067029E-03  4.366032E-06  3.213843E-08  2.669583E-09  3.122728E-13  2.743610E-15  1.251046E-17
 4.845000E+02  9.949489E-01  5.046756E-03  4.301277E-06  3.120073E-08  2.566969E-09  2.976137E-13  2.581544E-15  1.156517E-17
 4.850000E+02  9.949691E-01  5.026613E-03  4.237622E-06  3.029232E-08  2.468508E-09  2.836722E-13  2.429370E-15  1.069311E-17
 4.855000E+02  9.949892E-01  5.006599E-03  4.175047E-06  2.941222E-08  2.374024E-09  2.704119E-13  2.286466E-15  9.888466E-18
 4.860000E+02  9.950091E-01  4.986713E-03  4.113530E-06  2.855951E-08  2.283349E-09  2.577981E-13  2.152249E-15  9.145895E-18
 4.865000E+02  9.950290E-01  4.966954E-03  4.053053E-06  2.773327E-08  2.196321E-09  2.457981E-13  2.026174E-15  8.460495E-18
 4.870000E+02  9.950487E-01  4.947321E-03  3.993595E-06  2.693262E-08  2.112786E-09  2.343807E-13  1.907732E-15  7.827758E-18
 4.875000E+02  9.950682E-01  4.927813E-03  3.935137E-06  2.615674E-08  2.032599E-09  2.235166E-13  1.796446E-15  7.243541E-18
 4.880000E+02  9.950877E-01  4.908428E-03  3.877661E-06  2.540479E-08  1.955617E-09  2.131779E-13  1.691870E-15  6.704032E-18
 4.885000E+02  9.951070E-01  4.889167E-03  3.821148E-06  2.467601E-08  1.881706E-09  2.033381E-13  1.593587E-15  6.205728E-18
 4.890000E+02  9.951262E-01  4.870027E-03  3.765580E-06  2.396962E-08  1.810739E-09  1.939722E-13  1.501205E-15  5.745404E-18
 4.895000E+02  9.951453E-01  4.851008E-03  3.710939E-06  2.328489E-08  1.742591E-09  1.850565E-13  1.414360E-15  5.320095E-18
 4.900000E+02  9.951642E-01  4.832110E-03  3.657208E-06  2.262113E-08  1.677146E-09  1.765684E-13  1.332708E-15  4.927073E-18
 4.905000E+02  9.951830E-01  4.813330E-03  3.604370E-06  2.197764E-08  1.614291E-09  1.684865E-13  1.255930E-15  4.563827E-18
 4.910000E+02  9.952018E-01  4.794668E-03  3.552409E-06  2.135377E-08  1.553918E-09  1.607908E-13  1.183725E-15  4.228047E-18
 4.915000E+02  9.952204E-01  4.776123E-03  3.501308E-06  2.074888E-08  1.495925E-09  1.534619E-13  1.115812E-15  3.917604E-18
 4.920000E+02  9.952388E-01  4.757695E-03  3.451052E-06  2.016235E-08  1.440213E-09  1.464817E-13  1.051928E-15  3.630539E-18
 4.925000E+02  9.952572E-01  4.739381E-03  3.401624E-06  1.959360E-08  1.386688E-09  1.398329E-13  9.918255E-16  3.365050E-18
 4.930000E+02  9.952754E-01  4.721182E-03  3.353010E-06  1.904205E-08  1.335260E-09  1.334991E-13  9.352743E-16  3.119475E-18
 4.935000E+02  9.952936E-01  4.703096E-03  3.305194E-06  1.850715E-08  1.285843E-09  1.274649E-13  8.820575E-16  2.892283E-18
 4.940000E+02  9.953116E-01  4.685123E-03  3.258162E-06  1.798836E-08  1.238354E-09  1.217153E-13  8.319723E-16  2.682064E-18
 4.945000E+02  9.953295E-01  4.667261E-03  3.211899E-06  1.748516E-08  1.192713E-09  1.162366E-13  7.848283E-16  2.487519E-18
 4.950000E+02  9.953473E-01  4.649510E-03  3.166392E-06  1.699706E-08  1.148847E-09  1.110153E-13  7.404473E-16  2.307450E-18
 4.955000E+02  9.953650E-01  4.631869E-03  3.121626E-06  1.652358E-08  1.106682E-09  1.060390E-13  6.986621E-16  2.140754E-18
 4.960000E+02  9.953826E-01  4.614337E-03  3.077588E-06  1.606424E-08  1.066149E-09  1.012955E-13  6.593160E-16  1.986413E-18
 4.965000E+02  9.954000E-01  4.596912E-03  3.034265E-06  1.561860E-08  1.027181E-09  9.677372E-14  6.222620E-16  1.843488E-18
 4.970000E+02  9.954174E-01  4.579596E-03  2.991644E-06  1.518622E-08  9.897158E-10  9.246269E-14  5.873622E-16  1.711114E-18
 4.975000E+02  9.954346E-01  4.562385E-03  2.949712E-06  1.476669E-08  9.536918E-10  8.835225E-14  5.544873E-16  1.588494E-18
 4.980000E+02  9.954518E-01  4.545280E-03  2.908456E-06  1.435959E-08  9.190509E-10  8.443266E-14  5.235160E-16  1.474889E-18
 4.985000E+02  9.954688E-01  4.528280E-03  2.867865E-06  1.396454E-08  8.857374E-10  8.069470E-14  4.943344E-16  1.369621E-18
 4.990000E+02  9.954858E-01  4.511384E-03  2.827926E-06  1.358115E-08  8.536978E-10  7.712961E-14  4.668359E-16  1.272063E-18
 4.995000E+02  9.955026E-01  4.494591E-03  2.788628E-06  1.320906E-08  8.228811E-10  7.372907E-14  4.409201E-16  1.181637E-18
 5.000000E+02  9.955193E-01  4.477900E-03  2.749959E-06  1.284791E-08  7.932381E-10  7.048515E-14  4.164930E-16  1.097806E-18
