#         T/K     Cv/J*K^-1     Cp/J*K^-1
 2.000000E+02  2.527135E+01  2.527143E+01
 2.005000E+02  2.531038E+01  2.531046E+01
 2.010000E+02  2.534934E+01  2.534941E+01
 2.015000E+02  2.538822E+01  2.538830E+01
 2.020000E+02  2.542704E+01  2.542712E+01
 2.025000E+02  2.546579E+01  2.546586E+01
 2.030000E+02  2.550447E+01  2.550454E+01
 2.035000E+02  2.554308E+01  2.554315E+01
 2.040000E+02  2.558161E+01  2.558169E+01
 2.045000E+02  2.562008E+01  2.562016E+01
 2.050000E+02  2.565849E+01  2.565856E+01
 2.055000E+02  2.569682E+01  2.569689E+01
 2.060000E+02  2.573508E+01  2.573516E+01
 2.065000E+02  2.577328E+01  2.577335E+01
 2.070000E+02  2.581141E+01  2.581148E+01
 2.075000E+02  2.584947E+01  2.584954E+01
 2.080000E+02  2.588746E+01  2.588753E+01
 2.085000E+02  2.592538E+01  2.592546E+01
 2.090000E+02  2.596324E+01  2.596331E+01
 2.095000E+02  2.600103E+01  2.600110E+01
 2.100000E+02  2.603875E+01  2.603882E+01
 2.105000E+02  2.607640E+01  2.607648E+01
 2.110000E+02  2.611399E+01  2.611407E+01
 2.115000E+02  2.615151E+01  2.615159E+01
 2.120000E+02  2.618896E+01  2.618904E+01
 2.125000E+02  2.622635E+01  2.622643E+01
 2.130000E+02  2.626367E+01  2.626375E+01
 2.135000E+02  2.630093E+01  2.630100E+01
 2.140000E+02  2.633812E+01  2.633819E+01
 2.145000E+02  2.637524E+01  2.637531E+01
 2.150000E+02  2.641229E+01  2.641237E+01
 2.155000E+02  2.644929E+01  2.644936E+01
 2.160000E+02  2.648621E+01  2.648629E+01
 2.165000E+02  2.652307E+01  2.652315E+01
 2.170000E+02  2.655987E+01  2.655994E+01
 2.175000E+02  2.659660E+01  2.659667E+01
 2.180000E+02  2.663326E+01  2.663334E+01
 2.185000E+02  2.666986E+01  2.666994E+01
 2.190000E+02  2.670640E+01  2.670647E+01
 2.195000E+02  2.674287E+01  2.674294E+01
 2.200000E+02  2.677928E+01  2.677935E+01
 2.205000E+02  2.681562E+01  2.681569E+01
 2.210000E+02  2.685190E+01  2.685197E+01
 2.215000E+02  2.688811E+01  2.688819E+01
 2.220000E+02  2.692426E+01  2.692434E+01
 2.225000E+02  2.696035E+01  2.696043E+01
 2.230000E+02  2.699637E+01  2.699645E+01
 2.235000E+02  2.703233E+01  2.703241E+01
 2.240000E+02  2.706823E+01  2.706831E+01
 2.245000E+02  2.710406E+01  2.710414E+01
 2.250000E+02  2.713984E+01  2.713991E+01
 2.255000E+02  2.717554E+01  2.717562E+01
 2.260000E+02  2.721119E+01  2.721126E+01
 2.265000E+02  2.724677E+01  2.724685E+01
 2.270000E+02  2.728229E+01  2.728237E+01
 2.275000E+02  2.731775E+01  2.731783E+01
 2.280000E+02  2.735315E+01  2.735322E+01
 2.285000E+02  2.738848E+01  2.738856E+01
 2.290000E+02  2.742375E+01  2.742383E+01
 2.295000E+02  2.745896E+01  2.745904E+01
 2.300000E+02  2.749411E+01  2.749419E+01
 2.305000E+02  2.752920E+01  2.752928E+01
 2.310000E+02  2.756423E+01  2.756430E+01
 2.315000E+02  2.759919E+01  2.759927E+01
 2.320000E+02  2.763410E+01  2.763417E+01
 2.325000E+02  2.766894E+01  2.766902E+01
 2.330000E+02  2.770372E+01  2.770380E+01
 2.335000E+02  2.773844E+01  2.773852E+01
 2.340000E+02  2.777311E+01  2.777318E+01
 2.345000E+02  2.780771E+01  2.780778E+01
 2.350000E+02  2.784225E+01  2.784232E+01
 2.355000E+02  2.787673E+01  2.787680E+01
 2.360000E+02  2.791115E+01  2.791122E+01
 2.365000E+02  2.794551E+01  2.794559E+01
 2.370000E+02  2.797981E+01  2.797989E+01
 2.375000E+02  2.801405E+01  2.801413E+01
 2.380000E+02  2.804823E+01  2.804831E+01
 2.385000E+02  2.808236E+01  2.808243E+01
 2.390000E+02  2.811642E+01  2.811650E+01
 2.395000E+02  2.815043E+01  2.815050E+01
 2.400000E+02  2.818437E+01  2.818445E+01
 2.405000E+02  2.821826E+01  2.821834E+01
 2.410000E+02  2.825209E+01  2.825216E+01
 2.415000E+02  2.828586E+01  2.828593E+01
 2.420000E+02  2.831957E+01  2.831965E+01
 2.425000E+02  2.835322E+01  2.835330E+01
 2.430000E+02  2.838682E+01  2.838690E+01
 2.435000E+02  2.842036E+01  2.842043E+01
 2.440000E+02  2.845384E+01  2.845391E+01
 2.445000E+02  2.848726E+01  2.848733E+01
 2.450000E+02  2.852062E+01  2.852070E+01
 2.455000E+02  2.855393E+01  2.855401E+01
 2.460000E+02  2.858718E+01  2.858726E+01
 2.465000E+02  2.862037E+01  2.862045E+01
 2.470000E+02  2.865351E+01  2.865359E+01
 2.475000E+02  2.868659E+01  2.868666E+01
 2.480000E+02  2.871961E+01  2.871969E+01
 2.485000E+02  2.875258E+01  2.875265E+01
 2.490000E+02  2.878548E+01  2.878556E+01
 2.495000E+02  2.881834E+01  2.881841E+01
 2.500000E+02  2.885113E+01  2.885121E+01
 2.505000E+02  2.888387E+01  2.888395E+01
 2.510000E+02  2.891656E+01  2.891664E+01
 2.515000E+02  2.894919E+01  2.894926E+01
 2.520000E+02  2.898176E+01  2.898184E+01
 2.525000E+02  2.901428E+01  2.901435E+01
 2.530000E+02  2.904674E+01  2.904682E+01
 2.535000E+02  2.907915E+01  2.907922E+01
 2.540000E+02  2.911150E+01  2.911157E+01
 2.545000E+02  2.914380E+01  2.914387E+01
 2.550000E+02  2.917604E+01  2.917611E+01
 2.555000E+02  2.920822E+01  2.920830E+01
 2.560000E+02  2.924036E+01  2.924043E+01
 2.565000E+02  2.927243E+01  2.927251E+01
 2.570000E+02  2.930446E+01  2.930453E+01
 2.575000E+02  2.933643E+01  2.933650E+01
 2.580000E+02  2.936834E+01  2.936842E+01
 2.585000E+02  2.940020E+01  2.940028E+01
 2.590000E+02  2.943201E+01  2.943209E+01
 2.595000E+02  2.946376E+01  2.946384E+01
 2.600000E+02  2.949546E+01  2.949554E+01
 2.605000E+02  2.952711E+01  2.952719E+01
 2.610000E+02  2.955870E+01  2.955878E+01
 2.615000E+02  2.959024E+01  2.959032E+01
 2.620000E+02  2.962173E+01  2.962181E+01
 2.625000E+02  2.965317E+01  2.965324E+01
 2.630000E+02  2.968455E+01  2.968462E+01
 2.635000E+02  2.971588E+01  2.971595E+01
 2.640000E+02  2.974715E+01  2.974723E+01
 2.645000E+02  2.977838E+01  2.977845E+01
 2.650000E+02  2.980955E+01  2.980962E+01
 2.655000E+02  2.984067E+01  2.984074E+01
 2.660000E+02  2.987174E+01  2.987181E+01
 2.665000E+02  2.990275E+01  2.990283E+01
 2.670000E+02  2.993371E+01  2.993379E+01
 2.675000E+02  2.996463E+01  2.996470E+01
 2.680000E+02  2.999549E+01  2.999556E+01
 2.685000E+02  3.002630E+01  3.002637E+01
 2.690000E+02  3.005706E+01  3.005713E+01
 2.695000E+02  3.008776E+01  3.008784E+01
 2.700000E+02  3.011842E+01  3.011850E+01
 2.705000E+02  3.014902E+01  3.014910E+01
 2.710000E+02  3.017958E+01  3.017966E+01
 2.715000E+02  3.021008E+01  3.021016E+01
 2.720000E+02  3.024054E+01  3.024061E+01
 2.725000E+02  3.027094E+01  3.027102E+01
 2.730000E+02  3.030129E+01  3.030137E+01
 2.735000E+02  3.033160E+01  3.033168E+01
 2.740000E+02  3.036185E+01  3.036193E+01
 2.745000E+02  3.039205E+01  3.039213E+01
 2.750000E+02  3.042221E+01  3.042229E+01
 2.755000E+02  3.045231E+01  3.045239E+01
 2.760000E+02  3.048237E+01  3.048245E+01
 2.765000E+02  3.051237E+01  3.051245E+01
 2.770000E+02  3.054233E+01  3.054241E+01
 2.775000E+02  3.057224E+01  3.057232E+01
 2.780000E+02  3.060210E+01  3.060217E+01
 2.785000E+02  3.063191E+01  3.063198E+01
 2.790000E+02  3.066167E+01  3.066175E+01
 2.795000E+02  3.069138E+01  3.069146E+01
 2.800000E+02  3.072105E+01  3.072112E+01
 2.805000E+02  3.075066E+01  3.075074E+01
 2.810000E+02  3.078023E+01  3.078031E+01
 2.815000E+02  3.080975E+01  3.080983E+01
 2.820000E+02  3.083922E+01  3.083930E+01
 2.825000E+02  3.086865E+01  3.086872E+01
 2.830000E+02  3.089802E+01  3.089810E+01
 2.835000E+02  3.092735E+01  3.092743E+01
 2.840000E+02  3.095663E+01  3.095671E+01
 2.845000E+02  3.098587E+01  3.098595E+01
 2.850000E+02  3.101506E+01  3.101514E+01
 2.855000E+02  3.104420E+01  3.104428E+01
 2.860000E+02  3.107329E+01  3.107337E+01
 2.865000E+02  3.110234E+01  3.110242E+01
 2.870000E+02  3.113134E+01  3.113142E+01
 2.875000E+02  3.116029E+01  3.116037E+01
 2.880000E+02  3.118920E+01  3.118928E+01
 2.885000E+02  3.121806E+01  3.121814E+01
 2.890000E+02  3.124688E+01  3.124696E+01
 2.895000E+02  3.127565E+01  3.127572E+01
 2.900000E+02  3.130437E+01  3.130445E+01
 2.905000E+02  3.133305E+01  3.133313E+01
 2.910000E+02  3.136168E+01  3.136176E+01
 2.915000E+02  3.139026E+01  3.139034E+01
 2.920000E+02  3.141881E+01  3.141889E+01
 2.925000E+02  3.144730E+01  3.144738E+01
 2.930000E+02  3.147575E+01  3.147583E+01
 2.935000E+02  3.150416E+01  3.150424E+01
 2.940000E+02  3.153252E+01  3.153260E+01
 2.945000E+02  3.156083E+01  3.156091E+01
 2.950000E+02  3.158911E+01  3.158919E+01
 2.955000E+02  3.161733E+01  3.161741E+01
 2.960000E+02  3.164551E+01  3.164559E+01
 2.965000E+02  3.167365E+01  3.167373E+01
 2.970000E+02  3.170175E+01  3.170183E+01
 2.975000E+02  3.172980E+01  3.172988E+01
 2.980000E+02  3.175780E+01  3.175788E+01
 2.985000E+02  3.178576E+01  3.178584E+01
 2.990000E+02  3.181368E+01  3.181376E+01
 2.995000E+02  3.184156E+01  3.184164E+01
 3.000000E+02  3.186939E+01  3.186947E+01
 3.005000E+02  3.189717E+01  3.189725E+01
 3.010000E+02  3.192492E+01  3.192500E+01
 3.015000E+02  3.195262E+01  3.195270E+01
 3.020000E+02  3.198028E+01  3.198036E+01
 3.025000E+02  3.200789E+01  3.200797E+01
 3.030000E+02  3.203546E+01  3.203555E+01
 3.035000E+02  3.206299E+01  3.206308E+01
 3.040000E+02  3.209048E+01  3.209056E+01
 3.045000E+02  3.211793E+01  3.211801E+01
 3.050000E+02  3.214533E+01  3.214541E+01
 3.055000E+02  3.217269E+01  3.217277E+01
 3.060000E+02  3.220001E+01  3.220009E+01
 3.065000E+02  3.222728E+01  3.222736E+01
 3.070000E+02  3.225451E+01  3.225460E+01
 3.075000E+02  3.228171E+01  3.228179E+01
 3.080000E+02  3.230886E+01  3.230894E+01
 3.085000E+02  3.233596E+01  3.233605E+01
 3.090000E+02  3.236303E+01  3.236311E+01
 3.095000E+02  3.239006E+01  3.239014E+01
 3.100000E+02  3.241704E+01  3.241712E+01
 3.105000E+02  3.244398E+01  3.244407E+01
 3.110000E+02  3.247089E+01  3.247097E+01
 3.115000E+02  3.249775E+01  3.249783E+01
 3.120000E+02  3.252457E+01  3.252465E+01
 3.125000E+02  3.255135E+01  3.255143E+01
 3.130000E+02  3.257808E+01  3.257817E+01
 3.135000E+02  3.260478E+01  3.260487E+01
 3.140000E+02  3.263144E+01  3.263152E+01
 3.145000E+02  3.265806E+01  3.265814E+01
 3.150000E+02  3.268463E+01  3.268472E+01
 3.155000E+02  3.271117E+01  3.271125E+01
 3.160000E+02  3.273767E+01  3.273775E+01
 3.165000E+02  3.276412E+01  3.276421E+01
 3.170000E+02  3.279054E+01  3.279062E+01
 3.175000E+02  3.281691E+01  3.281700E+01
 3.180000E+02  3.284325E+01  3.284334E+01
 3.185000E+02  3.286955E+01  3.286963E+01
 3.190000E+02  3.289581E+01  3.289589E+01
 3.195000E+02  3.292202E+01  3.292211E+01
 3.200000E+02  3.294820E+01  3.294829E+01
 3.205000E+02  3.297434E+01  3.297443E+01
 3.210000E+02  3.300044E+01  3.300053E+01
 3.215000E+02  3.302650E+01  3.302659E+01
 3.220000E+02  3.305253E+01  3.305261E+01
 3.225000E+02  3.307851E+01  3.307860E+01
 3.230000E+02  3.310445E+01  3.310454E+01
 3.235000E+02  3.313036E+01  3.313045E+01
 3.240000E+02  3.315622E+01  3.315631E+01
 3.245000E+02  3.318205E+01  3.318214E+01
 3.250000E+02  3.320784E+01  3.320793E+01
 3.255000E+02  3.323359E+01  3.323368E+01
 3.260000E+02  3.325931E+01  3.325939E+01
 3.265000E+02  3.328498E+01  3.328507E+01
 3.270000E+02  3.331062E+01  3.331070E+01
 3.275000E+02  3.333621E+01  3.333630E+01
 3.280000E+02  3.336177E+01  3.336186E+01
 3.285000E+02  3.338730E+01  3.338738E+01
 3.290000E+02  3.341278E+01  3.341287E+01
 3.295000E+02  3.343823E+01  3.343832E+01
 3.300000E+02  3.346363E+01  3.346372E+01
 3.305000E+02  3.348900E+01  3.348909E+01
 3.310000E+02  3.351434E+01  3.351443E+01
 3.315000E+02  3.353963E+01  3.353972E+01
 3.320000E+02  3.356489E+01  3.356498E+01
 3.325000E+02  3.359011E+01  3.359020E+01
 3.330000E+02  3.361529E+01  3.361538E+01
 3.335000E+02  3.364044E+01  3.364053E+01
 3.340000E+02  3.366555E+01  3.366564E+01
 3.345000E+02  3.369062E+01  3.369071E+01
 3.350000E+02  3.371565E+01  3.371574E+01
 3.355000E+02  3.374065E+01  3.374074E+01
 3.360000E+02  3.376561E+01  3.376570E+01
 3.365000E+02  3.379053E+01  3.379062E+01
 3.370000E+02  3.381541E+01  3.381551E+01
 3.375000E+02  3.384026E+01  3.384036E+01
 3.380000E+02  3.386507E+01  3.386517E+01
 3.385000E+02  3.388985E+01  3.388994E+01
 3.390000E+02  3.391459E+01  3.391468E+01
 3.395000E+02  3.393929E+01  3.393938E+01
 3.400000E+02  3.396395E+01  3.396405E+01
 3.405000E+02  3.398858E+01  3.398868E+01
 3.410000E+02  3.401317E+01  3.401327E+01
 3.415000E+02  3.403773E+01  3.403782E+01
 3.420000E+02  3.406224E+01  3.406234E+01
 3.425000E+02  3.408673E+01  3.408682E+01
 3.430000E+02  3.411117E+01  3.411127E+01
 3.435000E+02  3.413558E+01  3.413568E+01
 3.440000E+02  3.415995E+01  3.416005E+01
 3.445000E+02  3.418429E+01  3.418439E+01
 3.450000E+02  3.420859E+01  3.420869E+01
 3.455000E+02  3.423285E+01  3.423295E+01
 3.460000E+02  3.425708E+01  3.425718E+01
 3.465000E+02  3.428127E+01  3.428137E+01
 3.470000E+02  3.430543E+01  3.430553E+01
 3.475000E+02  3.432954E+01  3.432965E+01
 3.480000E+02  3.435363E+01  3.435373E+01
 3.485000E+02  3.437767E+01  3.437778E+01
 3.490000E+02  3.440168E+01  3.440179E+01
 3.495000E+02  3.442566E+01  3.442576E+01
 3.500000E+02  3.444960E+01  3.444970E+01
 3.505000E+02  3.447350E+01  3.447360E+01
 3.510000E+02  3.449736E+01  3.449747E+01
 3.515000E+02  3.452119E+01  3.452130E+01
 3.520000E+02  3.454499E+01  3.454509E+01
 3.525000E+02  3.456874E+01  3.456885E+01
 3.530000E+02  3.459247E+01  3.459257E+01
 3.535000E+02  3.461615E+01  3.461626E+01
 3.540000E+02  3.463980E+01  3.463991E+01
 3.545000E+02  3.466341E+01  3.466352E+01
 3.550000E+02  3.468699E+01  3.468710E+01
 3.555000E+02  3.471053E+01  3.471064E+01
 3.560000E+02  3.473404E+01  3.473415E+01
 3.565000E+02  3.475750E+01  3.475762E+01
 3.570000E+02  3.478094E+01  3.478105E+01
 3.575000E+02  3.480433E+01  3.480445E+01
 3.580000E+02  3.482769E+01  3.482781E+01
 3.585000E+02  3.485102E+01  3.485113E+01
 3.590000E+02  3.487431E+01  3.487442E+01
 3.595000E+02  3.489756E+01  3.489767E+01
 3.600000E+02  3.492078E+01  3.492089E+01
 3.605000E+02  3.494395E+01  3.494407E+01
 3.610000E+02  3.496710E+01  3.496721E+01
 3.615000E+02  3.499021E+01  3.499032E+01
 3.620000E+02  3.501328E+01  3.501339E+01
 3.625000E+02  3.503631E+01  3.503643E+01
 3.630000E+02  3.505931E+01  3.505943E+01
 3.635000E+02  3.508227E+01  3.508239E+01
 3.640000E+02  3.510520E+01  3.510531E+01
 3.645000E+02  3.512808E+01  3.512820E+01
 3.650000E+02  3.515094E+01  3.515106E+01
 3.655000E+02  3.517375E+01  3.517387E+01
 3.660000E+02  3.519653E+01  3.519665E+01
 3.665000E+02  3.521927E+01  3.521940E+01
 3.670000E+02  3.524198E+01  3.524210E+01
 3.675000E+02  3.526465E+01  3.526477E+01
 3.680000E+02  3.528728E+01  3.528740E+01
 3.685000E+02  3.530988E+01  3.531000E+01
 3.690000E+02  3.533243E+01  3.533256E+01
 3.695000E+02  3.535496E+01  3.535508E+01
 3.700000E+02  3.537744E+01  3.537757E+01
 3.705000E+02  3.539989E+01  3.540002E+01
 3.710000E+02  3.542230E+01  3.542243E+01
 3.715000E+02  3.544467E+01  3.544480E+01
 3.720000E+02  3.546701E+01  3.546714E+01
 3.725000E+02  3.548931E+01  3.548944E+01
 3.730000E+02  3.551157E+01  3.551170E+01
 3.735000E+02  3.553379E+01  3.553392E+01
 3.740000E+02  3.555598E+01  3.555611E+01
 3.745000E+02  3.557812E+01  3.557826E+01
 3.750000E+02  3.560023E+01  3.560037E+01
 3.755000E+02  3.562231E+01  3.562244E+01
 3.760000E+02  3.564434E+01  3.564448E+01
 3.765000E+02  3.566634E+01  3.566648E+01
 3.770000E+02  3.568830E+01  3.568844E+01
 3.775000E+02  3.571022E+01  3.571036E+01
 3.780000E+02  3.573210E+01  3.573224E+01
 3.785000E+02  3.575395E+01  3.575409E+01
 3.790000E+02  3.577575E+01  3.577589E+01
 3.795000E+02  3.579752E+01  3.579766E+01
 3.800000E+02  3.581925E+01  3.581939E+01
 3.805000E+02  3.584094E+01  3.584108E+01
 3.810000E+02  3.586259E+01  3.586274E+01
 3.815000E+02  3.588420E+01  3.588435E+01
 3.820000E+02  3.590578E+01  3.590592E+01
 3.825000E+02  3.592731E+01  3.592746E+01
 3.830000E+02  3.594881E+01  3.594896E+01
 3.835000E+02  3.597026E+01  3.597041E+01
 3.840000E+02  3.599168E+01  3.599183E+01
 3.845000E+02  3.601306E+01  3.601321E+01
 3.850000E+02  3.603440E+01  3.603455E+01
 3.855000E+02  3.605569E+01  3.605585E+01
 3.860000E+02  3.607695E+01  3.607711E+01
 3.865000E+02  3.609817E+01  3.609832E+01
 3.870000E+02  3.611935E+01  3.611950E+01
 3.875000E+02  3.614049E+01  3.614064E+01
 3.880000E+02  3.616158E+01  3.616174E+01
 3.885000E+02  3.618264E+01  3.618280E+01
 3.890000E+02  3.620366E+01  3.620382E+01
 3.895000E+02  3.622463E+01  3.622479E+01
 3.900000E+02  3.624557E+01  3.624573E+01
 3.905000E+02  3.626646E+01  3.626663E+01
 3.910000E+02  3.628732E+01  3.628748E+01
 3.915000E+02  3.630813E+01  3.630829E+01
 3.920000E+02  3.632890E+01  3.632907E+01
 3.925000E+02  3.634963E+01  3.634980E+01
 3.930000E+02  3.637032E+01  3.637049E+01
 3.935000E+02  3.639096E+01  3.639113E+01
 3.940000E+02  3.641157E+01  3.641174E+01
 3.945000E+02  3.643213E+01  3.643230E+01
 3.950000E+02  3.645265E+01  3.645282E+01
 3.955000E+02  3.647313E+01  3.647330E+01
 3.960000E+02  3.649357E+01  3.649374E+01
 3.965000E+02  3.651396E+01  3.651413E+01
 3.970000E+02  3.653431E+01  3.653449E+01
 3.975000E+02  3.655462E+01  3.655479E+01
 3.980000E+02  3.657488E+01  3.657506E+01
 3.985000E+02  3.659511E+01  3.659528E+01
 3.990000E+02  3.661528E+01  3.661546E+01
 3.995000E+02  3.663542E+01  3.663560E+01
 4.000000E+02  3.665551E+01  3.665569E+01
 4.005000E+02  3.667556E+01  3.667574E+01
 4.010000E+02  3.669557E+01  3.669575E+01
 4.015000E+02  3.671553E+01  3.671571E+01
 4.020000E+02  3.673544E+01  3.673563E+01
 4.025000E+02  3.675532E+01  3.675550E+01
 4.030000E+02  3.677515E+01  3.677533E+01
 4.035000E+02  3.679493E+01  3.679512E+01
 4.040000E+02  3.681467E+01  3.681486E+01
 4.045000E+02  3.683436E+01  3.683456E+01
 4.050000E+02  3.685401E+01  3.685421E+01
 4.055000E+02  3.687362E+01  3.687381E+01
 4.060000E+02  3.689318E+01  3.689338E+01
 4.065000E+02  3.691269E+01  3.691289E+01
 4.070000E+02  3.693216E+01  3.693236E+01
 4.075000E+02  3.695159E+01  3.695179E+01
 4.080000E+02  3.697097E+01  3.697117E+01
 4.085000E+02  3.699030E+01  3.699050E+01
 4.090000E+02  3.700959E+01  3.700979E+01
 4.095000E+02  3.702883E+01  3.702903E+01
 4.100000E+02  3.704802E+01  3.704823E+01
 4.105000E+02  3.706717E+01  3.706737E+01
 4.110000E+02  3.708627E+01  3.708648E+01
 4.115000E+02  3.710533E+01  3.710553E+01
 4.120000E+02  3.712433E+01  3.712454E+01
 4.125000E+02  3.714330E+01  3.714351E+01
 4.130000E+02  3.716221E+01  3.716242E+01
 4.135000E+02  3.718108E+01  3.718129E+01
 4.140000E+02  3.719990E+01  3.720011E+01
 4.145000E+02  3.721867E+01  3.721889E+01
 4.150000E+02  3.723740E+01  3.723761E+01
 4.155000E+02  3.725608E+01  3.725629E+01
 4.160000E+02  3.727471E+01  3.727492E+01
 4.165000E+02  3.729329E+01  3.729351E+01
 4.170000E+02  3.731182E+01  3.731205E+01
 4.175000E+02  3.733031E+01  3.733053E+01
 4.180000E+02  3.734875E+01  3.734897E+01
 4.185000E+02  3.736714E+01  3.736737E+01
 4.190000E+02  3.738548E+01  3.738571E+01
 4.195000E+02  3.740378E+01  3.740400E+01
 4.200000E+02  3.742202E+01  3.742225E+01
 4.205000E+02  3.744022E+01  3.744045E+01
 4.210000E+02  3.745837E+01  3.745860E+01
 4.215000E+02  3.747647E+01  3.747670E+01
 4.220000E+02  3.749452E+01  3.749475E+01
 4.225000E+02  3.751252E+01  3.751275E+01
 4.230000E+02  3.753047E+01  3.537061E+03
 4.235000E+02  2.583966E+01  3.529603E+03
 4.240000E+02  2.584299E+01  3.430841E+01
 4.245000E+02  2.584633E+01  3.431066E+01
 4.250000E+02  2.584968E+01  3.431293E+01
 4.255000E+02  2.585305E+01  3.431523E+01
 4.260000E+02  2.585642E+01  3.431754E+01
 4.265000E+02  2.585980E+01  3.431988E+01
 4.270000E+02  2.586320E+01  3.432224E+01
 4.275000E+02  2.586660E+01  3.432462E+01
 4.280000E+02  2.587002E+01  3.432702E+01
 4.285000E+02  2.587344E+01  3.432944E+01
 4.290000E+02  2.587687E+01  3.433188E+01
 4.295000E+02  2.588032E+01  3.433434E+01
 4.300000E+02  2.588377E+01  3.433682E+01
 4.305000E+02  2.588724E+01  3.433932E+01
 4.310000E+02  2.589071E+01  3.434184E+01
 4.315000E+02  2.589419E+01  3.434438E+01
 4.320000E+02  2.589768E+01  3.434694E+01
 4.325000E+02  2.590119E+01  3.434952E+01
 4.330000E+02  2.590470E+01  3.435211E+01
 4.335000E+02  2.590822E+01  3.435472E+01
 4.340000E+02  2.591175E+01  3.435735E+01
 4.345000E+02  2.591529E+01  3.436000E+01
 4.350000E+02  2.591884E+01  3.436267E+01
 4.355000E+02  2.592240E+01  3.436536E+01
 4.360000E+02  2.592597E+01  3.436806E+01
 4.365000E+02  2.592954E+01  3.437078E+01
 4.370000E+02  2.593313E+01  3.437352E+01
 4.375000E+02  2.593672E+01  3.437627E+01
 4.380000E+02  2.594033E+01  3.437904E+01
 4.385000E+02  2.594394E+01  3.438183E+01
 4.390000E+02  2.594756E+01  3.438464E+01
 4.395000E+02  2.595119E+01  3.438746E+01
 4.400000E+02  2.595483E+01  3.439029E+01
 4.405000E+02  2.595848E+01  3.439315E+01
 4.410000E+02  2.596214E+01  3.439602E+01
 4.415000E+02  2.596581E+01  3.439890E+01
 4.420000E+02  2.596948E+01  3.440180E+01
 4.425000E+02  2.597316E+01  3.440472E+01
 4.430000E+02  2.597686E+01  3.440765E+01
 4.435000E+02  2.598056E+01  3.441060E+01
 4.440000E+02  2.598426E+01  3.441357E+01
 4.445000E+02  2.598798E+01  3.441654E+01
 4.450000E+02  2.599171E+01  3.441954E+01
 4.455000E+02  2.599544E+01  3.442255E+01
 4.460000E+02  2.599918E+01  3.442557E+01
 4.465000E+02  2.600293E+01  3.442861E+01
 4.470000E+02  2.600669E+01  3.443166E+01
 4.475000E+02  2.601046E+01  3.443472E+01
 4.480000E+02  2.601423E+01  3.443780E+01
 4.485000E+02  2.601802E+01  3.444090E+01
 4.490000E+02  2.602181E+01  3.444401E+01
 4.495000E+02  2.602561E+01  3.444713E+01
 4.500000E+02  2.602941E+01  3.445027E+01
 4.505000E+02  2.603323E+01  3.445342E+01
 4.510000E+02  2.603705E+01  3.445658E+01
 4.515000E+02  2.604088E+01  3.445976E+01
 4.520000E+02  2.604472E+01  3.446295E+01
 4.525000E+02  2.604856E+01  3.446616E+01
 4.530000E+02  2.605242E+01  3.446937E+01
 4.535000E+02  2.605628E+01  3.447260E+01
 4.540000E+02  2.606015E+01  3.447585E+01
 4.545000E+02  2.606402E+01  3.447910E+01
 4.550000E+02  2.606791E+01  3.448237E+01
 4.555000E+02  2.607180E+01  3.448565E+01
 4.560000E+02  2.607570E+01  3.448895E+01
 4.565000E+02  2.607961E+01  3.449226E+01
 4.570000E+02  2.608352E+01  3.449557E+01
 4.575000E+02  2.608744E+01  3.449891E+01
 4.580000E+02  2.609137E+01  3.450225E+01
 4.585000E+02  2.609530E+01  3.450561E+01
 4.590000E+02  2.609925E+01  3.450897E+01
 4.595000E+02  2.610320E+01  3.451235E+01
 4.600000E+02  2.610715E+01  3.451575E+01
 4.605000E+02  2.611112E+01  3.451915E+01
 4.610000E+02  2.611509E+01  3.452257E+01
 4.615000E+02  2.611907E+01  3.452599E+01
 4.620000E+02  2.612305E+01  3.452943E+01
 4.625000E+02  2.612705E+01  3.453288E+01
 4.630000E+02  2.613105E+01  3.453634E+01
 4.635000E+02  2.613505E+01  3.453981E+01
 4.640000E+02  2.613907E+01  3.454330E+01
 4.645000E+02  2.614309E+01  3.454679E+01
 4.650000E+02  2.614711E+01  3.455030E+01
 4.655000E+02  2.615115E+01  3.455382E+01
 4.660000E+02  2.615519E+01  3.455734E+01
 4.665000E+02  2.615923E+01  3.456088E+01
 4.670000E+02  2.616329E+01  3.456443E+01
 4.675000E+02  2.616735E+01  3.456799E+01
 4.680000E+02  2.617141E+01  3.457156E+01
 4.685000E+02  2.617549E+01  3.457514E+01
 4.690000E+02  2.617957E+01  3.457873E+01
 4.695000E+02  2.618365E+01  3.458234E+01
 4.700000E+02  2.618775E+01  3.458595E+01
 4.705000E+02  2.619185E+01  3.458957E+01
 4.710000E+02  2.619595E+01  3.459320E+01
 4.715000E+02  2.620007E+01  3.459684E+01
 4.720000E+02  2.620418E+01  3.460050E+01
 4.725000E+02  2.620831E+01  3.460416E+01
 4.730000E+02  2.621244E+01  3.460783E+01
 4.735000E+02  2.621658E+01  3.461151E+01
 4.740000E+02  2.622072E+01  3.461521E+01
 4.745000E+02  2.622487E+01  3.461891E+01
 4.750000E+02  2.622903E+01  3.462262E+01
 4.755000E+02  2.623319E+01  3.462634E+01
 4.760000E+02  2.623736E+01  3.463007E+01
 4.765000E+02  2.624153E+01  3.463381E+01
 4.770000E+02  2.624571E+01  3.463756E+01
 4.775000E+02  2.624990E+01  3.464132E+01
 4.780000E+02  2.625409E+01  3.464508E+01
 4.785000E+02  2.625829E+01  3.464886E+01
 4.790000E+02  2.626249E+01  3.465264E+01
 4.795000E+02  2.626670E+01  3.465644E+01
 4.800000E+02  2.627092E+01  3.466024E+01
 4.805000E+02  2.627514E+01  3.466405E+01
 4.810000E+02  2.627937E+01  3.466788E+01
 4.815000E+02  2.628360E+01  3.467171E+01
 4.820000E+02  2.628784E+01  3.467555E+01
 4.825000E+02  2.629208E+01  3.467939E+01
 4.830000E+02  2.629633E+01  3.468325E+01
 4.835000E+02  2.630059E+01  3.468711E+01
 4.840000E+02  2.630485E+01  3.469099E+01
 4.845000E+02  2.630912E+01  3.469487E+01
 4.850000E+02  2.631339E+01  3.469876E+01
 4.855000E+02  2.631767E+01  3.470266E+01
 4.860000E+02  2.632195E+01  3.470656E+01
 4.865000E+02  2.632624E+01  3.471048E+01
 4.870000E+02  2.633053E+01  3.471440E+01
 4.875000E+02  2.633483E+01  3.471833E+01
 4.880000E+02  2.633914E+01  3.472227E+01
 4.885000E+02  2.634345E+01  3.472622E+01
 4.890000E+02  2.634777E+01  3.473018E+01
 4.895000E+02  2.635209E+01  3.473414E+01
 4.900000E+02  2.635641E+01  3.473811E+01
 4.905000E+02  2.636075E+01  3.474209E+01
 4.910000E+02  2.636508E+01  3.474608E+01
 4.915000E+02  2.636943E+01  3.475007E+01
 4.920000E+02  2.637377E+01  3.475407E+01
 4.925000E+02  2.637813E+01  3.475808E+01
 4.930000E+02  2.638248E+01  3.476210E+01
 4.935000E+02  2.638685E+01  3.476613E+01
 4.940000E+02  2.639121E+01  3.477016E+01
 4.945000E+02  2.639559E+01  3.477420E+01
 4.950000E+02  2.639997E+01  3.477825E+01
 4.955000E+02  2.640435E+01  3.478230E+01
 4.960000E+02  2.640874E+01  3.478636E+01
 4.965000E+02  2.641313E+01  3.479043E+01
 4.970000E+02  2.641753E+01  3.479451E+01
 4.975000E+02  2.642193E+01  3.479859E+01
 4.980000E+02  2.642634E+01  3.480268E+01
 4.985000E+02  2.643075E+01  3.480678E+01
 4.990000E+02  2.643517E+01  3.481089E+01
 4.995000E+02  2.643959E+01  3.481500E+01
 5.000000E+02  2.644402E+01  3.481927E+01
