#         T/K          A/kJ          G/kJ
 2.000000E+02  2.146176E-01  2.158130E-01
 2.005000E+02  1.928251E-01  1.940205E-01
 2.010000E+02  1.709997E-01  1.721951E-01
 2.015000E+02  1.491414E-01  1.503369E-01
 2.020000E+02  1.272503E-01  1.284458E-01
 2.025000E+02  1.053264E-01  1.065220E-01
 2.030000E+02  8.336975E-02  8.456535E-02
 2.035000E+02  6.138035E-02  6.257600E-02
 2.040000E+02  3.935826E-02  4.055394E-02
 2.045000E+02  1.730350E-02  1.849921E-02
 2.050000E+02 -4.783900E-03 -3.588143E-03
 2.055000E+02 -2.690390E-02 -2.570810E-02
 2.060000E+02 -4.905646E-02 -4.786063E-02
 2.065000E+02 -7.124157E-02 -7.004570E-02
 2.070000E+02 -9.345918E-02 -9.226327E-02
 2.075000E+02 -1.157093E-01 -1.145133E-01
 2.080000E+02 -1.379918E-01 -1.367958E-01
 2.085000E+02 -1.603067E-01 -1.591107E-01
 2.090000E+02 -1.826540E-01 -1.814580E-01
 2.095000E+02 -2.050337E-01 -2.038376E-01
 2.100000E+02 -2.274457E-01 -2.262495E-01
 2.105000E+02 -2.498899E-01 -2.486938E-01
 2.110000E+02 -2.723665E-01 -2.711702E-01
 2.115000E+02 -2.948752E-01 -2.936789E-01
 2.120000E+02 -3.174161E-01 -3.162198E-01
 2.125000E+02 -3.399892E-01 -3.387929E-01
 2.130000E+02 -3.625944E-01 -3.613981E-01
 2.135000E+02 -3.852317E-01 -3.840353E-01
 2.140000E+02 -4.079011E-01 -4.067047E-01
 2.145000E+02 -4.306025E-01 -4.294061E-01
 2.150000E+02 -4.533360E-01 -4.521394E-01
 2.155000E+02 -4.761013E-01 -4.749048E-01
 2.160000E+02 -4.988987E-01 -4.977021E-01
 2.165000E+02 -5.217280E-01 -5.205313E-01
 2.170000E+02 -5.445891E-01 -5.433924E-01
 2.175000E+02 -5.674821E-01 -5.662854E-01
 2.180000E+02 -5.904069E-01 -5.892102E-01
 2.185000E+02 -6.133635E-01 -6.121668E-01
 2.190000E+02 -6.363519E-01 -6.351551E-01
 2.195000E+02 -6.593720E-01 -6.581752E-01
 2.200000E+02 -6.824239E-01 -6.812270E-01
 2.205000E+02 -7.055074E-01 -7.043104E-01
 2.210000E+02 -7.286225E-01 -7.274256E-01
 2.215000E+02 -7.517693E-01 -7.505723E-01
 2.220000E+02 -7.749476E-01 -7.737506E-01
 2.225000E+02 -7.981576E-01 -7.969605E-01
 2.230000E+02 -8.213990E-01 -8.202019E-01
 2.235000E+02 -8.446719E-01 -8.434748E-01
 2.240000E+02 -8.679764E-01 -8.667792E-01
 2.245000E+02 -8.913122E-01 -8.901150E-01
 2.250000E+02 -9.146795E-01 -9.134822E-01
 2.255000E+02 -9.380782E-01 -9.368809E-01
 2.260000E+02 -9.615082E-01 -9.603109E-01
 2.265000E+02 -9.849696E-01 -9.837722E-01
 2.270000E+02 -1.008462E+00 -1.007265E+00
 2.275000E+02 -1.031986E+00 -1.030789E+00
 2.280000E+02 -1.055541E+00 -1.054344E+00
 2.285000E+02 -1.079128E+00 -1.077930E+00
 2.290000E+02 -1.102745E+00 -1.101548E+00
 2.295000E+02 -1.126394E+00 -1.125196E+00
 2.300000E+02 -1.150074E+00 -1.148876E+00
 2.305000E+02 -1.173785E+00 -1.172587E+00
 2.310000E+02 -1.197527E+00 -1.196329E+00
 2.315000E+02 -1.221300E+00 -1.220102E+00
 2.320000E+02 -1.245104E+00 -1.243906E+00
 2.325000E+02 -1.268939E+00 -1.267742E+00
 2.330000E+02 -1.292806E+00 -1.291608E+00
 2.335000E+02 -1.316703E+00 -1.315505E+00
 2.340000E+02 -1.340631E+00 -1.339433E+00
 2.345000E+02 -1.364589E+00 -1.363391E+00
 2.350000E+02 -1.388579E+00 -1.387381E+00
 2.355000E+02 -1.412600E+00 -1.411402E+00
 2.360000E+02 -1.436651E+00 -1.435453E+00
 2.365000E+02 -1.460733E+00 -1.459535E+00
 2.370000E+02 -1.484846E+00 -1.483648E+00
 2.375000E+02 -1.508990E+00 -1.507792E+00
 2.380000E+02 -1.533164E+00 -1.531966E+00
 2.385000E+02 -1.557370E+00 -1.556171E+00
 2.390000E+02 -1.581605E+00 -1.580407E+00
 2.395000E+02 -1.605872E+00 -1.604673E+00
 2.400000E+02 -1.630169E+00 -1.628970E+00
 2.405000E+02 -1.654496E+00 -1.653298E+00
 2.410000E+02 -1.678854E+00 -1.677656E+00
 2.415000E+02 -1.703243E+00 -1.702044E+00
 2.420000E+02 -1.727662E+00 -1.726464E+00
 2.425000E+02 -1.752112E+00 -1.750913E+00
 2.430000E+02 -1.776592E+00 -1.775393E+00
 2.435000E+02 -1.801102E+00 -1.799904E+00
 2.440000E+02 -1.825643E+00 -1.824445E+00
 2.445000E+02 -1.850215E+00 -1.849016E+00
 2.450000E+02 -1.874817E+00 -1.873618E+00
 2.455000E+02 -1.899449E+00 -1.898250E+00
 2.460000E+02 -1.924111E+00 -1.922912E+00
 2.465000E+02 -1.948804E+00 -1.947605E+00
 2.470000E+02 -1.973527E+00 -1.972328E+00
 2.475000E+02 -1.998280E+00 -1.997081E+00
 2.480000E+02 -2.023063E+00 -2.021864E+00
 2.485000E+02 -2.047877E+00 -2.046678E+00
 2.490000E+02 -2.072721E+00 -2.071522E+00
 2.495000E+02 -2.097595E+00 -2.096396E+00
 2.500000E+02 -2.122499E+00 -2.121300E+00
 2.505000E+02 -2.147433E+00 -2.146234E+00
 2.510000E+02 -2.172397E+00 -2.171198E+00
 2.515000E+02 -2.197392E+00 -2.196192E+00
 2.520000E+02 -2.222416E+00 -2.221217E+00
 2.525000E+02 -2.247471E+00 -2.246271E+00
 2.530000E+02 -2.272555E+00 -2.271356E+00
 2.535000E+02 -2.297670E+00 -2.296470E+00
 2.540000E+02 -2.322814E+00 -2.321614E+00
 2.545000E+02 -2.347988E+00 -2.346789E+00
 2.550000E+02 -2.373193E+00 -2.371993E+00
 2.555000E+02 -2.398427E+00 -2.397227E+00
 2.560000E+02 -2.423691E+00 -2.422491E+00
 2.565000E+02 -2.448985E+00 -2.447785E+00
 2.570000E+02 -2.474309E+00 -2.473109E+00
 2.575000E+02 -2.499662E+00 -2.498463E+00
 2.580000E+02 -2.525046E+00 -2.523846E+00
 2.585000E+02 -2.550459E+00 -2.549259E+00
 2.590000E+02 -2.575902E+00 -2.574702E+00
 2.595000E+02 -2.601375E+00 -2.600175E+00
 2.600000E+02 -2.626877E+00 -2.625677E+00
 2.605000E+02 -2.652409E+00 -2.651209E+00
 2.610000E+02 -2.677971E+00 -2.676771E+00
 2.615000E+02 -2.703563E+00 -2.702363E+00
 2.620000E+02 -2.729184E+00 -2.727984E+00
 2.625000E+02 -2.754835E+00 -2.753635E+00
 2.630000E+02 -2.780515E+00 -2.779315E+00
 2.635000E+02 -2.806225E+00 -2.805025E+00
 2.640000E+02 -2.831965E+00 -2.830765E+00
 2.645000E+02 -2.857734E+00 -2.856534E+00
 2.650000E+02 -2.883533E+00 -2.882333E+00
 2.655000E+02 -2.909362E+00 -2.908161E+00
 2.660000E+02 -2.935220E+00 -2.934019E+00
 2.665000E+02 -2.961107E+00 -2.959907E+00
 2.670000E+02 -2.987024E+00 -2.985823E+00
 2.675000E+02 -3.012970E+00 -3.011770E+00
 2.680000E+02 -3.038946E+00 -3.037746E+00
 2.685000E+02 -3.064952E+00 -3.063751E+00
 2.690000E+02 -3.090986E+00 -3.089786E+00
 2.695000E+02 -3.117051E+00 -3.115850E+00
 2.700000E+02 -3.143144E+00 -3.141944E+00
 2.705000E+02 -3.169267E+00 -3.168067E+00
 2.710000E+02 -3.195420E+00 -3.194219E+00
 2.715000E+02 -3.221601E+00 -3.220401E+00
 2.720000E+02 -3.247813E+00 -3.246612E+00
 2.725000E+02 -3.274053E+00 -3.272852E+00
 2.730000E+02 -3.300323E+00 -3.299122E+00
 2.735000E+02 -3.326622E+00 -3.325421E+00
 2.740000E+02 -3.352951E+00 -3.351750E+00
 2.745000E+02 -3.379308E+00 -3.378107E+00
 2.750000E+02 -3.405696E+00 -3.404494E+00
 2.755000E+02 -3.432112E+00 -3.430911E+00
 2.760000E+02 -3.458558E+00 -3.457356E+00
 2.765000E+02 -3.485033E+00 -3.483831E+00
 2.770000E+02 -3.511537E+00 -3.510335E+00
 2.775000E+02 -3.538070E+00 -3.536869E+00
 2.780000E+02 -3.564633E+00 -3.563432E+00
 2.785000E+02 -3.591225E+00 -3.590023E+00
 2.790000E+02 -3.617846E+00 -3.616645E+00
 2.795000E+02 -3.644496E+00 -3.643295E+00
 2.800000E+02 -3.671176E+00 -3.669974E+00
 2.805000E+02 -3.697885E+00 -3.696683E+00
 2.810000E+02 -3.724623E+00 -3.723421E+00
 2.815000E+02 -3.751390E+00 -3.750188E+00
 2.820000E+02 -3.778186E+00 -3.776984E+00
 2.825000E+02 -3.805012E+00 -3.803810E+00
 2.830000E+02 -3.831866E+00 -3.830665E+00
 2.835000E+02 -3.858750E+00 -3.857548E+00
 2.840000E+02 -3.885663E+00 -3.884461E+00
 2.845000E+02 -3.912605E+00 -3.911403E+00
 2.850000E+02 -3.939577E+00 -3.938375E+00
 2.855000E+02 -3.966577E+00 -3.965375E+00
 2.860000E+02 -3.993607E+00 -3.992405E+00
 2.865000E+02 -4.020666E+00 -4.019464E+00
 2.870000E+02 -4.047754E+00 -4.046552E+00
 2.875000E+02 -4.074871E+00 -4.073669E+00
 2.880000E+02 -4.102017E+00 -4.100815E+00
 2.885000E+02 -4.129192E+00 -4.127990E+00
 2.890000E+02 -4.156397E+00 -4.155195E+00
 2.895000E+02 -4.183631E+00 -4.182428E+00
 2.900000E+02 -4.210893E+00 -4.209691E+00
 2.905000E+02 -4.238185E+00 -4.236983E+00
 2.910000E+02 -4.265507E+00 -4.264304E+00
 2.915000E+02 -4.292857E+00 -4.291654E+00
 2.920000E+02 -4.320236E+00 -4.319034E+00
 2.925000E+02 -4.347645E+00 -4.346442E+00
 2.930000E+02 -4.375083E+00 -4.373880E+00
 2.935000E+02 -4.402550E+00 -4.401347E+00
 2.940000E+02 -4.430046E+00 -4.428843E+00
 2.945000E+02 -4.457571E+00 -4.456368E+00
 2.950000E+02 -4.485125E+00 -4.483923E+00
 2.955000E+02 -4.512709E+00 -4.511506E+00
 2.960000E+02 -4.540322E+00 -4.539119E+00
 2.965000E+02 -4.567964E+00 -4.566761E+00
 2.970000E+02 -4.595635E+00 -4.594432E+00
 2.975000E+02 -4.623336E+00 -4.622133E+00
 2.980000E+02 -4.651065E+00 -4.649863E+00
 2.985000E+02 -4.678824E+00 -4.677621E+00
 2.990000E+02 -4.706613E+00 -4.705410E+00
 2.995000E+02 -4.734430E+00 -4.733227E+00
 3.000000E+02 -4.762277E+00 -4.761074E+00
 3.005000E+02 -4.790153E+00 -4.788950E+00
 3.010000E+02 -4.818058E+00 -4.816855E+00
 3.015000E+02 -4.845993E+00 -4.844789E+00
 3.020000E+02 -4.873956E+00 -4.872753E+00
 3.025000E+02 -4.901950E+00 -4.900746E+00
 3.030000E+02 -4.929972E+00 -4.928769E+00
 3.035000E+02 -4.958024E+00 -4.956821E+00
 3.040000E+02 -4.986105E+00 -4.984902E+00
 3.045000E+02 -5.014216E+00 -5.013013E+00
 3.050000E+02 -5.042356E+00 -5.041153E+00
 3.055000E+02 -5.070526E+00 -5.069322E+00
 3.060000E+02 -5.098725E+00 -5.097521E+00
 3.065000E+02 -5.126953E+00 -5.125750E+00
 3.070000E+02 -5.155211E+00 -5.154008E+00
 3.075000E+02 -5.183499E+00 -5.182295E+00
 3.080000E+02 -5.211815E+00 -5.210612E+00
 3.085000E+02 -5.240162E+00 -5.238958E+00
 3.090000E+02 -5.268538E+00 -5.267334E+00
 3.095000E+02 -5.296944E+00 -5.295740E+00
 3.100000E+02 -5.325379E+00 -5.324175E+00
 3.105000E+02 -5.353844E+00 -5.352640E+00
 3.110000E+02 -5.382338E+00 -5.381134E+00
 3.115000E+02 -5.410862E+00 -5.409658E+00
 3.120000E+02 -5.439416E+00 -5.438212E+00
 3.125000E+02 -5.468000E+00 -5.466796E+00
 3.130000E+02 -5.496613E+00 -5.495409E+00
 3.135000E+02 -5.525257E+00 -5.524052E+00
 3.140000E+02 -5.553930E+00 -5.552725E+00
 3.145000E+02 -5.582633E+00 -5.581428E+00
 3.150000E+02 -5.611365E+00 -5.610161E+00
 3.155000E+02 -5.640128E+00 -5.638924E+00
 3.160000E+02 -5.668921E+00 -5.667716E+00
 3.165000E+02 -5.697743E+00 -5.696539E+00
 3.170000E+02 -5.726596E+00 -5.725391E+00
 3.175000E+02 -5.755478E+00 -5.754274E+00
 3.180000E+02 -5.784391E+00 -5.783187E+00
 3.185000E+02 -5.813334E+00 -5.812129E+00
 3.190000E+02 -5.842307E+00 -5.841102E+00
 3.195000E+02 -5.871310E+00 -5.870105E+00
 3.200000E+02 -5.900343E+00 -5.899139E+00
 3.205000E+02 -5.929407E+00 -5.928202E+00
 3.210000E+02 -5.958501E+00 -5.957296E+00
 3.215000E+02 -5.987625E+00 -5.986420E+00
 3.220000E+02 -6.016780E+00 -6.015575E+00
 3.225000E+02 -6.045965E+00 -6.044760E+00
 3.230000E+02 -6.075181E+00 -6.073976E+00
 3.235000E+02 -6.104427E+00 -6.103222E+00
 3.240000E+02 -6.133703E+00 -6.132498E+00
 3.245000E+02 -6.163010E+00 -6.161805E+00
 3.250000E+02 -6.192348E+00 -6.191143E+00
 3.255000E+02 -6.221717E+00 -6.220512E+00
 3.260000E+02 -6.251116E+00 -6.249911E+00
 3.265000E+02 -6.280546E+00 -6.279341E+00
 3.270000E+02 -6.310007E+00 -6.308802E+00
 3.275000E+02 -6.339499E+00 -6.338294E+00
 3.280000E+02 -6.369022E+00 -6.367816E+00
 3.285000E+02 -6.398575E+00 -6.397370E+00
 3.290000E+02 -6.428160E+00 -6.426955E+00
 3.295000E+02 -6.457776E+00 -6.456571E+00
 3.300000E+02 -6.487423E+00 -6.486217E+00
 3.305000E+02 -6.517101E+00 -6.515896E+00
 3.310000E+02 -6.546811E+00 -6.545605E+00
 3.315000E+02 -6.576552E+00 -6.575346E+00
 3.320000E+02 -6.606324E+00 -6.605118E+00
 3.325000E+02 -6.636128E+00 -6.634922E+00
 3.330000E+02 -6.665963E+00 -6.664757E+00
 3.335000E+02 -6.695829E+00 -6.694623E+00
 3.340000E+02 -6.725728E+00 -6.724522E+00
 3.345000E+02 -6.755658E+00 -6.754452E+00
 3.350000E+02 -6.785620E+00 -6.784413E+00
 3.355000E+02 -6.815613E+00 -6.814407E+00
 3.360000E+02 -6.845639E+00 -6.844432E+00
 3.365000E+02 -6.875696E+00 -6.874490E+00
 3.370000E+02 -6.905785E+00 -6.904579E+00
 3.375000E+02 -6.935907E+00 -6.934701E+00
 3.380000E+02 -6.966061E+00 -6.964854E+00
 3.385000E+02 -6.996247E+00 -6.995040E+00
 3.390000E+02 -7.026465E+00 -7.025258E+00
 3.395000E+02 -7.056715E+00 -7.055509E+00
 3.400000E+02 -7.086998E+00 -7.085792E+00
 3.405000E+02 -7.117314E+00 -7.116107E+00
 3.410000E+02 -7.147662E+00 -7.146456E+00
 3.415000E+02 -7.178043E+00 -7.176836E+00
 3.420000E+02 -7.208457E+00 -7.207250E+00
 3.425000E+02 -7.238903E+00 -7.237696E+00
 3.430000E+02 -7.269382E+00 -7.268175E+00
 3.435000E+02 -7.299895E+00 -7.298688E+00
 3.440000E+02 -7.330440E+00 -7.329233E+00
 3.445000E+02 -7.361018E+00 -7.359811E+00
 3.450000E+02 -7.391630E+00 -7.390423E+00
 3.455000E+02 -7.422275E+00 -7.421068E+00
 3.460000E+02 -7.452954E+00 -7.451747E+00
 3.465000E+02 -7.483666E+00 -7.482459E+00
 3.470000E+02 -7.514411E+00 -7.513204E+00
 3.475000E+02 -7.545191E+00 -7.543983E+00
 3.480000E+02 -7.576004E+00 -7.574796E+00
 3.485000E+02 -7.606850E+00 -7.605643E+00
 3.490000E+02 -7.637731E+00 -7.636524E+00
 3.495000E+02 -7.668646E+00 -7.667439E+00
 3.500000E+02 -7.699595E+00 -7.698388E+00
 3.505000E+02 -7.730578E+00 -7.729371E+00
 3.510000E+02 -7.761596E+00 -7.760388E+00
 3.515000E+02 -7.792648E+00 -7.791440E+00
 3.520000E+02 -7.823734E+00 -7.822526E+00
 3.525000E+02 -7.854855E+00 -7.853647E+00
 3.530000E+02 -7.886011E+00 -7.884803E+00
 3.535000E+02 -7.917202E+00 -7.915994E+00
 3.540000E+02 -7.948427E+00 -7.947219E+00
 3.545000E+02 -7.979688E+00 -7.978480E+00
 3.550000E+02 -8.010983E+00 -8.009775E+00
 3.555000E+02 -8.042314E+00 -8.041106E+00
 3.560000E+02 -8.073681E+00 -8.072473E+00
 3.565000E+02 -8.105082E+00 -8.103874E+00
 3.570000E+02 -8.136520E+00 -8.135311E+00
 3.575000E+02 -8.167993E+00 -8.166784E+00
 3.580000E+02 -8.199501E+00 -8.198293E+00
 3.585000E+02 -8.231046E+00 -8.229838E+00
 3.590000E+02 -8.262627E+00 -8.261418E+00
 3.595000E+02 -8.294243E+00 -8.293035E+00
 3.600000E+02 -8.325896E+00 -8.324688E+00
 3.605000E+02 -8.357586E+00 -8.356377E+00
 3.610000E+02 -8.389311E+00 -8.388103E+00
 3.615000E+02 -8.421074E+00 -8.419865E+00
 3.620000E+02 -8.452873E+00 -8.451664E+00
 3.625000E+02 -8.484709E+00 -8.483500E+00
 3.630000E+02 -8.516581E+00 -8.515372E+00
 3.635000E+02 -8.548491E+00 -8.547282E+00
 3.640000E+02 -8.580438E+00 -8.579229E+00
 3.645000E+02 -8.612423E+00 -8.611213E+00
 3.650000E+02 -8.644444E+00 -8.643235E+00
 3.655000E+02 -8.676504E+00 -8.675294E+00
 3.660000E+02 -8.708601E+00 -8.707391E+00
 3.665000E+02 -8.740736E+00 -8.739526E+00
 3.670000E+02 -8.772908E+00 -8.771699E+00
 3.675000E+02 -8.805119E+00 -8.803910E+00
 3.680000E+02 -8.837368E+00 -8.836159E+00
 3.685000E+02 -8.869655E+00 -8.868446E+00
 3.690000E+02 -8.901981E+00 -8.900772E+00
 3.695000E+02 -8.934346E+00 -8.933136E+00
 3.700000E+02 -8.966749E+00 -8.965539E+00
 3.705000E+02 -8.999191E+00 -8.997981E+00
 3.710000E+02 -9.031672E+00 -9.030462E+00
 3.715000E+02 -9.064192E+00 -9.062982E+00
 3.720000E+02 -9.096751E+00 -9.095541E+00
 3.725000E+02 -9.129350E+00 -9.128140E+00
 3.730000E+02 -9.161988E+00 -9.160778E+00
 3.735000E+02 -9.194666E+00 -9.193456E+00
 3.740000E+02 -9.227384E+00 -9.226174E+00
 3.745000E+02 -9.260142E+00 -9.258931E+00
 3.750000E+02 -9.292939E+00 -9.291729E+00
 3.755000E+02 -9.325778E+00 -9.324567E+00
 3.760000E+02 -9.358656E+00 -9.357445E+00
 3.765000E+02 -9.391575E+00 -9.390364E+00
 3.770000E+02 -9.424535E+00 -9.423324E+00
 3.775000E+02 -9.457535E+00 -9.456324E+00
 3.780000E+02 -9.490577E+00 -9.489366E+00
 3.785000E+02 -9.523659E+00 -9.522448E+00
 3.790000E+02 -9.556783E+00 -9.555572E+00
 3.795000E+02 -9.589948E+00 -9.588737E+00
 3.800000E+02 -9.623155E+00 -9.621944E+00
 3.805000E+02 -9.656404E+00 -9.655193E+00
 3.810000E+02 -9.689694E+00 -9.688483E+00
 3.815000E+02 -9.723027E+00 -9.721815E+00
 3.820000E+02 -9.756401E+00 -9.755190E+00
 3.825000E+02 -9.789818E+00 -9.788606E+00
 3.830000E+02 -9.823277E+00 -9.822066E+00
 3.835000E+02 -9.856779E+00 -9.855568E+00
 3.840000E+02 -9.890324E+00 -9.889112E+00
 3.845000E+02 -9.923911E+00 -9.922700E+00
 3.850000E+02 -9.957542E+00 -9.956330E+00
 3.855000E+02 -9.991216E+00 -9.990004E+00
 3.860000E+02 -1.002493E+01 -1.002372E+01
 3.865000E+02 -1.005869E+01 -1.005748E+01
 3.870000E+02 -1.009250E+01 -1.009129E+01
 3.875000E+02 -1.012635E+01 -1.012513E+01
 3.880000E+02 -1.016024E+01 -1.015903E+01
 3.885000E+02 -1.019418E+01 -1.019296E+01
 3.890000E+02 -1.022816E+01 -1.022694E+01
 3.895000E+02 -1.026218E+01 -1.026097E+01
 3.900000E+02 -1.029625E+01 -1.029504E+01
 3.905000E+02 -1.033037E+01 -1.032915E+01
 3.910000E+02 -1.036453E+01 -1.036331E+01
 3.915000E+02 -1.039873E+01 -1.039752E+01
 3.920000E+02 -1.043298E+01 -1.043177E+01
 3.925000E+02 -1.046728E+01 -1.046606E+01
 3.930000E+02 -1.050162E+01 -1.050040E+01
 3.935000E+02 -1.053600E+01 -1.053479E+01
 3.940000E+02 -1.057044E+01 -1.056922E+01
 3.945000E+02 -1.060491E+01 -1.060370E+01
 3.950000E+02 -1.063944E+01 -1.063823E+01
 3.955000E+02 -1.067401E+01 -1.067280E+01
 3.960000E+02 -1.070863E+01 -1.070741E+01
 3.965000E+02 -1.074329E+01 -1.074208E+01
 3.970000E+02 -1.077800E+01 -1.077679E+01
 3.975000E+02 -1.081276E+01 -1.081155E+01
 3.980000E+02 -1.084757E+01 -1.084635E+01
 3.985000E+02 -1.088242E+01 -1.088120E+01
 3.990000E+02 -1.091732E+01 -1.091610E+01
 3.995000E+02 -1.095227E+01 -1.095105E+01
 4.000000E+02 -1.098726E+01 -1.098605E+01
 4.005000E+02 -1.102230E+01 -1.102109E+01
 4.010000E+02 -1.105739E+01 -1.105618E+01
 4.015000E+02 -1.109253E+01 -1.109132E+01
 4.020000E+02 -1.112772E+01 -1.112651E+01
 4.025000E+02 -1.116296E+01 -1.116174E+01
 4.030000E+02 -1.119824E+01 -1.119703E+01
 4.035000E+02 -1.123358E+01 -1.123236E+01
 4.040000E+02 -1.126896E+01 -1.126774E+01
 4.045000E+02 -1.130439E+01 -1.130318E+01
 4.050000E+02 -1.133987E+01 -1.133866E+01
 4.055000E+02 -1.137540E+01 -1.137419E+01
 4.060000E+02 -1.141098E+01 -1.140977E+01
 4.065000E+02 -1.144661E+01 -1.144540E+01
 4.070000E+02 -1.148229E+01 -1.148107E+01
 4.075000E+02 -1.151802E+01 -1.151680E+01
 4.080000E+02 -1.155380E+01 -1.155258E+01
 4.085000E+02 -1.158963E+01 -1.158841E+01
 4.090000E+02 -1.162551E+01 -1.162429E+01
 4.095000E+02 -1.166144E+01 -1.166022E+01
 4.100000E+02 -1.169742E+01 -1.169621E+01
 4.105000E+02 -1.173345E+01 -1.173224E+01
 4.110000E+02 -1.176954E+01 -1.176832E+01
 4.115000E+02 -1.180567E+01 -1.180446E+01
 4.120000E+02 -1.184186E+01 -1.184064E+01
 4.125000E+02 -1.187809E+01 -1.187688E+01
 4.130000E+02 -1.191438E+01 -1.191317E+01
 4.135000E+02 -1.195072E+01 -1.194951E+01
 4.140000E+02 -1.198711E+01 -1.198590E+01
 4.145000E+02 -1.202356E+01 -1.202234E+01
 4.150000E+02 -1.206005E+01 -1.205884E+01
 4.155000E+02 -1.209660E+01 -1.209538E+01
 4.160000E+02 -1.213320E+01 -1.213198E+01
 4.165000E+02 -1.216985E+01 -1.216864E+01
 4.170000E+02 -1.220656E+01 -1.220534E+01
 4.175000E+02 -1.224332E+01 -1.224210E+01
 4.180000E+02 -1.228013E+01 -1.227891E+01
 4.185000E+02 -1.231699E+01 -1.231577E+01
 4.190000E+02 -1.235391E+01 -1.235269E+01
 4.195000E+02 -1.239088E+01 -1.238966E+01
 4.200000E+02 -1.242790E+01 -1.242668E+01
 4.205000E+02 -1.246497E+01 -1.246376E+01
 4.210000E+02 -1.250210E+01 -1.250088E+01
 4.215000E+02 -1.253929E+01 -1.253807E+01
 4.220000E+02 -1.257652E+01 -1.257530E+01
 4.225000E+02 -1.261381E+01 -1.261259E+01
 4.230000E+02 -1.265116E+01 -1.264994E+01
 4.235000E+02 -1.619633E+01 -1.269559E+01
 4.240000E+02 -1.630067E+01 -1.279569E+01
 4.245000E+02 -1.640502E+01 -1.289581E+01
 4.250000E+02 -1.650939E+01 -1.299595E+01
 4.255000E+02 -1.661379E+01 -1.309611E+01
 4.260000E+02 -1.671820E+01 -1.319629E+01
 4.265000E+02 -1.682263E+01 -1.329649E+01
 4.270000E+02 -1.692709E+01 -1.339672E+01
 4.275000E+02 -1.703156E+01 -1.349696E+01
 4.280000E+02 -1.713605E+01 -1.359722E+01
 4.285000E+02 -1.724056E+01 -1.369751E+01
 4.290000E+02 -1.734510E+01 -1.379781E+01
 4.295000E+02 -1.744965E+01 -1.389814E+01
 4.300000E+02 -1.755422E+01 -1.399849E+01
 4.305000E+02 -1.765881E+01 -1.409885E+01
 4.310000E+02 -1.776343E+01 -1.419924E+01
 4.315000E+02 -1.786806E+01 -1.429964E+01
 4.320000E+02 -1.797271E+01 -1.440007E+01
 4.325000E+02 -1.807738E+01 -1.450052E+01
 4.330000E+02 -1.818207E+01 -1.460098E+01
 4.335000E+02 -1.828678E+01 -1.470147E+01
 4.340000E+02 -1.839151E+01 -1.480198E+01
 4.345000E+02 -1.849626E+01 -1.490251E+01
 4.350000E+02 -1.860103E+01 -1.500305E+01
 4.355000E+02 -1.870582E+01 -1.510362E+01
 4.360000E+02 -1.881063E+01 -1.520421E+01
 4.365000E+02 -1.891546E+01 -1.530482E+01
 4.370000E+02 -1.902031E+01 -1.540545E+01
 4.375000E+02 -1.912518E+01 -1.550609E+01
 4.380000E+02 -1.923006E+01 -1.560676E+01
 4.385000E+02 -1.933497E+01 -1.570745E+01
 4.390000E+02 -1.943990E+01 -1.580816E+01
 4.395000E+02 -1.954484E+01 -1.590888E+01
 4.400000E+02 -1.964981E+01 -1.600963E+01
 4.405000E+02 -1.975479E+01 -1.611040E+01
 4.410000E+02 -1.985980E+01 -1.621118E+01
 4.415000E+02 -1.996482E+01 -1.631199E+01
 4.420000E+02 -2.006986E+01 -1.641282E+01
 4.425000E+02 -2.017492E+01 -1.651366E+01
 4.430000E+02 -2.028001E+01 -1.661453E+01
 4.435000E+02 -2.038511E+01 -1.671542E+01
 4.440000E+02 -2.049023E+01 -1.681632E+01
 4.445000E+02 -2.059537E+01 -1.691725E+01
 4.450000E+02 -2.070052E+01 -1.701819E+01
 4.455000E+02 -2.080570E+01 -1.711915E+01
 4.460000E+02 -2.091090E+01 -1.722014E+01
 4.465000E+02 -2.101611E+01 -1.732114E+01
 4.470000E+02 -2.112135E+01 -1.742216E+01
 4.475000E+02 -2.122660E+01 -1.752321E+01
 4.480000E+02 -2.133188E+01 -1.762427E+01
 4.485000E+02 -2.143717E+01 -1.772535E+01
 4.490000E+02 -2.154248E+01 -1.782645E+01
 4.495000E+02 -2.164781E+01 -1.792757E+01
 4.500000E+02 -2.175316E+01 -1.802871E+01
 4.505000E+02 -2.185853E+01 -1.812987E+01
 4.510000E+02 -2.196392E+01 -1.823104E+01
 4.515000E+02 -2.206933E+01 -1.833224E+01
 4.520000E+02 -2.217475E+01 -1.843346E+01
 4.525000E+02 -2.228020E+01 -1.853469E+01
 4.530000E+02 -2.238566E+01 -1.863595E+01
 4.535000E+02 -2.249115E+01 -1.873722E+01
 4.540000E+02 -2.259665E+01 -1.883852E+01
 4.545000E+02 -2.270217E+01 -1.893983E+01
 4.550000E+02 -2.280771E+01 -1.904116E+01
 4.555000E+02 -2.291327E+01 -1.914251E+01
 4.560000E+02 -2.301884E+01 -1.924389E+01
 4.565000E+02 -2.312444E+01 -1.934527E+01
 4.570000E+02 -2.323005E+01 -1.944668E+01
 4.575000E+02 -2.333569E+01 -1.954811E+01
 4.580000E+02 -2.344134E+01 -1.964956E+01
 4.585000E+02 -2.354701E+01 -1.975102E+01
 4.590000E+02 -2.365270E+01 -1.985251E+01
 4.595000E+02 -2.375841E+01 -1.995401E+01
 4.600000E+02 -2.386414E+01 -2.005554E+01
 4.605000E+02 -2.396988E+01 -2.015708E+01
 4.610000E+02 -2.407565E+01 -2.025864E+01
 4.615000E+02 -2.418143E+01 -2.036022E+01
 4.620000E+02 -2.428723E+01 -2.046182E+01
 4.625000E+02 -2.439305E+01 -2.056343E+01
 4.630000E+02 -2.449889E+01 -2.066507E+01
 4.635000E+02 -2.460475E+01 -2.076672E+01
 4.640000E+02 -2.471063E+01 -2.086840E+01
 4.645000E+02 -2.481652E+01 -2.097009E+01
 4.650000E+02 -2.492243E+01 -2.107180E+01
 4.655000E+02 -2.502837E+01 -2.117353E+01
 4.660000E+02 -2.513432E+01 -2.127528E+01
 4.665000E+02 -2.524028E+01 -2.137705E+01
 4.670000E+02 -2.534627E+01 -2.147884E+01
 4.675000E+02 -2.545228E+01 -2.158064E+01
 4.680000E+02 -2.555830E+01 -2.168246E+01
 4.685000E+02 -2.566434E+01 -2.178431E+01
 4.690000E+02 -2.577040E+01 -2.188617E+01
 4.695000E+02 -2.587648E+01 -2.198805E+01
 4.700000E+02 -2.598258E+01 -2.208995E+01
 4.705000E+02 -2.608870E+01 -2.219186E+01
 4.710000E+02 -2.619483E+01 -2.229380E+01
 4.715000E+02 -2.630098E+01 -2.239575E+01
 4.720000E+02 -2.640715E+01 -2.249772E+01
 4.725000E+02 -2.651334E+01 -2.259971E+01
 4.730000E+02 -2.661955E+01 -2.270172E+01
 4.735000E+02 -2.672577E+01 -2.280375E+01
 4.740000E+02 -2.683202E+01 -2.290580E+01
 4.745000E+02 -2.693828E+01 -2.300786E+01
 4.750000E+02 -2.704456E+01 -2.310994E+01
 4.755000E+02 -2.715086E+01 -2.321205E+01
 4.760000E+02 -2.725717E+01 -2.331417E+01
 4.765000E+02 -2.736351E+01 -2.341630E+01
 4.770000E+02 -2.746986E+01 -2.351846E+01
 4.775000E+02 -2.757623E+01 -2.362063E+01
 4.780000E+02 -2.768262E+01 -2.372283E+01
 4.785000E+02 -2.778902E+01 -2.382504E+01
 4.790000E+02 -2.789545E+01 -2.392727E+01
 4.795000E+02 -2.800189E+01 -2.402952E+01
 4.800000E+02 -2.810835E+01 -2.413178E+01
 4.805000E+02 -2.821483E+01 -2.423407E+01
 4.810000E+02 -2.832133E+01 -2.433637E+01
 4.815000E+02 -2.842784E+01 -2.443869E+01
 4.820000E+02 -2.853437E+01 -2.454103E+01
 4.825000E+02 -2.864092E+01 -2.464338E+01
 4.830000E+02 -2.874749E+01 -2.474576E+01
 4.835000E+02 -2.885408E+01 -2.484815E+01
 4.840000E+02 -2.896068E+01 -2.495056E+01
 4.845000E+02 -2.906730E+01 -2.505299E+01
 4.850000E+02 -2.917394E+01 -2.515544E+01
 4.855000E+02 -2.928060E+01 -2.525790E+01
 4.860000E+02 -2.938728E+01 -2.536038E+01
 4.865000E+02 -2.949397E+01 -2.546289E+01
 4.870000E+02 -2.960068E+01 -2.556540E+01
 4.875000E+02 -2.970741E+01 -2.566794E+01
 4.880000E+02 -2.981416E+01 -2.577050E+01
 4.885000E+02 -2.992092E+01 -2.587307E+01
 4.890000E+02 -3.002770E+01 -2.597566E+01
 4.895000E+02 -3.013450E+01 -2.607827E+01
 4.900000E+02 -3.024132E+01 -2.618089E+01
 4.905000E+02 -3.034815E+01 -2.628354E+01
 4.910000E+02 -3.045501E+01 -2.638620E+01
 4.915000E+02 -3.056188E+01 -2.648888E+01
 4.920000E+02 -3.066876E+01 -2.659158E+01
 4.925000E+02 -3.077567E+01 -2.669429E+01
 4.930000E+02 -3.088259E+01 -2.679703E+01
 4.935000E+02 -3.098953E+01 -2.689978E+01
 4.940000E+02 -3.109649E+01 -2.700254E+01
 4.945000E+02 -3.120347E+01 -2.710533E+01
 4.950000E+02 -3.131046E+01 -2.720813E+01
 4.955000E+02 -3.141747E+01 -2.731096E+01
 4.960000E+02 -3.152450E+01 -2.741380E+01
 4.965000E+02 -3.163154E+01 -2.751665E+01
 4.970000E+02 -3.173861E+01 -2.761953E+01
 4.975000E+02 -3.184569E+01 -2.772242E+01
 4.980000E+02 -3.195279E+01 -2.782533E+01
 4.985000E+02 -3.205990E+01 -2.792826E+01
 4.990000E+02 -3.216703E+01 -2.803120E+01
 4.995000E+02 -3.227418E+01 -2.813416E+01
 5.000000E+02 -3.238135E+01 -2.823714E+01
