#         T/K          U/kJ          H/kJ      S/J*K^-1
 2.000000E+02  8.925026E+00  8.926221E+00  4.355204E+01
 2.005000E+02  8.938207E+00  8.939403E+00  4.361787E+01
 2.010000E+02  8.951408E+00  8.952603E+00  4.368362E+01
 2.015000E+02  8.964628E+00  8.965824E+00  4.374932E+01
 2.020000E+02  8.977868E+00  8.979064E+00  4.381494E+01
 2.025000E+02  8.991128E+00  8.992324E+00  4.388050E+01
 2.030000E+02  9.004407E+00  9.005603E+00  4.394600E+01
 2.035000E+02  9.017706E+00  9.018901E+00  4.401143E+01
 2.040000E+02  9.031024E+00  9.032220E+00  4.407679E+01
 2.045000E+02  9.044361E+00  9.045557E+00  4.414209E+01
 2.050000E+02  9.057718E+00  9.058914E+00  4.420733E+01
 2.055000E+02  9.071095E+00  9.072291E+00  4.427250E+01
 2.060000E+02  9.084491E+00  9.085686E+00  4.433761E+01
 2.065000E+02  9.097906E+00  9.099102E+00  4.440265E+01
 2.070000E+02  9.111340E+00  9.112536E+00  4.446763E+01
 2.075000E+02  9.124794E+00  9.125990E+00  4.453254E+01
 2.080000E+02  9.138267E+00  9.139463E+00  4.459740E+01
 2.085000E+02  9.151759E+00  9.152955E+00  4.466219E+01
 2.090000E+02  9.165270E+00  9.166466E+00  4.472691E+01
 2.095000E+02  9.178801E+00  9.179997E+00  4.479157E+01
 2.100000E+02  9.192351E+00  9.193547E+00  4.485617E+01
 2.105000E+02  9.205920E+00  9.207116E+00  4.492071E+01
 2.110000E+02  9.219508E+00  9.220704E+00  4.498519E+01
 2.115000E+02  9.233115E+00  9.234311E+00  4.504960E+01
 2.120000E+02  9.246741E+00  9.247937E+00  4.511395E+01
 2.125000E+02  9.260386E+00  9.261582E+00  4.517824E+01
 2.130000E+02  9.274050E+00  9.275247E+00  4.524246E+01
 2.135000E+02  9.287733E+00  9.288930E+00  4.530663E+01
 2.140000E+02  9.301436E+00  9.302632E+00  4.537073E+01
 2.145000E+02  9.315157E+00  9.316353E+00  4.543477E+01
 2.150000E+02  9.328897E+00  9.330093E+00  4.549876E+01
 2.155000E+02  9.342656E+00  9.343852E+00  4.556268E+01
 2.160000E+02  9.356433E+00  9.357630E+00  4.562654E+01
 2.165000E+02  9.370230E+00  9.371427E+00  4.569034E+01
 2.170000E+02  9.384046E+00  9.385242E+00  4.575408E+01
 2.175000E+02  9.397880E+00  9.399077E+00  4.581776E+01
 2.180000E+02  9.411733E+00  9.412930E+00  4.588138E+01
 2.185000E+02  9.425605E+00  9.426802E+00  4.594494E+01
 2.190000E+02  9.439496E+00  9.440693E+00  4.600844E+01
 2.195000E+02  9.453405E+00  9.454602E+00  4.607188E+01
 2.200000E+02  9.467334E+00  9.468531E+00  4.613526E+01
 2.205000E+02  9.481281E+00  9.482478E+00  4.619859E+01
 2.210000E+02  9.495246E+00  9.496443E+00  4.626185E+01
 2.215000E+02  9.509231E+00  9.510428E+00  4.632506E+01
 2.220000E+02  9.523234E+00  9.524431E+00  4.638820E+01
 2.225000E+02  9.537255E+00  9.538452E+00  4.645129E+01
 2.230000E+02  9.551296E+00  9.552493E+00  4.651433E+01
 2.235000E+02  9.565355E+00  9.566552E+00  4.657730E+01
 2.240000E+02  9.579432E+00  9.580629E+00  4.664022E+01
 2.245000E+02  9.593528E+00  9.594726E+00  4.670308E+01
 2.250000E+02  9.607643E+00  9.608840E+00  4.676588E+01
 2.255000E+02  9.621777E+00  9.622974E+00  4.682862E+01
 2.260000E+02  9.635929E+00  9.637126E+00  4.689131E+01
 2.265000E+02  9.650099E+00  9.651296E+00  4.695395E+01
 2.270000E+02  9.664288E+00  9.665486E+00  4.701652E+01
 2.275000E+02  9.678496E+00  9.679693E+00  4.707904E+01
 2.280000E+02  9.692722E+00  9.693919E+00  4.714151E+01
 2.285000E+02  9.706967E+00  9.708164E+00  4.720391E+01
 2.290000E+02  9.721230E+00  9.722428E+00  4.726627E+01
 2.295000E+02  9.735512E+00  9.736709E+00  4.732857E+01
 2.300000E+02  9.749812E+00  9.751010E+00  4.739081E+01
 2.305000E+02  9.764131E+00  9.765329E+00  4.745300E+01
 2.310000E+02  9.778468E+00  9.779666E+00  4.751513E+01
 2.315000E+02  9.792824E+00  9.794022E+00  4.757721E+01
 2.320000E+02  9.807198E+00  9.808396E+00  4.763924E+01
 2.325000E+02  9.821591E+00  9.822789E+00  4.770121E+01
 2.330000E+02  9.836003E+00  9.837200E+00  4.776313E+01
 2.335000E+02  9.850432E+00  9.851630E+00  4.782499E+01
 2.340000E+02  9.864881E+00  9.866079E+00  4.788680E+01
 2.345000E+02  9.879348E+00  9.880546E+00  4.794856E+01
 2.350000E+02  9.893833E+00  9.895031E+00  4.801027E+01
 2.355000E+02  9.908337E+00  9.909535E+00  4.807192E+01
 2.360000E+02  9.922860E+00  9.924058E+00  4.813352E+01
 2.365000E+02  9.937401E+00  9.938599E+00  4.819507E+01
 2.370000E+02  9.951960E+00  9.953158E+00  4.825657E+01
 2.375000E+02  9.966538E+00  9.967737E+00  4.831801E+01
 2.380000E+02  9.981135E+00  9.982333E+00  4.837941E+01
 2.385000E+02  9.995750E+00  9.996949E+00  4.844075E+01
 2.390000E+02  1.001038E+01  1.001158E+01  4.850205E+01
 2.395000E+02  1.002504E+01  1.002623E+01  4.856329E+01
 2.400000E+02  1.003971E+01  1.004091E+01  4.862448E+01
 2.405000E+02  1.005440E+01  1.005560E+01  4.868563E+01
 2.410000E+02  1.006911E+01  1.007030E+01  4.874672E+01
 2.415000E+02  1.008383E+01  1.008503E+01  4.880777E+01
 2.420000E+02  1.009858E+01  1.009978E+01  4.886876E+01
 2.425000E+02  1.011334E+01  1.011454E+01  4.892971E+01
 2.430000E+02  1.012813E+01  1.012932E+01  4.899061E+01
 2.435000E+02  1.014293E+01  1.014413E+01  4.905146E+01
 2.440000E+02  1.015775E+01  1.015895E+01  4.911226E+01
 2.445000E+02  1.017259E+01  1.017379E+01  4.917301E+01
 2.450000E+02  1.018745E+01  1.018864E+01  4.923372E+01
 2.455000E+02  1.020232E+01  1.020352E+01  4.929438E+01
 2.460000E+02  1.021722E+01  1.021842E+01  4.935500E+01
 2.465000E+02  1.023213E+01  1.023333E+01  4.941556E+01
 2.470000E+02  1.024707E+01  1.024827E+01  4.947608E+01
 2.475000E+02  1.026202E+01  1.026322E+01  4.953656E+01
 2.480000E+02  1.027699E+01  1.027819E+01  4.959699E+01
 2.485000E+02  1.029198E+01  1.029318E+01  4.965737E+01
 2.490000E+02  1.030699E+01  1.030819E+01  4.971772E+01
 2.495000E+02  1.032202E+01  1.032322E+01  4.977801E+01
 2.500000E+02  1.033707E+01  1.033827E+01  4.983826E+01
 2.505000E+02  1.035213E+01  1.035333E+01  4.989847E+01
 2.510000E+02  1.036722E+01  1.036842E+01  4.995864E+01
 2.515000E+02  1.038233E+01  1.038352E+01  5.001876E+01
 2.520000E+02  1.039745E+01  1.039865E+01  5.007884E+01
 2.525000E+02  1.041259E+01  1.041379E+01  5.013887E+01
 2.530000E+02  1.042776E+01  1.042896E+01  5.019887E+01
 2.535000E+02  1.044294E+01  1.044414E+01  5.025882E+01
 2.540000E+02  1.045814E+01  1.045934E+01  5.031873E+01
 2.545000E+02  1.047337E+01  1.047457E+01  5.037860E+01
 2.550000E+02  1.048861E+01  1.048981E+01  5.043843E+01
 2.555000E+02  1.050387E+01  1.050507E+01  5.049822E+01
 2.560000E+02  1.051915E+01  1.052035E+01  5.055797E+01
 2.565000E+02  1.053445E+01  1.053565E+01  5.061768E+01
 2.570000E+02  1.054977E+01  1.055097E+01  5.067735E+01
 2.575000E+02  1.056511E+01  1.056631E+01  5.073699E+01
 2.580000E+02  1.058047E+01  1.058167E+01  5.079658E+01
 2.585000E+02  1.059585E+01  1.059705E+01  5.085614E+01
 2.590000E+02  1.061125E+01  1.061245E+01  5.091566E+01
 2.595000E+02  1.062668E+01  1.062788E+01  5.097514E+01
 2.600000E+02  1.064212E+01  1.064332E+01  5.103459E+01
 2.605000E+02  1.065758E+01  1.065878E+01  5.109400E+01
 2.610000E+02  1.067306E+01  1.067426E+01  5.115338E+01
 2.615000E+02  1.068856E+01  1.068976E+01  5.121272E+01
 2.620000E+02  1.070409E+01  1.070529E+01  5.127202E+01
 2.625000E+02  1.071963E+01  1.072083E+01  5.133129E+01
 2.630000E+02  1.073519E+01  1.073639E+01  5.139053E+01
 2.635000E+02  1.075078E+01  1.075198E+01  5.144973E+01
 2.640000E+02  1.076639E+01  1.076759E+01  5.150891E+01
 2.645000E+02  1.078201E+01  1.078321E+01  5.156804E+01
 2.650000E+02  1.079766E+01  1.079886E+01  5.162715E+01
 2.655000E+02  1.081333E+01  1.081453E+01  5.168623E+01
 2.660000E+02  1.082902E+01  1.083022E+01  5.174527E+01
 2.665000E+02  1.084474E+01  1.084594E+01  5.180429E+01
 2.670000E+02  1.086047E+01  1.086167E+01  5.186327E+01
 2.675000E+02  1.087623E+01  1.087743E+01  5.192223E+01
 2.680000E+02  1.089200E+01  1.089320E+01  5.198115E+01
 2.685000E+02  1.090780E+01  1.090900E+01  5.204005E+01
 2.690000E+02  1.092362E+01  1.092482E+01  5.209892E+01
 2.695000E+02  1.093947E+01  1.094067E+01  5.215777E+01
 2.700000E+02  1.095533E+01  1.095653E+01  5.221658E+01
 2.705000E+02  1.097122E+01  1.097242E+01  5.227537E+01
 2.710000E+02  1.098713E+01  1.098833E+01  5.233414E+01
 2.715000E+02  1.100307E+01  1.100427E+01  5.239288E+01
 2.720000E+02  1.101902E+01  1.102022E+01  5.245160E+01
 2.725000E+02  1.103500E+01  1.103620E+01  5.251029E+01
 2.730000E+02  1.105100E+01  1.105220E+01  5.256896E+01
 2.735000E+02  1.106703E+01  1.106823E+01  5.262760E+01
 2.740000E+02  1.108308E+01  1.108428E+01  5.268623E+01
 2.745000E+02  1.109915E+01  1.110035E+01  5.274483E+01
 2.750000E+02  1.111524E+01  1.111644E+01  5.280341E+01
 2.755000E+02  1.113136E+01  1.113256E+01  5.286198E+01
 2.760000E+02  1.114751E+01  1.114871E+01  5.292052E+01
 2.765000E+02  1.116367E+01  1.116487E+01  5.297905E+01
 2.770000E+02  1.117987E+01  1.118107E+01  5.303755E+01
 2.775000E+02  1.119608E+01  1.119728E+01  5.309604E+01
 2.780000E+02  1.121232E+01  1.121352E+01  5.315451E+01
 2.785000E+02  1.122859E+01  1.122979E+01  5.321297E+01
 2.790000E+02  1.124488E+01  1.124608E+01  5.327141E+01
 2.795000E+02  1.126119E+01  1.126239E+01  5.332984E+01
 2.800000E+02  1.127753E+01  1.127874E+01  5.338825E+01
 2.805000E+02  1.129390E+01  1.129510E+01  5.344665E+01
 2.810000E+02  1.131029E+01  1.131149E+01  5.350504E+01
 2.815000E+02  1.132671E+01  1.132791E+01  5.356341E+01
 2.820000E+02  1.134315E+01  1.134436E+01  5.362178E+01
 2.825000E+02  1.135963E+01  1.136083E+01  5.368013E+01
 2.830000E+02  1.137612E+01  1.137732E+01  5.373847E+01
 2.835000E+02  1.139265E+01  1.139385E+01  5.379681E+01
 2.840000E+02  1.140920E+01  1.141040E+01  5.385514E+01
 2.845000E+02  1.142577E+01  1.142698E+01  5.391346E+01
 2.850000E+02  1.144238E+01  1.144358E+01  5.397177E+01
 2.855000E+02  1.145901E+01  1.146021E+01  5.403008E+01
 2.860000E+02  1.147567E+01  1.147687E+01  5.408838E+01
 2.865000E+02  1.149236E+01  1.149356E+01  5.414668E+01
 2.870000E+02  1.150908E+01  1.151028E+01  5.420498E+01
 2.875000E+02  1.152582E+01  1.152702E+01  5.426328E+01
 2.880000E+02  1.154260E+01  1.154380E+01  5.432157E+01
 2.885000E+02  1.155940E+01  1.156060E+01  5.437986E+01
 2.890000E+02  1.157623E+01  1.157743E+01  5.443816E+01
 2.895000E+02  1.159309E+01  1.159429E+01  5.449645E+01
 2.900000E+02  1.160998E+01  1.161119E+01  5.455475E+01
 2.905000E+02  1.162690E+01  1.162811E+01  5.461305E+01
 2.910000E+02  1.164386E+01  1.164506E+01  5.467135E+01
 2.915000E+02  1.166084E+01  1.166204E+01  5.472966E+01
 2.920000E+02  1.167785E+01  1.167905E+01  5.478797E+01
 2.925000E+02  1.169490E+01  1.169610E+01  5.484630E+01
 2.930000E+02  1.171197E+01  1.171317E+01  5.490462E+01
 2.935000E+02  1.172908E+01  1.173028E+01  5.496296E+01
 2.940000E+02  1.174622E+01  1.174742E+01  5.502131E+01
 2.945000E+02  1.176339E+01  1.176459E+01  5.507967E+01
 2.950000E+02  1.178060E+01  1.178180E+01  5.513804E+01
 2.955000E+02  1.179783E+01  1.179904E+01  5.519642E+01
 2.960000E+02  1.181510E+01  1.181631E+01  5.525482E+01
 2.965000E+02  1.183241E+01  1.183361E+01  5.531323E+01
 2.970000E+02  1.184975E+01  1.185095E+01  5.537166E+01
 2.975000E+02  1.186712E+01  1.186832E+01  5.543010E+01
 2.980000E+02  1.188453E+01  1.188573E+01  5.548856E+01
 2.985000E+02  1.190197E+01  1.190317E+01  5.554704E+01
 2.990000E+02  1.191945E+01  1.192065E+01  5.560555E+01
 2.995000E+02  1.193696E+01  1.193816E+01  5.566407E+01
 3.000000E+02  1.195451E+01  1.195571E+01  5.572261E+01
 3.005000E+02  1.197209E+01  1.197330E+01  5.578118E+01
 3.010000E+02  1.198971E+01  1.199092E+01  5.583977E+01
 3.015000E+02  1.200737E+01  1.200858E+01  5.589839E+01
 3.020000E+02  1.202507E+01  1.202627E+01  5.595704E+01
 3.025000E+02  1.204280E+01  1.204401E+01  5.601571E+01
 3.030000E+02  1.206058E+01  1.206178E+01  5.607441E+01
 3.035000E+02  1.207839E+01  1.207959E+01  5.613315E+01
 3.040000E+02  1.209624E+01  1.209744E+01  5.619191E+01
 3.045000E+02  1.211413E+01  1.211533E+01  5.625071E+01
 3.050000E+02  1.213205E+01  1.213326E+01  5.630954E+01
 3.055000E+02  1.215002E+01  1.215123E+01  5.636841E+01
 3.060000E+02  1.216803E+01  1.216924E+01  5.642731E+01
 3.065000E+02  1.218608E+01  1.218729E+01  5.648625E+01
 3.070000E+02  1.220418E+01  1.220538E+01  5.654523E+01
 3.075000E+02  1.222231E+01  1.222351E+01  5.660426E+01
 3.080000E+02  1.224049E+01  1.224169E+01  5.666332E+01
 3.085000E+02  1.225871E+01  1.225991E+01  5.672242E+01
 3.090000E+02  1.227697E+01  1.227817E+01  5.678157E+01
 3.095000E+02  1.229527E+01  1.229648E+01  5.684077E+01
 3.100000E+02  1.231362E+01  1.231483E+01  5.690001E+01
 3.105000E+02  1.233202E+01  1.233322E+01  5.695930E+01
 3.110000E+02  1.235046E+01  1.235166E+01  5.701864E+01
 3.115000E+02  1.236895E+01  1.237015E+01  5.707804E+01
 3.120000E+02  1.238748E+01  1.238868E+01  5.713748E+01
 3.125000E+02  1.240606E+01  1.240726E+01  5.719698E+01
 3.130000E+02  1.242468E+01  1.242589E+01  5.725653E+01
 3.135000E+02  1.244335E+01  1.244456E+01  5.731614E+01
 3.140000E+02  1.246207E+01  1.246328E+01  5.737581E+01
 3.145000E+02  1.248084E+01  1.248205E+01  5.743554E+01
 3.150000E+02  1.249966E+01  1.250087E+01  5.749533E+01
 3.155000E+02  1.251853E+01  1.251974E+01  5.755518E+01
 3.160000E+02  1.253745E+01  1.253865E+01  5.761509E+01
 3.165000E+02  1.255642E+01  1.255762E+01  5.767508E+01
 3.170000E+02  1.257544E+01  1.257664E+01  5.773512E+01
 3.175000E+02  1.259451E+01  1.259572E+01  5.779524E+01
 3.180000E+02  1.261364E+01  1.261484E+01  5.785543E+01
 3.185000E+02  1.263281E+01  1.263402E+01  5.791569E+01
 3.190000E+02  1.265204E+01  1.265325E+01  5.797602E+01
 3.195000E+02  1.267133E+01  1.267253E+01  5.803643E+01
 3.200000E+02  1.269067E+01  1.269187E+01  5.809691E+01
 3.205000E+02  1.271006E+01  1.271127E+01  5.815747E+01
 3.210000E+02  1.272951E+01  1.273072E+01  5.821811E+01
 3.215000E+02  1.274902E+01  1.275022E+01  5.827883E+01
 3.220000E+02  1.276858E+01  1.276979E+01  5.833964E+01
 3.225000E+02  1.278821E+01  1.278941E+01  5.840053E+01
 3.230000E+02  1.280789E+01  1.280909E+01  5.846151E+01
 3.235000E+02  1.282762E+01  1.282883E+01  5.852257E+01
 3.240000E+02  1.284742E+01  1.284863E+01  5.858372E+01
 3.245000E+02  1.286728E+01  1.286849E+01  5.864497E+01
 3.250000E+02  1.288720E+01  1.288841E+01  5.870630E+01
 3.255000E+02  1.290718E+01  1.290839E+01  5.876773E+01
 3.260000E+02  1.292722E+01  1.292843E+01  5.882926E+01
 3.265000E+02  1.294733E+01  1.294853E+01  5.889089E+01
 3.270000E+02  1.296750E+01  1.296870E+01  5.895261E+01
 3.275000E+02  1.298773E+01  1.298894E+01  5.901444E+01
 3.280000E+02  1.300803E+01  1.300923E+01  5.907637E+01
 3.285000E+02  1.302839E+01  1.302960E+01  5.913841E+01
 3.290000E+02  1.304882E+01  1.305003E+01  5.920055E+01
 3.295000E+02  1.306932E+01  1.307052E+01  5.926280E+01
 3.300000E+02  1.308988E+01  1.309109E+01  5.932516E+01
 3.305000E+02  1.311051E+01  1.311172E+01  5.938764E+01
 3.310000E+02  1.313121E+01  1.313242E+01  5.945023E+01
 3.315000E+02  1.315198E+01  1.315319E+01  5.951293E+01
 3.320000E+02  1.317283E+01  1.317403E+01  5.957575E+01
 3.325000E+02  1.319374E+01  1.319494E+01  5.963869E+01
 3.330000E+02  1.321472E+01  1.321593E+01  5.970176E+01
 3.335000E+02  1.323578E+01  1.323698E+01  5.976494E+01
 3.340000E+02  1.325691E+01  1.325811E+01  5.982825E+01
 3.345000E+02  1.327811E+01  1.327932E+01  5.989169E+01
 3.350000E+02  1.329939E+01  1.330060E+01  5.995526E+01
 3.355000E+02  1.332075E+01  1.332195E+01  6.001896E+01
 3.360000E+02  1.334218E+01  1.334339E+01  6.008279E+01
 3.365000E+02  1.336369E+01  1.336489E+01  6.014676E+01
 3.370000E+02  1.338527E+01  1.338648E+01  6.021086E+01
 3.375000E+02  1.340694E+01  1.340815E+01  6.027510E+01
 3.380000E+02  1.342868E+01  1.342989E+01  6.033948E+01
 3.385000E+02  1.345051E+01  1.345172E+01  6.040401E+01
 3.390000E+02  1.347242E+01  1.347362E+01  6.046868E+01
 3.395000E+02  1.349441E+01  1.349561E+01  6.053349E+01
 3.400000E+02  1.351648E+01  1.351768E+01  6.059846E+01
 3.405000E+02  1.353863E+01  1.353984E+01  6.066357E+01
 3.410000E+02  1.356087E+01  1.356208E+01  6.072884E+01
 3.415000E+02  1.358320E+01  1.358440E+01  6.079426E+01
 3.420000E+02  1.360561E+01  1.360682E+01  6.085984E+01
 3.425000E+02  1.362811E+01  1.362931E+01  6.092558E+01
 3.430000E+02  1.365069E+01  1.365190E+01  6.099148E+01
 3.435000E+02  1.367337E+01  1.367458E+01  6.105754E+01
 3.440000E+02  1.369613E+01  1.369734E+01  6.112376E+01
 3.445000E+02  1.371899E+01  1.372020E+01  6.119015E+01
 3.450000E+02  1.374194E+01  1.374314E+01  6.125671E+01
 3.455000E+02  1.376497E+01  1.376618E+01  6.132344E+01
 3.460000E+02  1.378811E+01  1.378931E+01  6.139035E+01
 3.465000E+02  1.381133E+01  1.381254E+01  6.145743E+01
 3.470000E+02  1.383465E+01  1.383586E+01  6.152468E+01
 3.475000E+02  1.385807E+01  1.385928E+01  6.159211E+01
 3.480000E+02  1.388158E+01  1.388279E+01  6.165973E+01
 3.485000E+02  1.390519E+01  1.390640E+01  6.172753E+01
 3.490000E+02  1.392890E+01  1.393011E+01  6.179551E+01
 3.495000E+02  1.395271E+01  1.395392E+01  6.186368E+01
 3.500000E+02  1.397662E+01  1.397783E+01  6.193204E+01
 3.505000E+02  1.400063E+01  1.400184E+01  6.200059E+01
 3.510000E+02  1.402474E+01  1.402595E+01  6.206933E+01
 3.515000E+02  1.404895E+01  1.405016E+01  6.213827E+01
 3.520000E+02  1.407327E+01  1.407448E+01  6.220741E+01
 3.525000E+02  1.409770E+01  1.409890E+01  6.227674E+01
 3.530000E+02  1.412223E+01  1.412343E+01  6.234628E+01
 3.535000E+02  1.414686E+01  1.414807E+01  6.241602E+01
 3.540000E+02  1.417160E+01  1.417281E+01  6.248597E+01
 3.545000E+02  1.419646E+01  1.419766E+01  6.255612E+01
 3.550000E+02  1.422142E+01  1.422263E+01  6.262648E+01
 3.555000E+02  1.424649E+01  1.424770E+01  6.269706E+01
 3.560000E+02  1.427167E+01  1.427288E+01  6.276785E+01
 3.565000E+02  1.429697E+01  1.429818E+01  6.283885E+01
 3.570000E+02  1.432238E+01  1.432359E+01  6.291008E+01
 3.575000E+02  1.434790E+01  1.434911E+01  6.298152E+01
 3.580000E+02  1.437354E+01  1.437475E+01  6.305319E+01
 3.585000E+02  1.439929E+01  1.440050E+01  6.312508E+01
 3.590000E+02  1.442517E+01  1.442637E+01  6.319719E+01
 3.595000E+02  1.445115E+01  1.445236E+01  6.326954E+01
 3.600000E+02  1.447726E+01  1.447847E+01  6.334211E+01
 3.605000E+02  1.450349E+01  1.450470E+01  6.341492E+01
 3.610000E+02  1.452984E+01  1.453105E+01  6.348796E+01
 3.615000E+02  1.455631E+01  1.455752E+01  6.356123E+01
 3.620000E+02  1.458290E+01  1.458411E+01  6.363474E+01
 3.625000E+02  1.460962E+01  1.461083E+01  6.370850E+01
 3.630000E+02  1.463646E+01  1.463767E+01  6.378249E+01
 3.635000E+02  1.466343E+01  1.466464E+01  6.385673E+01
 3.640000E+02  1.469053E+01  1.469173E+01  6.393122E+01
 3.645000E+02  1.471775E+01  1.471896E+01  6.400595E+01
 3.650000E+02  1.474510E+01  1.474631E+01  6.408093E+01
 3.655000E+02  1.477258E+01  1.477378E+01  6.415617E+01
 3.660000E+02  1.480019E+01  1.480139E+01  6.423166E+01
 3.665000E+02  1.482793E+01  1.482914E+01  6.430740E+01
 3.670000E+02  1.485580E+01  1.485701E+01  6.438340E+01
 3.675000E+02  1.488380E+01  1.488501E+01  6.445965E+01
 3.680000E+02  1.491194E+01  1.491315E+01  6.453617E+01
 3.685000E+02  1.494022E+01  1.494143E+01  6.461295E+01
 3.690000E+02  1.496863E+01  1.496984E+01  6.469000E+01
 3.695000E+02  1.499718E+01  1.499839E+01  6.476731E+01
 3.700000E+02  1.502586E+01  1.502707E+01  6.484489E+01
 3.705000E+02  1.505468E+01  1.505589E+01  6.492274E+01
 3.710000E+02  1.508365E+01  1.508486E+01  6.500086E+01
 3.715000E+02  1.511275E+01  1.511396E+01  6.507925E+01
 3.720000E+02  1.514199E+01  1.514320E+01  6.515792E+01
 3.725000E+02  1.517138E+01  1.517259E+01  6.523686E+01
 3.730000E+02  1.520091E+01  1.520212E+01  6.531608E+01
 3.735000E+02  1.523058E+01  1.523179E+01  6.539558E+01
 3.740000E+02  1.526040E+01  1.526161E+01  6.547536E+01
 3.745000E+02  1.529036E+01  1.529158E+01  6.555542E+01
 3.750000E+02  1.532047E+01  1.532168E+01  6.563577E+01
 3.755000E+02  1.535073E+01  1.535194E+01  6.571640E+01
 3.760000E+02  1.538114E+01  1.538235E+01  6.579732E+01
 3.765000E+02  1.541169E+01  1.541290E+01  6.587853E+01
 3.770000E+02  1.544239E+01  1.544361E+01  6.596002E+01
 3.775000E+02  1.547325E+01  1.547446E+01  6.604181E+01
 3.780000E+02  1.550425E+01  1.550546E+01  6.612389E+01
 3.785000E+02  1.553541E+01  1.553662E+01  6.620626E+01
 3.790000E+02  1.556672E+01  1.556793E+01  6.628893E+01
 3.795000E+02  1.559819E+01  1.559940E+01  6.637190E+01
 3.800000E+02  1.562980E+01  1.563102E+01  6.645516E+01
 3.805000E+02  1.566158E+01  1.566279E+01  6.653872E+01
 3.810000E+02  1.569351E+01  1.569472E+01  6.662257E+01
 3.815000E+02  1.572559E+01  1.572680E+01  6.670673E+01
 3.820000E+02  1.575784E+01  1.575905E+01  6.679120E+01
 3.825000E+02  1.579024E+01  1.579145E+01  6.687596E+01
 3.830000E+02  1.582280E+01  1.582401E+01  6.696103E+01
 3.835000E+02  1.585551E+01  1.585673E+01  6.704640E+01
 3.840000E+02  1.588839E+01  1.588961E+01  6.713208E+01
 3.845000E+02  1.592143E+01  1.592264E+01  6.721806E+01
 3.850000E+02  1.595463E+01  1.595584E+01  6.730435E+01
 3.855000E+02  1.598800E+01  1.598921E+01  6.739095E+01
 3.860000E+02  1.602152E+01  1.602273E+01  6.747786E+01
 3.865000E+02  1.605521E+01  1.605642E+01  6.756507E+01
 3.870000E+02  1.608906E+01  1.609027E+01  6.765260E+01
 3.875000E+02  1.612307E+01  1.612429E+01  6.774044E+01
 3.880000E+02  1.615725E+01  1.615846E+01  6.782859E+01
 3.885000E+02  1.619160E+01  1.619281E+01  6.791705E+01
 3.890000E+02  1.622611E+01  1.622732E+01  6.800582E+01
 3.895000E+02  1.626078E+01  1.626200E+01  6.809490E+01
 3.900000E+02  1.629563E+01  1.629684E+01  6.818430E+01
 3.905000E+02  1.633063E+01  1.633185E+01  6.827401E+01
 3.910000E+02  1.636581E+01  1.636702E+01  6.836403E+01
 3.915000E+02  1.640116E+01  1.640237E+01  6.845437E+01
 3.920000E+02  1.643667E+01  1.643788E+01  6.854502E+01
 3.925000E+02  1.647235E+01  1.647356E+01  6.863598E+01
 3.930000E+02  1.650820E+01  1.650941E+01  6.872726E+01
 3.935000E+02  1.654422E+01  1.654543E+01  6.881885E+01
 3.940000E+02  1.658040E+01  1.658162E+01  6.891076E+01
 3.945000E+02  1.661676E+01  1.661797E+01  6.900298E+01
 3.950000E+02  1.665329E+01  1.665450E+01  6.909551E+01
 3.955000E+02  1.668998E+01  1.669120E+01  6.918835E+01
 3.960000E+02  1.672685E+01  1.672806E+01  6.928151E+01
 3.965000E+02  1.676389E+01  1.676510E+01  6.937498E+01
 3.970000E+02  1.680109E+01  1.680231E+01  6.946876E+01
 3.975000E+02  1.683847E+01  1.683969E+01  6.956285E+01
 3.980000E+02  1.687602E+01  1.687723E+01  6.965725E+01
 3.985000E+02  1.691374E+01  1.691495E+01  6.975197E+01
 3.990000E+02  1.695163E+01  1.695284E+01  6.984699E+01
 3.995000E+02  1.698969E+01  1.699091E+01  6.994232E+01
 4.000000E+02  1.702792E+01  1.702914E+01  7.003796E+01
 4.005000E+02  1.706632E+01  1.706754E+01  7.013390E+01
 4.010000E+02  1.710490E+01  1.710611E+01  7.023015E+01
 4.015000E+02  1.714364E+01  1.714485E+01  7.032671E+01
 4.020000E+02  1.718255E+01  1.718377E+01  7.042357E+01
 4.025000E+02  1.722164E+01  1.722285E+01  7.052073E+01
 4.030000E+02  1.726089E+01  1.726210E+01  7.061820E+01
 4.035000E+02  1.730031E+01  1.730153E+01  7.071596E+01
 4.040000E+02  1.733991E+01  1.734112E+01  7.081402E+01
 4.045000E+02  1.737967E+01  1.738088E+01  7.091238E+01
 4.050000E+02  1.741960E+01  1.742081E+01  7.101104E+01
 4.055000E+02  1.745970E+01  1.746091E+01  7.110999E+01
 4.060000E+02  1.749997E+01  1.750118E+01  7.120923E+01
 4.065000E+02  1.754040E+01  1.754162E+01  7.130876E+01
 4.070000E+02  1.758100E+01  1.758222E+01  7.140858E+01
 4.075000E+02  1.762177E+01  1.762299E+01  7.150869E+01
 4.080000E+02  1.766271E+01  1.766392E+01  7.160909E+01
 4.085000E+02  1.770381E+01  1.770503E+01  7.170976E+01
 4.090000E+02  1.774508E+01  1.774629E+01  7.181072E+01
 4.095000E+02  1.778651E+01  1.778772E+01  7.191196E+01
 4.100000E+02  1.782810E+01  1.782932E+01  7.201347E+01
 4.105000E+02  1.786986E+01  1.787108E+01  7.211526E+01
 4.110000E+02  1.791178E+01  1.791300E+01  7.221732E+01
 4.115000E+02  1.795387E+01  1.795508E+01  7.231965E+01
 4.120000E+02  1.799611E+01  1.799733E+01  7.242225E+01
 4.125000E+02  1.803852E+01  1.803973E+01  7.252511E+01
 4.130000E+02  1.808108E+01  1.808230E+01  7.262824E+01
 4.135000E+02  1.812380E+01  1.812502E+01  7.273162E+01
 4.140000E+02  1.816668E+01  1.816790E+01  7.283526E+01
 4.145000E+02  1.820972E+01  1.821094E+01  7.293915E+01
 4.150000E+02  1.825291E+01  1.825413E+01  7.304329E+01
 4.155000E+02  1.829626E+01  1.829748E+01  7.314768E+01
 4.160000E+02  1.833976E+01  1.834098E+01  7.325232E+01
 4.165000E+02  1.838342E+01  1.838463E+01  7.335719E+01
 4.170000E+02  1.842722E+01  1.842844E+01  7.346231E+01
 4.175000E+02  1.847118E+01  1.847240E+01  7.356766E+01
 4.180000E+02  1.851528E+01  1.851650E+01  7.367323E+01
 4.185000E+02  1.855954E+01  1.856076E+01  7.377904E+01
 4.190000E+02  1.860394E+01  1.860516E+01  7.388507E+01
 4.195000E+02  1.864849E+01  1.864970E+01  7.399133E+01
 4.200000E+02  1.869318E+01  1.869439E+01  7.409779E+01
 4.205000E+02  1.873801E+01  1.873923E+01  7.420448E+01
 4.210000E+02  1.878298E+01  1.878420E+01  7.431137E+01
 4.215000E+02  1.882810E+01  1.882932E+01  7.441847E+01
 4.220000E+02  1.887335E+01  1.887457E+01  7.452577E+01
 4.225000E+02  1.891874E+01  1.891996E+01  7.463326E+01
 4.230000E+02  1.896427E+01  1.896549E+01  7.474095E+01
 4.235000E+02  6.857956E+01  7.208031E+01  2.001792E+02
 4.240000E+02  6.859282E+01  7.209780E+01  2.002205E+02
 4.245000E+02  6.860607E+01  7.211529E+01  2.002617E+02
 4.250000E+02  6.861932E+01  7.213277E+01  2.003029E+02
 4.255000E+02  6.863258E+01  7.215026E+01  2.003440E+02
 4.260000E+02  6.864583E+01  7.216774E+01  2.003850E+02
 4.265000E+02  6.865908E+01  7.218522E+01  2.004261E+02
 4.270000E+02  6.867233E+01  7.220269E+01  2.004670E+02
 4.275000E+02  6.868557E+01  7.222017E+01  2.005079E+02
 4.280000E+02  6.869882E+01  7.223765E+01  2.005488E+02
 4.285000E+02  6.871206E+01  7.225512E+01  2.005896E+02
 4.290000E+02  6.872531E+01  7.227259E+01  2.006303E+02
 4.295000E+02  6.873855E+01  7.229006E+01  2.006710E+02
 4.300000E+02  6.875179E+01  7.230753E+01  2.007117E+02
 4.305000E+02  6.876503E+01  7.232500E+01  2.007523E+02
 4.310000E+02  6.877827E+01  7.234246E+01  2.007928E+02
 4.315000E+02  6.879151E+01  7.235993E+01  2.008333E+02
 4.320000E+02  6.880475E+01  7.237739E+01  2.008737E+02
 4.325000E+02  6.881799E+01  7.239485E+01  2.009141E+02
 4.330000E+02  6.883122E+01  7.241231E+01  2.009545E+02
 4.335000E+02  6.884446E+01  7.242977E+01  2.009948E+02
 4.340000E+02  6.885769E+01  7.244723E+01  2.010350E+02
 4.345000E+02  6.887093E+01  7.246468E+01  2.010752E+02
 4.350000E+02  6.888416E+01  7.248214E+01  2.011154E+02
 4.355000E+02  6.889739E+01  7.249959E+01  2.011555E+02
 4.360000E+02  6.891062E+01  7.251704E+01  2.011955E+02
 4.365000E+02  6.892385E+01  7.253450E+01  2.012355E+02
 4.370000E+02  6.893709E+01  7.255195E+01  2.012755E+02
 4.375000E+02  6.895032E+01  7.256940E+01  2.013154E+02
 4.380000E+02  6.896355E+01  7.258685E+01  2.013553E+02
 4.385000E+02  6.897678E+01  7.260430E+01  2.013951E+02
 4.390000E+02  6.899000E+01  7.262174E+01  2.014349E+02
 4.395000E+02  6.900323E+01  7.263919E+01  2.014746E+02
 4.400000E+02  6.901646E+01  7.265664E+01  2.015142E+02
 4.405000E+02  6.902969E+01  7.267408E+01  2.015539E+02
 4.410000E+02  6.904292E+01  7.269153E+01  2.015935E+02
 4.415000E+02  6.905614E+01  7.270897E+01  2.016330E+02
 4.420000E+02  6.906937E+01  7.272641E+01  2.016725E+02
 4.425000E+02  6.908260E+01  7.274386E+01  2.017119E+02
 4.430000E+02  6.909582E+01  7.276130E+01  2.017513E+02
 4.435000E+02  6.910905E+01  7.277874E+01  2.017907E+02
 4.440000E+02  6.912228E+01  7.279618E+01  2.018300E+02
 4.445000E+02  6.913550E+01  7.281362E+01  2.018692E+02
 4.450000E+02  6.914873E+01  7.283106E+01  2.019084E+02
 4.455000E+02  6.916195E+01  7.284850E+01  2.019476E+02
 4.460000E+02  6.917518E+01  7.286594E+01  2.019867E+02
 4.465000E+02  6.918841E+01  7.288338E+01  2.020258E+02
 4.470000E+02  6.920163E+01  7.290082E+01  2.020648E+02
 4.475000E+02  6.921486E+01  7.291826E+01  2.021038E+02
 4.480000E+02  6.922808E+01  7.293570E+01  2.021428E+02
 4.485000E+02  6.924131E+01  7.295313E+01  2.021817E+02
 4.490000E+02  6.925454E+01  7.297057E+01  2.022205E+02
 4.495000E+02  6.926776E+01  7.298801E+01  2.022593E+02
 4.500000E+02  6.928099E+01  7.300544E+01  2.022981E+02
 4.505000E+02  6.929422E+01  7.302288E+01  2.023368E+02
 4.510000E+02  6.930744E+01  7.304032E+01  2.023755E+02
 4.515000E+02  6.932067E+01  7.305775E+01  2.024142E+02
 4.520000E+02  6.933390E+01  7.307519E+01  2.024528E+02
 4.525000E+02  6.934712E+01  7.309263E+01  2.024913E+02
 4.530000E+02  6.936035E+01  7.311006E+01  2.025298E+02
 4.535000E+02  6.937358E+01  7.312750E+01  2.025683E+02
 4.540000E+02  6.938681E+01  7.314494E+01  2.026067E+02
 4.545000E+02  6.940004E+01  7.316237E+01  2.026451E+02
 4.550000E+02  6.941327E+01  7.317981E+01  2.026835E+02
 4.555000E+02  6.942650E+01  7.319725E+01  2.027218E+02
 4.560000E+02  6.943972E+01  7.321468E+01  2.027600E+02
 4.565000E+02  6.945296E+01  7.323212E+01  2.027982E+02
 4.570000E+02  6.946619E+01  7.324956E+01  2.028364E+02
 4.575000E+02  6.947942E+01  7.326699E+01  2.028745E+02
 4.580000E+02  6.949265E+01  7.328443E+01  2.029126E+02
 4.585000E+02  6.950588E+01  7.330187E+01  2.029507E+02
 4.590000E+02  6.951911E+01  7.331931E+01  2.029887E+02
 4.595000E+02  6.953235E+01  7.333674E+01  2.030267E+02
 4.600000E+02  6.954558E+01  7.335418E+01  2.030646E+02
 4.605000E+02  6.955881E+01  7.337162E+01  2.031025E+02
 4.610000E+02  6.957205E+01  7.338906E+01  2.031403E+02
 4.615000E+02  6.958528E+01  7.340650E+01  2.031781E+02
 4.620000E+02  6.959852E+01  7.342394E+01  2.032159E+02
 4.625000E+02  6.961176E+01  7.344138E+01  2.032536E+02
 4.630000E+02  6.962499E+01  7.345882E+01  2.032913E+02
 4.635000E+02  6.963823E+01  7.347626E+01  2.033290E+02
 4.640000E+02  6.965147E+01  7.349370E+01  2.033666E+02
 4.645000E+02  6.966471E+01  7.351114E+01  2.034042E+02
 4.650000E+02  6.967795E+01  7.352858E+01  2.034417E+02
 4.655000E+02  6.969119E+01  7.354602E+01  2.034792E+02
 4.660000E+02  6.970443E+01  7.356346E+01  2.035166E+02
 4.665000E+02  6.971767E+01  7.358091E+01  2.035540E+02
 4.670000E+02  6.973092E+01  7.359835E+01  2.035914E+02
 4.675000E+02  6.974416E+01  7.361580E+01  2.036287E+02
 4.680000E+02  6.975741E+01  7.363324E+01  2.036660E+02
 4.685000E+02  6.977065E+01  7.365069E+01  2.037033E+02
 4.690000E+02  6.978390E+01  7.366813E+01  2.037405E+02
 4.695000E+02  6.979714E+01  7.368558E+01  2.037777E+02
 4.700000E+02  6.981039E+01  7.370303E+01  2.038148E+02
 4.705000E+02  6.982364E+01  7.372047E+01  2.038519E+02
 4.710000E+02  6.983689E+01  7.373792E+01  2.038890E+02
 4.715000E+02  6.985014E+01  7.375537E+01  2.039260E+02
 4.720000E+02  6.986339E+01  7.377282E+01  2.039630E+02
 4.725000E+02  6.987664E+01  7.379027E+01  2.040000E+02
 4.730000E+02  6.988990E+01  7.380772E+01  2.040369E+02
 4.735000E+02  6.990315E+01  7.382517E+01  2.040738E+02
 4.740000E+02  6.991641E+01  7.384263E+01  2.041106E+02
 4.745000E+02  6.992966E+01  7.386008E+01  2.041474E+02
 4.750000E+02  6.994292E+01  7.387753E+01  2.041842E+02
 4.755000E+02  6.995618E+01  7.389499E+01  2.042209E+02
 4.760000E+02  6.996944E+01  7.391245E+01  2.042576E+02
 4.765000E+02  6.998270E+01  7.392990E+01  2.042942E+02
 4.770000E+02  6.999596E+01  7.394736E+01  2.043309E+02
 4.775000E+02  7.000922E+01  7.396482E+01  2.043674E+02
 4.780000E+02  7.002249E+01  7.398228E+01  2.044040E+02
 4.785000E+02  7.003575E+01  7.399974E+01  2.044405E+02
 4.790000E+02  7.004902E+01  7.401720E+01  2.044770E+02
 4.795000E+02  7.006228E+01  7.403466E+01  2.045134E+02
 4.800000E+02  7.007555E+01  7.405212E+01  2.045498E+02
 4.805000E+02  7.008882E+01  7.406959E+01  2.045862E+02
 4.810000E+02  7.010209E+01  7.408705E+01  2.046225E+02
 4.815000E+02  7.011536E+01  7.410452E+01  2.046588E+02
 4.820000E+02  7.012864E+01  7.412198E+01  2.046950E+02
 4.825000E+02  7.014191E+01  7.413945E+01  2.047313E+02
 4.830000E+02  7.015518E+01  7.415692E+01  2.047674E+02
 4.835000E+02  7.016846E+01  7.417439E+01  2.048036E+02
 4.840000E+02  7.018174E+01  7.419186E+01  2.048397E+02
 4.845000E+02  7.019502E+01  7.420933E+01  2.048758E+02
 4.850000E+02  7.020830E+01  7.422680E+01  2.049118E+02
 4.855000E+02  7.022158E+01  7.424428E+01  2.049478E+02
 4.860000E+02  7.023486E+01  7.426175E+01  2.049838E+02
 4.865000E+02  7.024814E+01  7.427923E+01  2.050198E+02
 4.870000E+02  7.026143E+01  7.429671E+01  2.050557E+02
 4.875000E+02  7.027472E+01  7.431418E+01  2.050915E+02
 4.880000E+02  7.028800E+01  7.433166E+01  2.051274E+02
 4.885000E+02  7.030129E+01  7.434914E+01  2.051632E+02
 4.890000E+02  7.031458E+01  7.436662E+01  2.051989E+02
 4.895000E+02  7.032787E+01  7.438411E+01  2.052347E+02
 4.900000E+02  7.034117E+01  7.440159E+01  2.052704E+02
 4.905000E+02  7.035446E+01  7.441908E+01  2.053060E+02
 4.910000E+02  7.036776E+01  7.443656E+01  2.053417E+02
 4.915000E+02  7.038105E+01  7.445405E+01  2.053773E+02
 4.920000E+02  7.039435E+01  7.447154E+01  2.054128E+02
 4.925000E+02  7.040765E+01  7.448903E+01  2.054484E+02
 4.930000E+02  7.042095E+01  7.450652E+01  2.054839E+02
 4.935000E+02  7.043425E+01  7.452401E+01  2.055193E+02
 4.940000E+02  7.044756E+01  7.454150E+01  2.055548E+02
 4.945000E+02  7.046086E+01  7.455900E+01  2.055902E+02
 4.950000E+02  7.047417E+01  7.457649E+01  2.056255E+02
 4.955000E+02  7.048748E+01  7.459399E+01  2.056608E+02
 4.960000E+02  7.050079E+01  7.461149E+01  2.056961E+02
 4.965000E+02  7.051410E+01  7.462899E+01  2.057314E+02
 4.970000E+02  7.052741E+01  7.464649E+01  2.057666E+02
 4.975000E+02  7.054073E+01  7.466399E+01  2.058018E+02
 4.980000E+02  7.055404E+01  7.468150E+01  2.058370E+02
 4.985000E+02  7.056736E+01  7.469900E+01  2.058721E+02
 4.990000E+02  7.058068E+01  7.471651E+01  2.059072E+02
 4.995000E+02  7.059400E+01  7.473402E+01  2.059423E+02
 5.000000E+02  7.060732E+01  7.475153E+01  2.059773E+02
