#         T/K        V/dm^3  V(excl)/dm^3    alpha/K^-1        status
 2.000000E+02  1.179749E-02  1.165284E-02  6.285040E-05                                 111
 2.005000E+02  1.179786E-02  1.165284E-02  6.285249E-05                                 112
 2.010000E+02  1.179823E-02  1.165284E-02  6.285865E-05                                 111
 2.015000E+02  1.179860E-02  1.165284E-02  6.286483E-05                                 112
 2.020000E+02  1.179897E-02  1.165284E-02  6.287101E-05                                 112
 2.025000E+02  1.179934E-02  1.165284E-02  6.287720E-05                                 111
 2.030000E+02  1.179971E-02  1.165284E-02  6.288341E-05                                 112
 2.035000E+02  1.180008E-02  1.165284E-02  6.288962E-05                                 111
 2.040000E+02  1.180045E-02  1.165284E-02  6.289585E-05                                 112
 2.045000E+02  1.180082E-02  1.165284E-02  6.290208E-05                                 111
 2.050000E+02  1.180119E-02  1.165284E-02  6.290833E-05                                 111
 2.055000E+02  1.180157E-02  1.165284E-02  6.291460E-05                                 112
 2.060000E+02  1.180194E-02  1.165284E-02  6.292087E-05                                 111
 2.065000E+02  1.180231E-02  1.165284E-02  6.292716E-05                                 112
 2.070000E+02  1.180268E-02  1.165284E-02  6.293346E-05                                 111
 2.075000E+02  1.180305E-02  1.165284E-02  6.293978E-05                                 112
 2.080000E+02  1.180342E-02  1.165284E-02  6.294611E-05                                 112
 2.085000E+02  1.180379E-02  1.165284E-02  6.295246E-05                                 111
 2.090000E+02  1.180417E-02  1.165284E-02  6.295882E-05                                 112
 2.095000E+02  1.180454E-02  1.165284E-02  6.296520E-05                                 111
 2.100000E+02  1.180491E-02  1.165284E-02  6.297159E-05                                 111
 2.105000E+02  1.180528E-02  1.165284E-02  6.297801E-05                                 111
 2.110000E+02  1.180565E-02  1.165284E-02  6.298444E-05                                 112
 2.115000E+02  1.180602E-02  1.165284E-02  6.299089E-05                                 111
 2.120000E+02  1.180640E-02  1.165284E-02  6.299736E-05                                 112
 2.125000E+02  1.180677E-02  1.165284E-02  6.300385E-05                                 112
 2.130000E+02  1.180714E-02  1.165284E-02  6.301036E-05                                 111
 2.135000E+02  1.180751E-02  1.165284E-02  6.301689E-05                                 112
 2.140000E+02  1.180788E-02  1.165284E-02  6.302344E-05                                 111
 2.145000E+02  1.180826E-02  1.165284E-02  6.303002E-05                                 111
 2.150000E+02  1.180863E-02  1.165284E-02  6.303661E-05                                 112
 2.155000E+02  1.180900E-02  1.165284E-02  6.304324E-05                                 111
 2.160000E+02  1.180937E-02  1.165284E-02  6.304989E-05                                 112
 2.165000E+02  1.180975E-02  1.165284E-02  6.305656E-05                                 111
 2.170000E+02  1.181012E-02  1.165284E-02  6.306326E-05                                 111
 2.175000E+02  1.181049E-02  1.165284E-02  6.306999E-05                                 112
 2.180000E+02  1.181086E-02  1.165284E-02  6.307675E-05                                 111
 2.185000E+02  1.181124E-02  1.165284E-02  6.308353E-05                                 112
 2.190000E+02  1.181161E-02  1.165284E-02  6.309035E-05                                 112
 2.195000E+02  1.181198E-02  1.165284E-02  6.309720E-05                                 111
 2.200000E+02  1.181235E-02  1.165284E-02  6.310408E-05                                 112
 2.205000E+02  1.181273E-02  1.165284E-02  6.311099E-05                                 111
 2.210000E+02  1.181310E-02  1.165284E-02  6.311794E-05                                 111
 2.215000E+02  1.181347E-02  1.165284E-02  6.312492E-05                                 112
 2.220000E+02  1.181384E-02  1.165284E-02  6.313194E-05                                 112
 2.225000E+02  1.181422E-02  1.165284E-02  6.313900E-05                                 111
 2.230000E+02  1.181459E-02  1.165284E-02  6.314609E-05                                 112
 2.235000E+02  1.181496E-02  1.165284E-02  6.315323E-05                                 111
 2.240000E+02  1.181534E-02  1.165284E-02  6.316041E-05                                 111
 2.245000E+02  1.181571E-02  1.165284E-02  6.316763E-05                                 112
 2.250000E+02  1.181608E-02  1.165284E-02  6.317489E-05                                 111
 2.255000E+02  1.181646E-02  1.165284E-02  6.318220E-05                                 111
 2.260000E+02  1.181683E-02  1.165284E-02  6.318956E-05                                 112
 2.265000E+02  1.181720E-02  1.165284E-02  6.319696E-05                                 111
 2.270000E+02  1.181758E-02  1.165284E-02  6.320442E-05                                 111
 2.275000E+02  1.181795E-02  1.165284E-02  6.321192E-05                                 112
 2.280000E+02  1.181832E-02  1.165284E-02  6.321948E-05                                 111
 2.285000E+02  1.181870E-02  1.165284E-02  6.322709E-05                                 111
 2.290000E+02  1.181907E-02  1.165284E-02  6.323476E-05                                 112
 2.295000E+02  1.181944E-02  1.165284E-02  6.324249E-05                                 111
 2.300000E+02  1.181982E-02  1.165284E-02  6.325027E-05                                 111
 2.305000E+02  1.182019E-02  1.165284E-02  6.325812E-05                                 112
 2.310000E+02  1.182057E-02  1.165284E-02  6.326603E-05                                 111
 2.315000E+02  1.182094E-02  1.165284E-02  6.327400E-05                                 111
 2.320000E+02  1.182131E-02  1.165284E-02  6.328204E-05                                 112
 2.325000E+02  1.182169E-02  1.165284E-02  6.329015E-05                                 111
 2.330000E+02  1.182206E-02  1.165284E-02  6.329833E-05                                 111
 2.335000E+02  1.182244E-02  1.165284E-02  6.330658E-05                                 112
 2.340000E+02  1.182281E-02  1.165284E-02  6.331491E-05                                 111
 2.345000E+02  1.182318E-02  1.165284E-02  6.332331E-05                                 111
 2.350000E+02  1.182356E-02  1.165284E-02  6.333180E-05                                 112
 2.355000E+02  1.182393E-02  1.165284E-02  6.334036E-05                                 111
 2.360000E+02  1.182431E-02  1.165284E-02  6.334901E-05                                 111
 2.365000E+02  1.182468E-02  1.165284E-02  6.335774E-05                                 112
 2.370000E+02  1.182506E-02  1.165284E-02  6.336657E-05                                 112
 2.375000E+02  1.182543E-02  1.165284E-02  6.337548E-05                                 111
 2.380000E+02  1.182581E-02  1.165284E-02  6.338449E-05                                 112
 2.385000E+02  1.182618E-02  1.165284E-02  6.339359E-05                                 112
 2.390000E+02  1.182656E-02  1.165284E-02  6.340279E-05                                 111
 2.395000E+02  1.182693E-02  1.165284E-02  6.341209E-05                                 111
 2.400000E+02  1.182731E-02  1.165284E-02  6.342150E-05                                 112
 2.405000E+02  1.182768E-02  1.165284E-02  6.343102E-05                                 111
 2.410000E+02  1.182806E-02  1.165284E-02  6.344064E-05                                 111
 2.415000E+02  1.182843E-02  1.165284E-02  6.345038E-05                                 112
 2.420000E+02  1.182881E-02  1.165284E-02  6.346023E-05                                 111
 2.425000E+02  1.182918E-02  1.165284E-02  6.347020E-05                                 111
 2.430000E+02  1.182956E-02  1.165284E-02  6.348030E-05                                 112
 2.435000E+02  1.182993E-02  1.165284E-02  6.349052E-05                                 112
 2.440000E+02  1.183031E-02  1.165284E-02  6.350087E-05                                 111
 2.445000E+02  1.183068E-02  1.165284E-02  6.351136E-05                                 111
 2.450000E+02  1.183106E-02  1.165284E-02  6.352198E-05                                 112
 2.455000E+02  1.183144E-02  1.165284E-02  6.353273E-05                                 111
 2.460000E+02  1.183181E-02  1.165284E-02  6.354364E-05                                 111
 2.465000E+02  1.183219E-02  1.165284E-02  6.355468E-05                                 112
 2.470000E+02  1.183256E-02  1.165284E-02  6.356588E-05                                 112
 2.475000E+02  1.183294E-02  1.165284E-02  6.357724E-05                                 111
 2.480000E+02  1.183332E-02  1.165284E-02  6.358875E-05                                 111
 2.485000E+02  1.183369E-02  1.165284E-02  6.360043E-05                                 112
 2.490000E+02  1.183407E-02  1.165284E-02  6.361227E-05                                 111
 2.495000E+02  1.183445E-02  1.165284E-02  6.362428E-05                                 111
 2.500000E+02  1.183482E-02  1.165284E-02  6.363647E-05                                 112
 2.505000E+02  1.183520E-02  1.165284E-02  6.364884E-05                                 112
 2.510000E+02  1.183557E-02  1.165284E-02  6.366140E-05                                 111
 2.515000E+02  1.183595E-02  1.165284E-02  6.367414E-05                                 112
 2.520000E+02  1.183633E-02  1.165284E-02  6.368708E-05                                 112
 2.525000E+02  1.183671E-02  1.165284E-02  6.370022E-05                                 111
 2.530000E+02  1.183708E-02  1.165284E-02  6.371355E-05                                 111
 2.535000E+02  1.183746E-02  1.165284E-02  6.372710E-05                                 112
 2.540000E+02  1.183784E-02  1.165284E-02  6.374086E-05                                 112
 2.545000E+02  1.183821E-02  1.165284E-02  6.375485E-05                                 111
 2.550000E+02  1.183859E-02  1.165284E-02  6.376905E-05                                 111
 2.555000E+02  1.183897E-02  1.165284E-02  6.378349E-05                                 112
 2.560000E+02  1.183935E-02  1.165284E-02  6.379815E-05                                 112
 2.565000E+02  1.183972E-02  1.165284E-02  6.381307E-05                                 111
 2.570000E+02  1.184010E-02  1.165284E-02  6.382822E-05                                 111
 2.575000E+02  1.184048E-02  1.165284E-02  6.384363E-05                                 112
 2.580000E+02  1.184086E-02  1.165284E-02  6.385930E-05                                 112
 2.585000E+02  1.184124E-02  1.165284E-02  6.387523E-05                                 111
 2.590000E+02  1.184161E-02  1.165284E-02  6.389144E-05                                 111
 2.595000E+02  1.184199E-02  1.165284E-02  6.390792E-05                                 112
 2.600000E+02  1.184237E-02  1.165284E-02  6.392468E-05                                 111
 2.605000E+02  1.184275E-02  1.165284E-02  6.394174E-05                                 111
 2.610000E+02  1.184313E-02  1.165284E-02  6.395909E-05                                 112
 2.615000E+02  1.184351E-02  1.165284E-02  6.397674E-05                                 112
 2.620000E+02  1.184389E-02  1.165284E-02  6.399471E-05                                 111
 2.625000E+02  1.184427E-02  1.165284E-02  6.401299E-05                                 111
 2.630000E+02  1.184464E-02  1.165284E-02  6.403160E-05                                 112
 2.635000E+02  1.184502E-02  1.165284E-02  6.405054E-05                                 112
 2.640000E+02  1.184540E-02  1.165284E-02  6.406982E-05                                 112
 2.645000E+02  1.184578E-02  1.165284E-02  6.408945E-05                                 112
 2.650000E+02  1.184616E-02  1.165284E-02  6.410943E-05                                 112
 2.655000E+02  1.184654E-02  1.165284E-02  6.412977E-05                                 112
 2.660000E+02  1.184692E-02  1.165284E-02  6.415049E-05                                 112
 2.665000E+02  1.184730E-02  1.165284E-02  6.417159E-05                                 112
 2.670000E+02  1.184768E-02  1.165284E-02  6.419307E-05                                 112
 2.675000E+02  1.184806E-02  1.165284E-02  6.421495E-05                                 112
 2.680000E+02  1.184844E-02  1.165284E-02  6.423724E-05                                 112
 2.685000E+02  1.184882E-02  1.165284E-02  6.425993E-05                                 112
 2.690000E+02  1.184920E-02  1.165284E-02  6.428305E-05                                 112
 2.695000E+02  1.184959E-02  1.165284E-02  6.430660E-05                                 112
 2.700000E+02  1.184997E-02  1.165284E-02  6.433060E-05                                 112
 2.705000E+02  1.185035E-02  1.165284E-02  6.435504E-05                                 112
 2.710000E+02  1.185073E-02  1.165284E-02  6.437994E-05                                 112
 2.715000E+02  1.185111E-02  1.165284E-02  6.440531E-05                                 112
 2.720000E+02  1.185149E-02  1.165284E-02  6.443116E-05                                 112
 2.725000E+02  1.185187E-02  1.165284E-02  6.445750E-05                                 112
 2.730000E+02  1.185226E-02  1.165284E-02  6.448434E-05                                 112
 2.735000E+02  1.185264E-02  1.165284E-02  6.451169E-05                                 112
 2.740000E+02  1.185302E-02  1.165284E-02  6.453956E-05                                 112
 2.745000E+02  1.185340E-02  1.165284E-02  6.456796E-05                                 112
 2.750000E+02  1.185379E-02  1.165284E-02  6.459690E-05                                 112
 2.755000E+02  1.185417E-02  1.165284E-02  6.462640E-05                                 112
 2.760000E+02  1.185455E-02  1.165284E-02  6.465646E-05                                 112
 2.765000E+02  1.185494E-02  1.165284E-02  6.468709E-05                                 112
 2.770000E+02  1.185532E-02  1.165284E-02  6.471832E-05                                 112
 2.775000E+02  1.185570E-02  1.165284E-02  6.475014E-05                                 112
 2.780000E+02  1.185609E-02  1.165284E-02  6.478257E-05                                 112
 2.785000E+02  1.185647E-02  1.165284E-02  6.481562E-05                                 112
 2.790000E+02  1.185686E-02  1.165284E-02  6.484931E-05                                 112
 2.795000E+02  1.185724E-02  1.165284E-02  6.488365E-05                                 112
 2.800000E+02  1.185762E-02  1.165284E-02  6.491865E-05                                 112
 2.805000E+02  1.185801E-02  1.165284E-02  6.495432E-05                                 112
 2.810000E+02  1.185840E-02  1.165284E-02  6.499068E-05                                 112
 2.815000E+02  1.185878E-02  1.165284E-02  6.502774E-05                                 112
 2.820000E+02  1.185917E-02  1.165284E-02  6.506552E-05                                 112
 2.825000E+02  1.185955E-02  1.165284E-02  6.510402E-05                                 112
 2.830000E+02  1.185994E-02  1.165284E-02  6.514326E-05                                 112
 2.835000E+02  1.186032E-02  1.165284E-02  6.518325E-05                                 112
 2.840000E+02  1.186071E-02  1.165284E-02  6.522402E-05                                 112
 2.845000E+02  1.186110E-02  1.165284E-02  6.526557E-05                                 112
 2.850000E+02  1.186149E-02  1.165284E-02  6.530792E-05                                 112
 2.855000E+02  1.186187E-02  1.165284E-02  6.535108E-05                                 112
 2.860000E+02  1.186226E-02  1.165284E-02  6.539507E-05                                 112
 2.865000E+02  1.186265E-02  1.165284E-02  6.543991E-05                                 112
 2.870000E+02  1.186304E-02  1.165284E-02  6.548560E-05                                 112
 2.875000E+02  1.186343E-02  1.165284E-02  6.553217E-05                                 112
 2.880000E+02  1.186381E-02  1.165284E-02  6.557964E-05                                 112
 2.885000E+02  1.186420E-02  1.165284E-02  6.562801E-05                                 112
 2.890000E+02  1.186459E-02  1.165284E-02  6.567730E-05                                 112
 2.895000E+02  1.186498E-02  1.165284E-02  6.572754E-05                                 112
 2.900000E+02  1.186537E-02  1.165284E-02  6.577873E-05                                 112
 2.905000E+02  1.186576E-02  1.165284E-02  6.583090E-05                                 112
 2.910000E+02  1.186615E-02  1.165284E-02  6.588406E-05                                 112
 2.915000E+02  1.186655E-02  1.165284E-02  6.593823E-05                                 112
 2.920000E+02  1.186694E-02  1.165284E-02  6.599343E-05                                 112
 2.925000E+02  1.186733E-02  1.165284E-02  6.604967E-05                                 112
 2.930000E+02  1.186772E-02  1.165284E-02  6.610698E-05                                 112
 2.935000E+02  1.186811E-02  1.165284E-02  6.616537E-05                                 112
 2.940000E+02  1.186851E-02  1.165284E-02  6.622486E-05                                 112
 2.945000E+02  1.186890E-02  1.165284E-02  6.628547E-05                                 112
 2.950000E+02  1.186929E-02  1.165284E-02  6.634722E-05                                 112
 2.955000E+02  1.186969E-02  1.165284E-02  6.641013E-05                                 112
 2.960000E+02  1.187008E-02  1.165284E-02  6.647422E-05                                 112
 2.965000E+02  1.187048E-02  1.165284E-02  6.653951E-05                                 112
 2.970000E+02  1.187087E-02  1.165284E-02  6.660602E-05                                 112
 2.975000E+02  1.187127E-02  1.165284E-02  6.667376E-05                                 112
 2.980000E+02  1.187166E-02  1.165284E-02  6.674277E-05                                 112
 2.985000E+02  1.187206E-02  1.165284E-02  6.681306E-05                                 112
 2.990000E+02  1.187246E-02  1.165284E-02  6.688465E-05                                 112
 2.995000E+02  1.187285E-02  1.165284E-02  6.695756E-05                                 112
 3.000000E+02  1.187325E-02  1.165284E-02  6.703182E-05                                 112
 3.005000E+02  1.187365E-02  1.165284E-02  6.710744E-05                                 112
 3.010000E+02  1.187405E-02  1.165284E-02  6.718446E-05                                 112
 3.015000E+02  1.187445E-02  1.165284E-02  6.726289E-05                                 112
 3.020000E+02  1.187485E-02  1.165284E-02  6.734275E-05                                 112
 3.025000E+02  1.187525E-02  1.165284E-02  6.742407E-05                                 112
 3.030000E+02  1.187565E-02  1.165284E-02  6.750686E-05                                 112
 3.035000E+02  1.187605E-02  1.165284E-02  6.759117E-05                                 112
 3.040000E+02  1.187645E-02  1.165284E-02  6.767700E-05                                 112
 3.045000E+02  1.187685E-02  1.165284E-02  6.776438E-05                                 112
 3.050000E+02  1.187725E-02  1.165284E-02  6.785334E-05                                 112
 3.055000E+02  1.187766E-02  1.165284E-02  6.794390E-05                                 112
 3.060000E+02  1.187806E-02  1.165284E-02  6.803609E-05                                 112
 3.065000E+02  1.187847E-02  1.165284E-02  6.812993E-05                                 112
 3.070000E+02  1.187887E-02  1.165284E-02  6.822544E-05                                 112
 3.075000E+02  1.187928E-02  1.165284E-02  6.832265E-05                                 112
 3.080000E+02  1.187968E-02  1.165284E-02  6.842159E-05                                 112
 3.085000E+02  1.188009E-02  1.165284E-02  6.852228E-05                                 112
 3.090000E+02  1.188050E-02  1.165284E-02  6.862475E-05                                 112
 3.095000E+02  1.188090E-02  1.165284E-02  6.872903E-05                                 112
 3.100000E+02  1.188131E-02  1.165284E-02  6.883514E-05                                 112
 3.105000E+02  1.188172E-02  1.165284E-02  6.894311E-05                                 112
 3.110000E+02  1.188213E-02  1.165284E-02  6.905297E-05                                 112
 3.115000E+02  1.188254E-02  1.165284E-02  6.916474E-05                                 112
 3.120000E+02  1.188295E-02  1.165284E-02  6.927846E-05                                 112
 3.125000E+02  1.188337E-02  1.165284E-02  6.939414E-05                                 112
 3.130000E+02  1.188378E-02  1.165284E-02  6.951183E-05                                 112
 3.135000E+02  1.188419E-02  1.165284E-02  6.963154E-05                                 112
 3.140000E+02  1.188461E-02  1.165284E-02  6.975331E-05                                 112
 3.145000E+02  1.188502E-02  1.165284E-02  6.987716E-05                                 112
 3.150000E+02  1.188544E-02  1.165284E-02  7.000313E-05                                 112
 3.155000E+02  1.188585E-02  1.165284E-02  7.013125E-05                                 112
 3.160000E+02  1.188627E-02  1.165284E-02  7.026154E-05                                 112
 3.165000E+02  1.188669E-02  1.165284E-02  7.039403E-05                                 112
 3.170000E+02  1.188711E-02  1.165284E-02  7.052876E-05                                 112
 3.175000E+02  1.188753E-02  1.165284E-02  7.066576E-05                                 112
 3.180000E+02  1.188795E-02  1.165284E-02  7.080505E-05                                 112
 3.185000E+02  1.188837E-02  1.165284E-02  7.094667E-05                                 112
 3.190000E+02  1.188879E-02  1.165284E-02  7.109065E-05                                 112
 3.195000E+02  1.188921E-02  1.165284E-02  7.123702E-05                                 112
 3.200000E+02  1.188964E-02  1.165284E-02  7.138581E-05                                 112
 3.205000E+02  1.189006E-02  1.165284E-02  7.153706E-05                                 112
 3.210000E+02  1.189049E-02  1.165284E-02  7.169080E-05                                 112
 3.215000E+02  1.189091E-02  1.165284E-02  7.184705E-05                                 112
 3.220000E+02  1.189134E-02  1.165284E-02  7.200586E-05                                 112
 3.225000E+02  1.189177E-02  1.165284E-02  7.216726E-05                                 112
 3.230000E+02  1.189220E-02  1.165284E-02  7.233127E-05                                 112
 3.235000E+02  1.189263E-02  1.165284E-02  7.249794E-05                                 112
 3.240000E+02  1.189306E-02  1.165284E-02  7.266729E-05                                 112
 3.245000E+02  1.189349E-02  1.165284E-02  7.283936E-05                                 112
 3.250000E+02  1.189393E-02  1.165284E-02  7.301419E-05                                 112
 3.255000E+02  1.189436E-02  1.165284E-02  7.319180E-05                                 112
 3.260000E+02  1.189480E-02  1.165284E-02  7.337224E-05                                 112
 3.265000E+02  1.189524E-02  1.165284E-02  7.355554E-05                                 112
 3.270000E+02  1.189567E-02  1.165284E-02  7.374172E-05                                 112
 3.275000E+02  1.189611E-02  1.165284E-02  7.393084E-05                                 112
 3.280000E+02  1.189655E-02  1.165284E-02  7.412292E-05                                 112
 3.285000E+02  1.189700E-02  1.165284E-02  7.431800E-05                                 112
 3.290000E+02  1.189744E-02  1.165284E-02  7.451612E-05                                 112
 3.295000E+02  1.189788E-02  1.165284E-02  7.471731E-05                                 112
 3.300000E+02  1.189833E-02  1.165284E-02  7.492160E-05                                 112
 3.305000E+02  1.189877E-02  1.165284E-02  7.512903E-05                                 112
 3.310000E+02  1.189922E-02  1.165284E-02  7.533965E-05                                 112
 3.315000E+02  1.189967E-02  1.165284E-02  7.555348E-05                                 112
 3.320000E+02  1.190012E-02  1.165284E-02  7.577057E-05                                 112
 3.325000E+02  1.190057E-02  1.165284E-02  7.599094E-05                                 112
 3.330000E+02  1.190102E-02  1.165284E-02  7.621464E-05                                 112
 3.335000E+02  1.190148E-02  1.165284E-02  7.644171E-05                                 112
 3.340000E+02  1.190193E-02  1.165284E-02  7.667218E-05                                 112
 3.345000E+02  1.190239E-02  1.165284E-02  7.690609E-05                                 112
 3.350000E+02  1.190285E-02  1.165284E-02  7.714347E-05                                 112
 3.355000E+02  1.190331E-02  1.165284E-02  7.738437E-05                                 112
 3.360000E+02  1.190377E-02  1.165284E-02  7.762882E-05                                 112
 3.365000E+02  1.190423E-02  1.165284E-02  7.787686E-05                                 112
 3.370000E+02  1.190470E-02  1.165284E-02  7.812853E-05                                 112
 3.375000E+02  1.190516E-02  1.165284E-02  7.838387E-05                                 112
 3.380000E+02  1.190563E-02  1.165284E-02  7.864291E-05                                 112
 3.385000E+02  1.190610E-02  1.165284E-02  7.890569E-05                                 112
 3.390000E+02  1.190657E-02  1.165284E-02  7.917225E-05                                 112
 3.395000E+02  1.190704E-02  1.165284E-02  7.944264E-05                                 112
 3.400000E+02  1.190752E-02  1.165284E-02  7.971688E-05                                 112
 3.405000E+02  1.190799E-02  1.165284E-02  7.999502E-05                                 112
 3.410000E+02  1.190847E-02  1.165284E-02  8.027709E-05                                 112
 3.415000E+02  1.190895E-02  1.165284E-02  8.056314E-05                                 112
 3.420000E+02  1.190943E-02  1.165284E-02  8.085320E-05                                 112
 3.425000E+02  1.190991E-02  1.165284E-02  8.114731E-05                                 112
 3.430000E+02  1.191039E-02  1.165284E-02  8.144551E-05                                 112
 3.435000E+02  1.191088E-02  1.165284E-02  8.174784E-05                                 112
 3.440000E+02  1.191137E-02  1.165284E-02  8.205434E-05                                 112
 3.445000E+02  1.191186E-02  1.165284E-02  8.236504E-05                                 112
 3.450000E+02  1.191235E-02  1.165284E-02  8.267998E-05                                 112
 3.455000E+02  1.191284E-02  1.165284E-02  8.299921E-05                                 112
 3.460000E+02  1.191334E-02  1.165284E-02  8.332276E-05                                 112
 3.465000E+02  1.191384E-02  1.165284E-02  8.365066E-05                                 112
 3.470000E+02  1.191433E-02  1.165284E-02  8.398297E-05                                 112
 3.475000E+02  1.191484E-02  1.165284E-02  8.431971E-05                                 112
 3.480000E+02  1.191534E-02  1.165284E-02  8.466092E-05                                 112
 3.485000E+02  1.191584E-02  1.165284E-02  8.500664E-05                                 112
 3.490000E+02  1.191635E-02  1.165284E-02  8.535691E-05                                 112
 3.495000E+02  1.191686E-02  1.165284E-02  8.571177E-05                                 112
 3.500000E+02  1.191737E-02  1.165284E-02  8.607126E-05                                 112
 3.505000E+02  1.191789E-02  1.165284E-02  8.643540E-05                                 112
 3.510000E+02  1.191840E-02  1.165284E-02  8.680424E-05                                 112
 3.515000E+02  1.191892E-02  1.165284E-02  8.717782E-05                                 112
 3.520000E+02  1.191944E-02  1.165284E-02  8.755617E-05                                 112
 3.525000E+02  1.191997E-02  1.165284E-02  8.793933E-05                                 112
 3.530000E+02  1.192049E-02  1.165284E-02  8.832733E-05                                 112
 3.535000E+02  1.192102E-02  1.165284E-02  8.872022E-05                                 112
 3.540000E+02  1.192155E-02  1.165284E-02  8.911802E-05                                 112
 3.545000E+02  1.192208E-02  1.165284E-02  8.952077E-05                                 112
 3.550000E+02  1.192262E-02  1.165284E-02  8.992851E-05                                 112
 3.555000E+02  1.192315E-02  1.165284E-02  9.034127E-05                                 112
 3.560000E+02  1.192369E-02  1.165284E-02  9.075908E-05                                 112
 3.565000E+02  1.192424E-02  1.165284E-02  9.118199E-05                                 112
 3.570000E+02  1.192478E-02  1.165284E-02  9.161002E-05                                 112
 3.575000E+02  1.192533E-02  1.165284E-02  9.204321E-05                                 112
 3.580000E+02  1.192588E-02  1.165284E-02  9.248159E-05                                 112
 3.585000E+02  1.192643E-02  1.165284E-02  9.292519E-05                                 112
 3.590000E+02  1.192699E-02  1.165284E-02  9.337404E-05                                 112
 3.595000E+02  1.192754E-02  1.165284E-02  9.382818E-05                                 112
 3.600000E+02  1.192811E-02  1.165284E-02  9.428764E-05                                 112
 3.605000E+02  1.192867E-02  1.165284E-02  9.475245E-05                                 112
 3.610000E+02  1.192924E-02  1.165284E-02  9.522264E-05                                 112
 3.615000E+02  1.192981E-02  1.165284E-02  9.569823E-05                                 112
 3.620000E+02  1.193038E-02  1.165284E-02  9.617926E-05                                 112
 3.625000E+02  1.193095E-02  1.165284E-02  9.666575E-05                                 112
 3.630000E+02  1.193153E-02  1.165284E-02  9.715774E-05                                 112
 3.635000E+02  1.193211E-02  1.165284E-02  9.765525E-05                                 112
 3.640000E+02  1.193270E-02  1.165284E-02  9.815830E-05                                 112
 3.645000E+02  1.193328E-02  1.165284E-02  9.866693E-05                                 112
 3.650000E+02  1.193387E-02  1.165284E-02  9.918116E-05                                 112
 3.655000E+02  1.193447E-02  1.165284E-02  9.970101E-05                                 112
 3.660000E+02  1.193506E-02  1.165284E-02  1.002265E-04                                 112
 3.665000E+02  1.193566E-02  1.165284E-02  1.007577E-04                                 112
 3.670000E+02  1.193627E-02  1.165284E-02  1.012945E-04                                 112
 3.675000E+02  1.193687E-02  1.165284E-02  1.018371E-04                                 112
 3.680000E+02  1.193748E-02  1.165284E-02  1.023854E-04                                 112
 3.685000E+02  1.193809E-02  1.165284E-02  1.029395E-04                                 112
 3.690000E+02  1.193871E-02  1.165284E-02  1.034993E-04                                 112
 3.695000E+02  1.193933E-02  1.165284E-02  1.040649E-04                                 112
 3.700000E+02  1.193995E-02  1.165284E-02  1.046363E-04                                 112
 3.705000E+02  1.194058E-02  1.165284E-02  1.052136E-04                                 112
 3.710000E+02  1.194121E-02  1.165284E-02  1.057967E-04                                 112
 3.715000E+02  1.194184E-02  1.165284E-02  1.063856E-04                                 112
 3.720000E+02  1.194248E-02  1.165284E-02  1.069805E-04                                 112
 3.725000E+02  1.194312E-02  1.165284E-02  1.075812E-04                                 112
 3.730000E+02  1.194376E-02  1.165284E-02  1.081877E-04                                 112
 3.735000E+02  1.194441E-02  1.165284E-02  1.088002E-04                                 112
 3.740000E+02  1.194506E-02  1.165284E-02  1.094186E-04                                 112
 3.745000E+02  1.194572E-02  1.165284E-02  1.100430E-04                                 112
 3.750000E+02  1.194638E-02  1.165284E-02  1.106732E-04                                 112
 3.755000E+02  1.194704E-02  1.165284E-02  1.113094E-04                                 112
 3.760000E+02  1.194771E-02  1.165284E-02  1.119515E-04                                 112
 3.765000E+02  1.194838E-02  1.165284E-02  1.125995E-04                                 112
 3.770000E+02  1.194905E-02  1.165284E-02  1.132535E-04                                 112
 3.775000E+02  1.194973E-02  1.165284E-02  1.139135E-04                                 112
 3.780000E+02  1.195041E-02  1.165284E-02  1.145793E-04                                 112
 3.785000E+02  1.195110E-02  1.165284E-02  1.152511E-04                                 112
 3.790000E+02  1.195179E-02  1.165284E-02  1.159289E-04                                 112
 3.795000E+02  1.195249E-02  1.165284E-02  1.166125E-04                                 112
 3.800000E+02  1.195319E-02  1.165284E-02  1.173021E-04                                 112
 3.805000E+02  1.195389E-02  1.165284E-02  1.179976E-04                                 112
 3.810000E+02  1.195460E-02  1.165284E-02  1.186991E-04                                 112
 3.815000E+02  1.195531E-02  1.165284E-02  1.194064E-04                                 112
 3.820000E+02  1.195602E-02  1.165284E-02  1.201196E-04                                 112
 3.825000E+02  1.195674E-02  1.165284E-02  1.208386E-04                                 112
 3.830000E+02  1.195747E-02  1.165284E-02  1.215635E-04                                 112
 3.835000E+02  1.195820E-02  1.165284E-02  1.222943E-04                                 112
 3.840000E+02  1.195893E-02  1.165284E-02  1.230308E-04                                 112
 3.845000E+02  1.195967E-02  1.165284E-02  1.237732E-04                                 112
 3.850000E+02  1.196041E-02  1.165284E-02  1.245214E-04                                 112
 3.855000E+02  1.196116E-02  1.165284E-02  1.252753E-04                                 112
 3.860000E+02  1.196191E-02  1.165284E-02  1.260349E-04                                 112
 3.865000E+02  1.196267E-02  1.165284E-02  1.268002E-04                                 112
 3.870000E+02  1.196343E-02  1.165284E-02  1.275712E-04                                 112
 3.875000E+02  1.196419E-02  1.165284E-02  1.283478E-04                                 112
 3.880000E+02  1.196496E-02  1.165284E-02  1.291300E-04                                 112
 3.885000E+02  1.196574E-02  1.165284E-02  1.299178E-04                                 112
 3.890000E+02  1.196652E-02  1.165284E-02  1.307112E-04                                 112
 3.895000E+02  1.196730E-02  1.165284E-02  1.315100E-04                                 112
 3.900000E+02  1.196809E-02  1.165284E-02  1.323143E-04                                 112
 3.905000E+02  1.196889E-02  1.165284E-02  1.331240E-04                                 112
 3.910000E+02  1.196968E-02  1.165284E-02  1.339391E-04                                 112
 3.915000E+02  1.197049E-02  1.165284E-02  1.347595E-04                                 112
 3.920000E+02  1.197130E-02  1.165284E-02  1.355852E-04                                 112
 3.925000E+02  1.197211E-02  1.165284E-02  1.364161E-04                                 112
 3.930000E+02  1.197293E-02  1.165284E-02  1.372522E-04                                 112
 3.935000E+02  1.197375E-02  1.165284E-02  1.380934E-04                                 112
 3.940000E+02  1.197458E-02  1.165284E-02  1.389397E-04                                 112
 3.945000E+02  1.197542E-02  1.165284E-02  1.397909E-04                                 112
 3.950000E+02  1.197626E-02  1.165284E-02  1.406472E-04                                 112
 3.955000E+02  1.197710E-02  1.165284E-02  1.415083E-04                                 112
 3.960000E+02  1.197795E-02  1.165284E-02  1.423742E-04                                 112
 3.965000E+02  1.197881E-02  1.165284E-02  1.432449E-04                                 112
 3.970000E+02  1.197967E-02  1.165284E-02  1.441202E-04                                 112
 3.975000E+02  1.198053E-02  1.165284E-02  1.450002E-04                                 112
 3.980000E+02  1.198141E-02  1.165284E-02  1.458847E-04                                 112
 3.985000E+02  1.198228E-02  1.165284E-02  1.467736E-04                                 112
 3.990000E+02  1.198316E-02  1.165284E-02  1.476670E-04                                 112
 3.995000E+02  1.198405E-02  1.165284E-02  1.485647E-04                                 112
 4.000000E+02  1.198495E-02  1.165284E-02  1.494665E-04                                 112
 4.005000E+02  1.198584E-02  1.165284E-02  1.503726E-04                                 112
 4.010000E+02  1.198675E-02  1.165284E-02  1.512826E-04                                 112
 4.015000E+02  1.198766E-02  1.165284E-02  1.521967E-04                                 112
 4.020000E+02  1.198857E-02  1.165284E-02  1.531146E-04                                 112
 4.025000E+02  1.198949E-02  1.165284E-02  1.540363E-04                                 112
 4.030000E+02  1.199042E-02  1.165284E-02  1.549617E-04                                 112
 4.035000E+02  1.199135E-02  1.165284E-02  1.558906E-04                                 112
 4.040000E+02  1.199229E-02  1.165284E-02  1.568231E-04                                 112
 4.045000E+02  1.199323E-02  1.165284E-02  1.577590E-04                                 112
 4.050000E+02  1.199418E-02  1.165284E-02  1.586981E-04                                 112
 4.055000E+02  1.199513E-02  1.165284E-02  1.596404E-04                                 112
 4.060000E+02  1.199610E-02  1.165284E-02  1.605858E-04                                 112
 4.065000E+02  1.199706E-02  1.165284E-02  1.615342E-04                                 112
 4.070000E+02  1.199803E-02  1.165284E-02  1.624854E-04                                 112
 4.075000E+02  1.199901E-02  1.165284E-02  1.634393E-04                                 112
 4.080000E+02  1.199999E-02  1.165284E-02  1.643959E-04                                 112
 4.085000E+02  1.200098E-02  1.165284E-02  1.653550E-04                                 112
 4.090000E+02  1.200198E-02  1.165284E-02  1.663165E-04                                 112
 4.095000E+02  1.200298E-02  1.165284E-02  1.672802E-04                                 112
 4.100000E+02  1.200399E-02  1.165284E-02  1.682461E-04                                 112
 4.105000E+02  1.200500E-02  1.165284E-02  1.692140E-04                                 112
 4.110000E+02  1.200602E-02  1.165284E-02  1.701838E-04                                 112
 4.115000E+02  1.200704E-02  1.165284E-02  1.711553E-04                                 112
 4.120000E+02  1.200807E-02  1.165284E-02  1.721285E-04                                 112
 4.125000E+02  1.200911E-02  1.165284E-02  1.731032E-04                                 112
 4.130000E+02  1.201015E-02  1.165284E-02  1.740792E-04                                 112
 4.135000E+02  1.201120E-02  1.165284E-02  1.750565E-04                                 112
 4.140000E+02  1.201225E-02  1.165284E-02  1.760349E-04                                 112
 4.145000E+02  1.201331E-02  1.165284E-02  1.770142E-04                                 112
 4.150000E+02  1.201438E-02  1.165284E-02  1.779944E-04                                 112
 4.155000E+02  1.201545E-02  1.165284E-02  1.789752E-04                                 112
 4.160000E+02  1.201653E-02  1.165284E-02  1.799566E-04                                 112
 4.165000E+02  1.201762E-02  1.165284E-02  1.809383E-04                                 112
 4.170000E+02  1.201871E-02  1.165284E-02  1.819203E-04                                 112
 4.175000E+02  1.201980E-02  1.165284E-02  1.829025E-04                                 112
 4.180000E+02  1.202090E-02  1.165284E-02  1.838845E-04                                 112
 4.185000E+02  1.202201E-02  1.165284E-02  1.848664E-04                                 112
 4.190000E+02  1.202313E-02  1.165284E-02  1.858480E-04                                 112
 4.195000E+02  1.202425E-02  1.165284E-02  1.868290E-04                                 112
 4.200000E+02  1.202537E-02  1.165284E-02  1.878094E-04                                 112
 4.205000E+02  1.202651E-02  1.165284E-02  1.887891E-04                                 112
 4.210000E+02  1.202764E-02  1.165284E-02  1.897678E-04                                 112
 4.215000E+02  1.202879E-02  1.165284E-02  1.907454E-04                                 112
 4.220000E+02  1.202994E-02  1.165284E-02  1.917217E-04                                 112
 4.225000E+02  1.203109E-02  1.165284E-02  1.926967E-04                                 112
 4.230000E+02  1.203226E-02  1.165284E-02  2.870424E+03                                 112
 4.235000E+02  3.454971E+01  1.165284E-02  1.000861E+00                                 111
 4.240000E+02  3.459148E+01  1.165284E-02  2.415253E-03                                 111
 4.245000E+02  3.463326E+01  1.165284E-02  2.412029E-03                                 111
 4.250000E+02  3.467502E+01  1.165284E-02  2.408817E-03                                 111
 4.255000E+02  3.471678E+01  1.165284E-02  2.405616E-03                                 111
 4.260000E+02  3.475854E+01  1.165284E-02  2.402426E-03                                 111
 4.265000E+02  3.480029E+01  1.165284E-02  2.399247E-03                                 111
 4.270000E+02  3.484203E+01  1.165284E-02  2.396079E-03                                 111
 4.275000E+02  3.488377E+01  1.165284E-02  2.392923E-03                                 111
 4.280000E+02  3.492550E+01  1.165284E-02  2.389777E-03                                 111
 4.285000E+02  3.496723E+01  1.165284E-02  2.386641E-03                                 111
 4.290000E+02  3.500896E+01  1.165284E-02  2.383517E-03                                 111
 4.295000E+02  3.505068E+01  1.165284E-02  2.380403E-03                                 111
 4.300000E+02  3.509239E+01  1.165284E-02  2.377300E-03                                 111
 4.305000E+02  3.513410E+01  1.165284E-02  2.374207E-03                                 111
 4.310000E+02  3.517581E+01  1.165284E-02  2.371124E-03                                 111
 4.315000E+02  3.521751E+01  1.165284E-02  2.368052E-03                                 111
 4.320000E+02  3.525921E+01  1.165284E-02  2.364990E-03                                 111
 4.325000E+02  3.530090E+01  1.165284E-02  2.361938E-03                                 111
 4.330000E+02  3.534258E+01  1.165284E-02  2.358896E-03                                 111
 4.335000E+02  3.538427E+01  1.165284E-02  2.355864E-03                                 111
 4.340000E+02  3.542594E+01  1.165284E-02  2.352842E-03                                 111
 4.345000E+02  3.546762E+01  1.165284E-02  2.349829E-03                                 111
 4.350000E+02  3.550929E+01  1.165284E-02  2.346827E-03                                 111
 4.355000E+02  3.555095E+01  1.165284E-02  2.343834E-03                                 111
 4.360000E+02  3.559261E+01  1.165284E-02  2.340850E-03                                 111
 4.365000E+02  3.563427E+01  1.165284E-02  2.337877E-03                                 111
 4.370000E+02  3.567592E+01  1.165284E-02  2.334912E-03                                 111
 4.375000E+02  3.571757E+01  1.165284E-02  2.331957E-03                                 111
 4.380000E+02  3.575921E+01  1.165284E-02  2.329012E-03                                 111
 4.385000E+02  3.580085E+01  1.165284E-02  2.326075E-03                                 111
 4.390000E+02  3.584249E+01  1.165284E-02  2.323148E-03                                 111
 4.395000E+02  3.588412E+01  1.165284E-02  2.320230E-03                                 111
 4.400000E+02  3.592575E+01  1.165284E-02  2.317322E-03                                 111
 4.405000E+02  3.596737E+01  1.165284E-02  2.314422E-03                                 111
 4.410000E+02  3.600899E+01  1.165284E-02  2.311531E-03                                 111
 4.415000E+02  3.605061E+01  1.165284E-02  2.308649E-03                                 111
 4.420000E+02  3.609222E+01  1.165284E-02  2.305776E-03                                 111
 4.425000E+02  3.613383E+01  1.165284E-02  2.302911E-03                                 111
 4.430000E+02  3.617543E+01  1.165284E-02  2.300056E-03                                 111
 4.435000E+02  3.621703E+01  1.165284E-02  2.297209E-03                                 111
 4.440000E+02  3.625863E+01  1.165284E-02  2.294370E-03                                 111
 4.445000E+02  3.630023E+01  1.165284E-02  2.291541E-03                                 111
 4.450000E+02  3.634182E+01  1.165284E-02  2.288719E-03                                 111
 4.455000E+02  3.638340E+01  1.165284E-02  2.285906E-03                                 111
 4.460000E+02  3.642498E+01  1.165284E-02  2.283102E-03                                 111
 4.465000E+02  3.646656E+01  1.165284E-02  2.280306E-03                                 111
 4.470000E+02  3.650814E+01  1.165284E-02  2.277518E-03                                 111
 4.475000E+02  3.654971E+01  1.165284E-02  2.274739E-03                                 111
 4.480000E+02  3.659128E+01  1.165284E-02  2.271967E-03                                 111
 4.485000E+02  3.663285E+01  1.165284E-02  2.269204E-03                                 111
 4.490000E+02  3.667441E+01  1.165284E-02  2.266449E-03                                 111
 4.495000E+02  3.671597E+01  1.165284E-02  2.263702E-03                                 111
 4.500000E+02  3.675752E+01  1.165284E-02  2.260963E-03                                 111
 4.505000E+02  3.679907E+01  1.165284E-02  2.258231E-03                                 111
 4.510000E+02  3.684062E+01  1.165284E-02  2.255508E-03                                 111
 4.515000E+02  3.688217E+01  1.165284E-02  2.252793E-03                                 111
 4.520000E+02  3.692371E+01  1.165284E-02  2.250085E-03                                 111
 4.525000E+02  3.696525E+01  1.165284E-02  2.247385E-03                                 111
 4.530000E+02  3.700679E+01  1.165284E-02  2.244693E-03                                 111
 4.535000E+02  3.704832E+01  1.165284E-02  2.242009E-03                                 111
 4.540000E+02  3.708985E+01  1.165284E-02  2.239332E-03                                 111
 4.545000E+02  3.713137E+01  1.165284E-02  2.236663E-03                                 111
 4.550000E+02  3.717290E+01  1.165284E-02  2.234001E-03                                 111
 4.555000E+02  3.721442E+01  1.165284E-02  2.231347E-03                                 111
 4.560000E+02  3.725594E+01  1.165284E-02  2.228700E-03                                 111
 4.565000E+02  3.729745E+01  1.165284E-02  2.226061E-03                                 111
 4.570000E+02  3.733896E+01  1.165284E-02  2.223429E-03                                 111
 4.575000E+02  3.738047E+01  1.165284E-02  2.220804E-03                                 111
 4.580000E+02  3.742198E+01  1.165284E-02  2.218187E-03                                 111
 4.585000E+02  3.746348E+01  1.165284E-02  2.215577E-03                                 111
 4.590000E+02  3.750498E+01  1.165284E-02  2.212974E-03                                 111
 4.595000E+02  3.754648E+01  1.165284E-02  2.210379E-03                                 111
 4.600000E+02  3.758797E+01  1.165284E-02  2.207790E-03                                 111
 4.605000E+02  3.762946E+01  1.165284E-02  2.205209E-03                                 111
 4.610000E+02  3.767095E+01  1.165284E-02  2.202634E-03                                 111
 4.615000E+02  3.771244E+01  1.165284E-02  2.200067E-03                                 111
 4.620000E+02  3.775392E+01  1.165284E-02  2.197506E-03                                 111
 4.625000E+02  3.779540E+01  1.165284E-02  2.194953E-03                                 111
 4.630000E+02  3.783688E+01  1.165284E-02  2.192406E-03                                 111
 4.635000E+02  3.787836E+01  1.165284E-02  2.189867E-03                                 111
 4.640000E+02  3.791983E+01  1.165284E-02  2.187334E-03                                 111
 4.645000E+02  3.796130E+01  1.165284E-02  2.184808E-03                                 111
 4.650000E+02  3.800277E+01  1.165284E-02  2.182288E-03                                 111
 4.655000E+02  3.804423E+01  1.165284E-02  2.179776E-03                                 111
 4.660000E+02  3.808570E+01  1.165284E-02  2.177270E-03                                 111
 4.665000E+02  3.812716E+01  1.165284E-02  2.174771E-03                                 111
 4.670000E+02  3.816862E+01  1.165284E-02  2.172278E-03                                 111
 4.675000E+02  3.821007E+01  1.165284E-02  2.169792E-03                                 111
 4.680000E+02  3.825152E+01  1.165284E-02  2.167312E-03                                 111
 4.685000E+02  3.829297E+01  1.165284E-02  2.164839E-03                                 111
 4.690000E+02  3.833442E+01  1.165284E-02  2.162373E-03                                 111
 4.695000E+02  3.837587E+01  1.165284E-02  2.159913E-03                                 111
 4.700000E+02  3.841731E+01  1.165284E-02  2.157459E-03                                 111
 4.705000E+02  3.845875E+01  1.165284E-02  2.155012E-03                                 111
 4.710000E+02  3.850019E+01  1.165284E-02  2.152571E-03                                 111
 4.715000E+02  3.854162E+01  1.165284E-02  2.150137E-03                                 111
 4.720000E+02  3.858306E+01  1.165284E-02  2.147709E-03                                 111
 4.725000E+02  3.862449E+01  1.165284E-02  2.145287E-03                                 111
 4.730000E+02  3.866592E+01  1.165284E-02  2.142871E-03                                 111
 4.735000E+02  3.870735E+01  1.165284E-02  2.140461E-03                                 111
 4.740000E+02  3.874877E+01  1.165284E-02  2.138058E-03                                 111
 4.745000E+02  3.879019E+01  1.165284E-02  2.135661E-03                                 111
 4.750000E+02  3.883161E+01  1.165284E-02  2.133270E-03                                 111
 4.755000E+02  3.887303E+01  1.165284E-02  2.130885E-03                                 111
 4.760000E+02  3.891445E+01  1.165284E-02  2.128506E-03                                 111
 4.765000E+02  3.895586E+01  1.165284E-02  2.126133E-03                                 111
 4.770000E+02  3.899727E+01  1.165284E-02  2.123766E-03                                 111
 4.775000E+02  3.903868E+01  1.165284E-02  2.121405E-03                                 111
 4.780000E+02  3.908009E+01  1.165284E-02  2.119050E-03                                 111
 4.785000E+02  3.912149E+01  1.165284E-02  2.116701E-03                                 111
 4.790000E+02  3.916290E+01  1.165284E-02  2.114358E-03                                 111
 4.795000E+02  3.920430E+01  1.165284E-02  2.112020E-03                                 111
 4.800000E+02  3.924570E+01  1.165284E-02  2.109689E-03                                 111
 4.805000E+02  3.928710E+01  1.165284E-02  2.107363E-03                                 111
 4.810000E+02  3.932849E+01  1.165284E-02  2.105043E-03                                 111
 4.815000E+02  3.936988E+01  1.165284E-02  2.102729E-03                                 111
 4.820000E+02  3.941127E+01  1.165284E-02  2.100420E-03                                 111
 4.825000E+02  3.945266E+01  1.165284E-02  2.098117E-03                                 111
 4.830000E+02  3.949405E+01  1.165284E-02  2.095820E-03                                 111
 4.835000E+02  3.953544E+01  1.165284E-02  2.093529E-03                                 111
 4.840000E+02  3.957682E+01  1.165284E-02  2.091243E-03                                 111
 4.845000E+02  3.961820E+01  1.165284E-02  2.088963E-03                                 111
 4.850000E+02  3.965958E+01  1.165284E-02  2.086688E-03                                 111
 4.855000E+02  3.970096E+01  1.165284E-02  2.084419E-03                                 111
 4.860000E+02  3.974233E+01  1.165284E-02  2.082155E-03                                 111
 4.865000E+02  3.978371E+01  1.165284E-02  2.079897E-03                                 111
 4.870000E+02  3.982508E+01  1.165284E-02  2.077644E-03                                 111
 4.875000E+02  3.986645E+01  1.165284E-02  2.075397E-03                                 111
 4.880000E+02  3.990782E+01  1.165284E-02  2.073155E-03                                 111
 4.885000E+02  3.994919E+01  1.165284E-02  2.070919E-03                                 111
 4.890000E+02  3.999055E+01  1.165284E-02  2.068688E-03                                 111
 4.895000E+02  4.003191E+01  1.165284E-02  2.066462E-03                                 111
 4.900000E+02  4.007327E+01  1.165284E-02  2.064241E-03                                 111
 4.905000E+02  4.011463E+01  1.165284E-02  2.062026E-03                                 111
 4.910000E+02  4.015599E+01  1.165284E-02  2.059817E-03                                 111
 4.915000E+02  4.019735E+01  1.165284E-02  2.057612E-03                                 111
 4.920000E+02  4.023870E+01  1.165284E-02  2.055413E-03                                 111
 4.925000E+02  4.028006E+01  1.165284E-02  2.053218E-03                                 111
 4.930000E+02  4.032141E+01  1.165284E-02  2.051030E-03                                 111
 4.935000E+02  4.036276E+01  1.165284E-02  2.048846E-03                                 111
 4.940000E+02  4.040410E+01  1.165284E-02  2.046667E-03                                 111
 4.945000E+02  4.044545E+01  1.165284E-02  2.044494E-03                                 111
 4.950000E+02  4.048679E+01  1.165284E-02  2.042325E-03                                 111
 4.955000E+02  4.052814E+01  1.165284E-02  2.040162E-03                                 111
 4.960000E+02  4.056948E+01  1.165284E-02  2.038004E-03                                 111
 4.965000E+02  4.061082E+01  1.165284E-02  2.035850E-03                                 111
 4.970000E+02  4.065216E+01  1.165284E-02  2.033702E-03                                 111
 4.975000E+02  4.069349E+01  1.165284E-02  2.031559E-03                                 111
 4.980000E+02  4.073483E+01  1.165284E-02  2.029421E-03                                 111
 4.985000E+02  4.077616E+01  1.165284E-02  2.027287E-03                                 111
 4.990000E+02  4.081749E+01  1.165284E-02  2.025159E-03                                 111
 4.995000E+02  4.085882E+01  1.165284E-02  2.023035E-03                                 111
 5.000000E+02  4.090015E+01  1.165284E-02  2.020954E-03                                 111
