#         T/K     Cv/J*K^-1     Cp/J*K^-1
 2.500000E+02  4.021699E+01  4.021738E+01
 2.502500E+02  4.023647E+01  4.023687E+01
 2.505000E+02  4.025594E+01  4.025634E+01
 2.507500E+02  4.027540E+01  4.027580E+01
 2.510000E+02  4.029485E+01  4.029524E+01
 2.512500E+02  4.031428E+01  4.031468E+01
 2.515000E+02  4.033370E+01  4.033410E+01
 2.517500E+02  4.035311E+01  4.035351E+01
 2.520000E+02  4.037251E+01  4.037291E+01
 2.522500E+02  4.039190E+01  4.039230E+01
 2.525000E+02  4.041128E+01  4.041167E+01
 2.527500E+02  4.043064E+01  4.043104E+01
 2.530000E+02  4.044999E+01  4.045039E+01
 2.532500E+02  4.046933E+01  4.046973E+01
 2.535000E+02  4.048866E+01  4.048906E+01
 2.537500E+02  4.050798E+01  4.050838E+01
 2.540000E+02  4.052729E+01  4.052768E+01
 2.542500E+02  4.054658E+01  4.054698E+01
 2.545000E+02  4.056587E+01  4.056626E+01
 2.547500E+02  4.058514E+01  4.058554E+01
 2.550000E+02  4.060440E+01  4.060480E+01
 2.552500E+02  4.062365E+01  4.062405E+01
 2.555000E+02  4.064289E+01  4.064329E+01
 2.557500E+02  4.066212E+01  4.066252E+01
 2.560000E+02  4.068134E+01  4.068174E+01
 2.562500E+02  4.070054E+01  4.070094E+01
 2.565000E+02  4.071974E+01  4.072014E+01
 2.567500E+02  4.073892E+01  4.073932E+01
 2.570000E+02  4.075810E+01  4.075849E+01
 2.572500E+02  4.077726E+01  4.077766E+01
 2.575000E+02  4.079641E+01  4.079681E+01
 2.577500E+02  4.081555E+01  4.081595E+01
 2.580000E+02  4.083468E+01  4.083508E+01
 2.582500E+02  4.085380E+01  4.085420E+01
 2.585000E+02  4.087291E+01  4.087331E+01
 2.587500E+02  4.089201E+01  4.089241E+01
 2.590000E+02  4.091109E+01  4.091149E+01
 2.592500E+02  4.093017E+01  4.093057E+01
 2.595000E+02  4.094924E+01  4.094964E+01
 2.597500E+02  4.096829E+01  4.096869E+01
 2.600000E+02  4.098734E+01  4.098774E+01
 2.602500E+02  4.100637E+01  4.100677E+01
 2.605000E+02  4.102539E+01  4.102580E+01
 2.607500E+02  4.104441E+01  4.104481E+01
 2.610000E+02  4.106341E+01  4.106381E+01
 2.612500E+02  4.108240E+01  4.108281E+01
 2.615000E+02  4.110139E+01  4.110179E+01
 2.617500E+02  4.112036E+01  4.112076E+01
 2.620000E+02  4.113932E+01  4.113972E+01
 2.622500E+02  4.115827E+01  4.115868E+01
 2.625000E+02  4.117722E+01  4.117762E+01
 2.627500E+02  4.119615E+01  4.119655E+01
 2.630000E+02  4.121507E+01  4.121547E+01
 2.632500E+02  4.123398E+01  4.123438E+01
 2.635000E+02  4.125288E+01  4.125328E+01
 2.637500E+02  4.127177E+01  4.127218E+01
 2.640000E+02  4.129065E+01  4.129106E+01
 2.642500E+02  4.130953E+01  4.130993E+01
 2.645000E+02  4.132839E+01  4.132879E+01
 2.647500E+02  4.134724E+01  4.134764E+01
 2.650000E+02  4.136608E+01  4.136648E+01
 2.652500E+02  4.138491E+01  4.138532E+01
 2.655000E+02  4.140373E+01  4.140414E+01
 2.657500E+02  4.142255E+01  4.142295E+01
 2.660000E+02  4.144135E+01  4.144175E+01
 2.662500E+02  4.146014E+01  4.146054E+01
 2.665000E+02  4.147892E+01  4.147933E+01
 2.667500E+02  4.149770E+01  4.149810E+01
 2.670000E+02  4.151646E+01  4.151686E+01
 2.672500E+02  4.153522E+01  4.153562E+01
 2.675000E+02  4.155396E+01  4.155436E+01
 2.677500E+02  4.157269E+01  4.157310E+01
 2.680000E+02  4.159142E+01  4.159182E+01
 2.682500E+02  4.161013E+01  4.161054E+01
 2.685000E+02  4.162884E+01  4.162924E+01
 2.687500E+02  4.164754E+01  4.164794E+01
 2.690000E+02  4.166622E+01  4.166663E+01
 2.692500E+02  4.168490E+01  4.168531E+01
 2.695000E+02  4.170357E+01  4.170397E+01
 2.697500E+02  4.172223E+01  4.172263E+01
 2.700000E+02  4.174088E+01  4.174128E+01
 2.702500E+02  4.175952E+01  4.175992E+01
 2.705000E+02  4.177815E+01  4.177855E+01
 2.707500E+02  4.179677E+01  4.179717E+01
 2.710000E+02  4.181538E+01  4.181578E+01
 2.712500E+02  4.183398E+01  4.183439E+01
 2.715000E+02  4.185258E+01  4.185298E+01
 2.717500E+02  4.187116E+01  4.187156E+01
 2.720000E+02  4.188973E+01  4.189014E+01
 2.722500E+02  4.190830E+01  4.190870E+01
 2.725000E+02  4.192686E+01  4.192726E+01
 2.727500E+02  4.194540E+01  4.194581E+01
 2.730000E+02  4.196394E+01  4.196435E+01
 2.732500E+02  4.198247E+01  4.198288E+01
 2.735000E+02  4.200099E+01  4.200139E+01
 2.737500E+02  4.201950E+01  4.201991E+01
 2.740000E+02  4.203800E+01  4.203841E+01
 2.742500E+02  4.205649E+01  4.205690E+01
 2.745000E+02  4.207498E+01  4.207538E+01
 2.747500E+02  4.209345E+01  4.209386E+01
 2.750000E+02  4.211192E+01  4.211232E+01
 2.752500E+02  4.213037E+01  4.213078E+01
 2.755000E+02  4.214882E+01  4.214923E+01
 2.757500E+02  4.216726E+01  4.216766E+01
 2.760000E+02  4.218569E+01  4.218609E+01
 2.762500E+02  4.220411E+01  4.220451E+01
 2.765000E+02  4.222252E+01  4.222293E+01
 2.767500E+02  4.224092E+01  4.224133E+01
 2.770000E+02  4.225931E+01  4.225972E+01
 2.772500E+02  4.227770E+01  4.227811E+01
 2.775000E+02  4.229607E+01  4.229648E+01
 2.777500E+02  4.231444E+01  4.231485E+01
 2.780000E+02  4.233280E+01  4.233321E+01
 2.782500E+02  4.235115E+01  4.235156E+01
 2.785000E+02  4.236949E+01  4.236990E+01
 2.787500E+02  4.238782E+01  4.238823E+01
 2.790000E+02  4.240614E+01  4.240655E+01
 2.792500E+02  4.242446E+01  4.242486E+01
 2.795000E+02  4.244276E+01  4.244317E+01
 2.797500E+02  4.246106E+01  4.246147E+01
 2.800000E+02  4.247934E+01  4.247975E+01
 2.802500E+02  4.249762E+01  4.249803E+01
 2.805000E+02  4.251589E+01  4.251630E+01
 2.807500E+02  4.253415E+01  4.253456E+01
 2.810000E+02  4.255241E+01  4.255282E+01
 2.812500E+02  4.257065E+01  4.257106E+01
 2.815000E+02  4.258889E+01  4.258929E+01
 2.817500E+02  4.260711E+01  4.260752E+01
 2.820000E+02  4.262533E+01  4.262574E+01
 2.822500E+02  4.264354E+01  4.264395E+01
 2.825000E+02  4.266174E+01  4.266215E+01
 2.827500E+02  4.267993E+01  4.268034E+01
 2.830000E+02  4.269811E+01  4.269852E+01
 2.832500E+02  4.271629E+01  4.271670E+01
 2.835000E+02  4.273445E+01  4.273486E+01
 2.837500E+02  4.275261E+01  4.275302E+01
 2.840000E+02  4.277076E+01  4.277117E+01
 2.842500E+02  4.278890E+01  4.278931E+01
 2.845000E+02  4.280703E+01  4.280744E+01
 2.847500E+02  4.282515E+01  4.282556E+01
 2.850000E+02  4.284326E+01  4.284367E+01
 2.852500E+02  4.286137E+01  4.286178E+01
 2.855000E+02  4.287947E+01  4.287988E+01
 2.857500E+02  4.289755E+01  4.289796E+01
 2.860000E+02  4.291563E+01  4.291604E+01
 2.862500E+02  4.293370E+01  4.293411E+01
 2.865000E+02  4.295177E+01  4.295218E+01
 2.867500E+02  4.296982E+01  4.297023E+01
 2.870000E+02  4.298786E+01  4.298827E+01
 2.872500E+02  4.300590E+01  4.300631E+01
 2.875000E+02  4.302393E+01  4.302434E+01
 2.877500E+02  4.304195E+01  4.304236E+01
 2.880000E+02  4.305996E+01  4.306037E+01
 2.882500E+02  4.307796E+01  4.307837E+01
 2.885000E+02  4.309595E+01  4.309636E+01
 2.887500E+02  4.311394E+01  4.311435E+01
 2.890000E+02  4.313191E+01  4.313233E+01
 2.892500E+02  4.314988E+01  4.315029E+01
 2.895000E+02  4.316784E+01  4.316825E+01
 2.897500E+02  4.318579E+01  4.318620E+01
 2.900000E+02  4.320373E+01  4.320415E+01
 2.902500E+02  4.322167E+01  4.322208E+01
 2.905000E+02  4.323959E+01  4.324000E+01
 2.907500E+02  4.325751E+01  4.325792E+01
 2.910000E+02  4.327542E+01  4.327583E+01
 2.912500E+02  4.329332E+01  4.329373E+01
 2.915000E+02  4.331121E+01  4.331162E+01
 2.917500E+02  4.332909E+01  4.332950E+01
 2.920000E+02  4.334696E+01  4.334737E+01
 2.922500E+02  4.336483E+01  4.336524E+01
 2.925000E+02  4.338268E+01  4.338310E+01
 2.927500E+02  4.340053E+01  4.340094E+01
 2.930000E+02  4.341837E+01  4.341878E+01
 2.932500E+02  4.343620E+01  4.343661E+01
 2.935000E+02  4.345402E+01  4.345444E+01
 2.937500E+02  4.347184E+01  4.347225E+01
 2.940000E+02  4.348964E+01  4.349005E+01
 2.942500E+02  4.350744E+01  4.350785E+01
 2.945000E+02  4.352522E+01  4.352564E+01
 2.947500E+02  4.354300E+01  4.354342E+01
 2.950000E+02  4.356077E+01  4.356119E+01
 2.952500E+02  4.357854E+01  4.357895E+01
 2.955000E+02  4.359629E+01  4.359670E+01
 2.957500E+02  4.361403E+01  4.361445E+01
 2.960000E+02  4.363177E+01  4.363219E+01
 2.962500E+02  4.364950E+01  4.364991E+01
 2.965000E+02  4.366722E+01  4.366763E+01
 2.967500E+02  4.368493E+01  4.368534E+01
 2.970000E+02  4.370263E+01  4.370304E+01
 2.972500E+02  4.372032E+01  4.372074E+01
 2.975000E+02  4.373801E+01  4.373842E+01
 2.977500E+02  4.375568E+01  4.375610E+01
 2.980000E+02  4.377335E+01  4.377377E+01
 2.982500E+02  4.379101E+01  4.379142E+01
 2.985000E+02  4.380866E+01  4.380907E+01
 2.987500E+02  4.382630E+01  4.382672E+01
 2.990000E+02  4.384393E+01  4.384435E+01
 2.992500E+02  4.386155E+01  4.386197E+01
 2.995000E+02  4.387917E+01  4.387959E+01
 2.997500E+02  4.389678E+01  4.389719E+01
 3.000000E+02  4.391437E+01  4.391479E+01
 3.002500E+02  4.393196E+01  4.393238E+01
 3.005000E+02  4.394954E+01  4.394996E+01
 3.007500E+02  4.396711E+01  4.396753E+01
 3.010000E+02  4.398468E+01  4.398509E+01
 3.012500E+02  4.400223E+01  4.400265E+01
 3.015000E+02  4.401978E+01  4.402019E+01
 3.017500E+02  4.403731E+01  4.403773E+01
 3.020000E+02  4.405484E+01  4.405526E+01
 3.022500E+02  4.407236E+01  4.407278E+01
 3.025000E+02  4.408987E+01  4.409029E+01
 3.027500E+02  4.410737E+01  4.410779E+01
 3.030000E+02  4.412486E+01  4.412528E+01
 3.032500E+02  4.414235E+01  4.414277E+01
 3.035000E+02  4.415982E+01  4.416024E+01
 3.037500E+02  4.417729E+01  4.417771E+01
 3.040000E+02  4.419474E+01  4.419516E+01
 3.042500E+02  4.421219E+01  4.421261E+01
 3.045000E+02  4.422963E+01  4.423005E+01
 3.047500E+02  4.424706E+01  4.424748E+01
 3.050000E+02  4.426448E+01  4.426491E+01
 3.052500E+02  4.428190E+01  4.428232E+01
 3.055000E+02  4.429930E+01  4.429972E+01
 3.057500E+02  4.431670E+01  4.431712E+01
 3.060000E+02  4.433408E+01  4.433450E+01
 3.062500E+02  4.435146E+01  4.435188E+01
 3.065000E+02  4.436883E+01  4.436925E+01
 3.067500E+02  4.438619E+01  4.438661E+01
 3.070000E+02  4.440354E+01  4.440396E+01
 3.072500E+02  4.442088E+01  4.442130E+01
 3.075000E+02  4.443821E+01  4.443863E+01
 3.077500E+02  4.445553E+01  4.445596E+01
 3.080000E+02  4.447285E+01  4.447327E+01
 3.082500E+02  4.449015E+01  4.449058E+01
 3.085000E+02  4.450745E+01  4.450787E+01
 3.087500E+02  4.452473E+01  4.452516E+01
 3.090000E+02  4.454201E+01  4.454244E+01
 3.092500E+02  4.455928E+01  4.455971E+01
 3.095000E+02  4.457654E+01  4.457697E+01
 3.097500E+02  4.459379E+01  4.459422E+01
 3.100000E+02  4.461103E+01  4.461146E+01
 3.102500E+02  4.462826E+01  4.462869E+01
 3.105000E+02  4.464549E+01  4.464591E+01
 3.107500E+02  4.466270E+01  4.466313E+01
 3.110000E+02  4.467991E+01  4.468033E+01
 3.112500E+02  4.469710E+01  4.469753E+01
 3.115000E+02  4.471429E+01  4.471472E+01
 3.117500E+02  4.473147E+01  4.473189E+01
 3.120000E+02  4.474863E+01  4.474906E+01
 3.122500E+02  4.476579E+01  4.476622E+01
 3.125000E+02  4.478294E+01  4.478337E+01
 3.127500E+02  4.480008E+01  4.480051E+01
 3.130000E+02  4.481721E+01  4.481764E+01
 3.132500E+02  4.483433E+01  4.483476E+01
 3.135000E+02  4.485144E+01  4.485187E+01
 3.137500E+02  4.486855E+01  4.486898E+01
 3.140000E+02  4.488564E+01  4.488607E+01
 3.142500E+02  4.490272E+01  4.490315E+01
 3.145000E+02  4.491980E+01  4.492023E+01
 3.147500E+02  4.493686E+01  4.493729E+01
 3.150000E+02  4.495392E+01  4.495435E+01
 3.152500E+02  4.497097E+01  4.497140E+01
 3.155000E+02  4.498800E+01  4.498843E+01
 3.157500E+02  4.500503E+01  4.500546E+01
 3.160000E+02  4.502205E+01  4.502248E+01
 3.162500E+02  4.503905E+01  4.503949E+01
 3.165000E+02  4.505605E+01  4.505649E+01
 3.167500E+02  4.507304E+01  4.507348E+01
 3.170000E+02  4.509002E+01  4.509045E+01
 3.172500E+02  4.510699E+01  4.510743E+01
 3.175000E+02  4.512395E+01  4.512439E+01
 3.177500E+02  4.514090E+01  4.514134E+01
 3.180000E+02  4.515784E+01  4.515828E+01
 3.182500E+02  4.517477E+01  4.517521E+01
 3.185000E+02  4.519170E+01  4.519213E+01
 3.187500E+02  4.520861E+01  4.520904E+01
 3.190000E+02  4.522551E+01  4.522595E+01
 3.192500E+02  4.524240E+01  4.524284E+01
 3.195000E+02  4.525929E+01  4.525972E+01
 3.197500E+02  4.527616E+01  4.527659E+01
 3.200000E+02  4.529302E+01  4.529346E+01
 3.202500E+02  4.530987E+01  4.531031E+01
 3.205000E+02  4.532672E+01  4.532716E+01
 3.207500E+02  4.534355E+01  4.534399E+01
 3.210000E+02  4.536037E+01  4.536081E+01
 3.212500E+02  4.537719E+01  4.537763E+01
 3.215000E+02  4.539399E+01  4.539443E+01
 3.217500E+02  4.541079E+01  4.541123E+01
 3.220000E+02  4.542757E+01  4.542801E+01
 3.222500E+02  4.544434E+01  4.544478E+01
 3.225000E+02  4.546111E+01  4.546155E+01
 3.227500E+02  4.547786E+01  4.547830E+01
 3.230000E+02  4.549461E+01  4.549505E+01
 3.232500E+02  4.551134E+01  4.551178E+01
 3.235000E+02  4.552806E+01  4.552851E+01
 3.237500E+02  4.554478E+01  4.554522E+01
 3.240000E+02  4.556148E+01  4.556192E+01
 3.242500E+02  4.557817E+01  4.557862E+01
 3.245000E+02  4.559486E+01  4.559530E+01
 3.247500E+02  4.561153E+01  4.561198E+01
 3.250000E+02  4.562819E+01  4.562864E+01
 3.252500E+02  4.564485E+01  4.564529E+01
 3.255000E+02  4.566149E+01  4.566193E+01
 3.257500E+02  4.567812E+01  4.567857E+01
 3.260000E+02  4.569474E+01  4.569519E+01
 3.262500E+02  4.571135E+01  4.571180E+01
 3.265000E+02  4.572796E+01  4.572840E+01
 3.267500E+02  4.574455E+01  4.574499E+01
 3.270000E+02  4.576113E+01  4.576158E+01
 3.272500E+02  4.577770E+01  4.577815E+01
 3.275000E+02  4.579426E+01  4.579471E+01
 3.277500E+02  4.581081E+01  4.581126E+01
 3.280000E+02  4.582735E+01  4.582779E+01
 3.282500E+02  4.584387E+01  4.584432E+01
 3.285000E+02  4.586039E+01  4.586084E+01
 3.287500E+02  4.587690E+01  4.587735E+01
 3.290000E+02  4.589340E+01  4.589385E+01
 3.292500E+02  4.590988E+01  4.591033E+01
 3.295000E+02  4.592636E+01  4.592681E+01
 3.297500E+02  4.594282E+01  4.594327E+01
 3.300000E+02  4.595928E+01  4.595973E+01
 3.302500E+02  4.597572E+01  4.597617E+01
 3.305000E+02  4.599215E+01  4.599261E+01
 3.307500E+02  4.600857E+01  4.600903E+01
 3.310000E+02  4.602498E+01  4.602544E+01
 3.312500E+02  4.604139E+01  4.604184E+01
 3.315000E+02  4.605778E+01  4.605823E+01
 3.317500E+02  4.607415E+01  4.607461E+01
 3.320000E+02  4.609052E+01  4.609098E+01
 3.322500E+02  4.610688E+01  4.610734E+01
 3.325000E+02  4.612323E+01  4.612368E+01
 3.327500E+02  4.613956E+01  4.614002E+01
 3.330000E+02  4.615589E+01  4.615634E+01
 3.332500E+02  4.617220E+01  4.617266E+01
 3.335000E+02  4.618850E+01  4.618896E+01
 3.337500E+02  4.620479E+01  4.620525E+01
 3.340000E+02  4.622107E+01  4.622153E+01
 3.342500E+02  4.623734E+01  4.623780E+01
 3.345000E+02  4.625360E+01  4.625406E+01
 3.347500E+02  4.626985E+01  4.627031E+01
 3.350000E+02  4.628608E+01  4.628655E+01
 3.352500E+02  4.630231E+01  4.630277E+01
 3.355000E+02  4.631852E+01  4.631898E+01
 3.357500E+02  4.633472E+01  4.633519E+01
 3.360000E+02  4.635091E+01  4.635138E+01
 3.362500E+02  4.636709E+01  4.636756E+01
 3.365000E+02  4.638326E+01  4.638373E+01
 3.367500E+02  4.639942E+01  4.639989E+01
 3.370000E+02  4.641557E+01  4.641603E+01
 3.372500E+02  4.643170E+01  4.643217E+01
 3.375000E+02  4.644782E+01  4.644829E+01
 3.377500E+02  4.646393E+01  4.646440E+01
 3.380000E+02  4.648003E+01  4.648050E+01
 3.382500E+02  4.649612E+01  4.649659E+01
 3.385000E+02  4.651220E+01  4.651267E+01
 3.387500E+02  4.652826E+01  4.652874E+01
 3.390000E+02  4.654432E+01  4.654479E+01
 3.392500E+02  4.656036E+01  4.656083E+01
 3.395000E+02  4.657639E+01  4.657686E+01
 3.397500E+02  4.659241E+01  4.659288E+01
 3.400000E+02  4.660842E+01  4.660889E+01
 3.402500E+02  4.662441E+01  4.662489E+01
 3.405000E+02  4.664040E+01  4.664087E+01
 3.407500E+02  4.665637E+01  4.665684E+01
 3.410000E+02  4.667233E+01  4.667281E+01
 3.412500E+02  4.668828E+01  4.668875E+01
 3.415000E+02  4.670421E+01  4.670469E+01
 3.417500E+02  4.672014E+01  4.672062E+01
 3.420000E+02  4.673605E+01  4.673653E+01
 3.422500E+02  4.675195E+01  4.675243E+01
 3.425000E+02  4.676784E+01  4.676832E+01
 3.427500E+02  4.678372E+01  4.678420E+01
 3.430000E+02  4.679958E+01  4.680006E+01
 3.432500E+02  4.681544E+01  4.681592E+01
 3.435000E+02  4.683128E+01  4.683176E+01
 3.437500E+02  4.684710E+01  4.684759E+01
 3.440000E+02  4.686292E+01  4.686340E+01
 3.442500E+02  4.687872E+01  4.687921E+01
 3.445000E+02  4.689452E+01  4.689500E+01
 3.447500E+02  4.691030E+01  4.691078E+01
 3.450000E+02  4.692606E+01  4.692655E+01
 3.452500E+02  4.694182E+01  4.694231E+01
 3.455000E+02  4.695756E+01  4.695805E+01
 3.457500E+02  4.697329E+01  4.697378E+01
 3.460000E+02  4.698901E+01  4.698950E+01
 3.462500E+02  4.700472E+01  4.700521E+01
 3.465000E+02  4.702041E+01  4.702090E+01
 3.467500E+02  4.703609E+01  4.703658E+01
 3.470000E+02  4.705176E+01  4.705225E+01
 3.472500E+02  4.706741E+01  4.706791E+01
 3.475000E+02  4.708306E+01  4.708355E+01
 3.477500E+02  4.709869E+01  4.709918E+01
 3.480000E+02  4.711430E+01  4.711480E+01
 3.482500E+02  4.712991E+01  4.713041E+01
 3.485000E+02  4.714550E+01  4.714600E+01
 3.487500E+02  4.716108E+01  4.716158E+01
 3.490000E+02  4.717665E+01  4.717715E+01
 3.492500E+02  4.719220E+01  4.719270E+01
 3.495000E+02  4.720774E+01  4.720824E+01
 3.497500E+02  4.722327E+01  4.722377E+01
 3.500000E+02  4.723879E+01  4.723929E+01
 3.502500E+02  4.725429E+01  4.725479E+01
 3.505000E+02  4.726978E+01  4.727028E+01
 3.507500E+02  4.728526E+01  4.728576E+01
 3.510000E+02  4.730072E+01  4.730122E+01
 3.512500E+02  4.731617E+01  4.731668E+01
 3.515000E+02  4.733161E+01  4.733211E+01
 3.517500E+02  4.734703E+01  4.734754E+01
 3.520000E+02  4.736244E+01  4.736295E+01
 3.522500E+02  4.737784E+01  4.737835E+01
 3.525000E+02  4.739323E+01  4.739374E+01
 3.527500E+02  4.740860E+01  4.740911E+01
 3.530000E+02  4.742396E+01  4.742447E+01
 3.532500E+02  4.743930E+01  4.743981E+01
 3.535000E+02  4.745463E+01  4.745514E+01
 3.537500E+02  4.746995E+01  4.747046E+01
 3.540000E+02  4.748525E+01  4.748577E+01
 3.542500E+02  4.750054E+01  4.750106E+01
 3.545000E+02  4.751582E+01  4.751634E+01
 3.547500E+02  4.753109E+01  4.753160E+01
 3.550000E+02  4.754634E+01  4.754685E+01
 3.552500E+02  4.756157E+01  4.756209E+01
 3.555000E+02  4.757680E+01  4.757732E+01
 3.557500E+02  4.759201E+01  4.759253E+01
 3.560000E+02  4.760720E+01  4.760772E+01
 3.562500E+02  4.762239E+01  4.762291E+01
 3.565000E+02  4.763756E+01  4.763808E+01
 3.567500E+02  4.765271E+01  4.765323E+01
 3.570000E+02  4.766785E+01  4.766837E+01
 3.572500E+02  4.768298E+01  4.768350E+01
 3.575000E+02  4.769809E+01  4.769862E+01
 3.577500E+02  4.771319E+01  4.771372E+01
 3.580000E+02  4.772828E+01  4.772880E+01
 3.582500E+02  4.774335E+01  4.774387E+01
 3.585000E+02  4.775840E+01  4.775893E+01
 3.587500E+02  4.777345E+01  4.777398E+01
 3.590000E+02  4.778848E+01  4.778901E+01
 3.592500E+02  4.780349E+01  4.780402E+01
 3.595000E+02  4.781849E+01  4.781902E+01
 3.597500E+02  4.783348E+01  4.783401E+01
 3.600000E+02  4.784845E+01  4.784898E+01
 3.602500E+02  4.786341E+01  4.786394E+01
 3.605000E+02  4.787835E+01  4.787889E+01
 3.607500E+02  4.789328E+01  4.789382E+01
 3.610000E+02  4.790819E+01  4.790873E+01
 3.612500E+02  4.792309E+01  4.792363E+01
 3.615000E+02  4.793798E+01  4.793852E+01
 3.617500E+02  4.795285E+01  4.795339E+01
 3.620000E+02  4.796771E+01  4.796825E+01
 3.622500E+02  4.798255E+01  4.798309E+01
 3.625000E+02  4.799738E+01  4.799792E+01
 3.627500E+02  4.801219E+01  4.801273E+01
 3.630000E+02  4.802699E+01  4.802753E+01
 3.632500E+02  4.804177E+01  4.804232E+01
 3.635000E+02  4.805654E+01  4.805709E+01
 3.637500E+02  4.807129E+01  4.807184E+01
 3.640000E+02  4.808603E+01  4.808658E+01
 3.642500E+02  4.810075E+01  4.810131E+01
 3.645000E+02  4.811546E+01  4.811601E+01
 3.647500E+02  4.813016E+01  4.813071E+01
 3.650000E+02  4.814483E+01  4.814539E+01
 3.652500E+02  4.815950E+01  4.816005E+01
 3.655000E+02  4.817415E+01  4.817470E+01
 3.657500E+02  4.818878E+01  4.818934E+01
 3.660000E+02  4.820340E+01  4.820396E+01
 3.662500E+02  4.821800E+01  4.821856E+01
 3.665000E+02  4.823259E+01  4.823315E+01
 3.667500E+02  4.824716E+01  4.824772E+01
 3.670000E+02  4.826172E+01  4.826228E+01
 3.672500E+02  4.827626E+01  4.827682E+01
 3.675000E+02  4.829078E+01  4.829135E+01
 3.677500E+02  4.830529E+01  4.830586E+01
 3.680000E+02  4.831979E+01  4.832036E+01
 3.682500E+02  4.833427E+01  4.833484E+01
 3.685000E+02  4.834873E+01  4.834930E+01
 3.687500E+02  4.836318E+01  4.836375E+01
 3.690000E+02  4.837761E+01  4.837819E+01
 3.692500E+02  4.839203E+01  4.839260E+01
 3.695000E+02  4.840643E+01  4.840701E+01
 3.697500E+02  4.842082E+01  4.842139E+01
 3.700000E+02  4.843518E+01  4.843576E+01
 3.702500E+02  4.844954E+01  4.845012E+01
 3.705000E+02  4.846388E+01  4.846446E+01
 3.707500E+02  4.847820E+01  4.847878E+01
 3.710000E+02  4.849250E+01  4.849308E+01
 3.712500E+02  4.850679E+01  4.850738E+01
 3.715000E+02  4.852106E+01  4.852165E+01
 3.717500E+02  4.853532E+01  4.853591E+01
 3.720000E+02  4.854956E+01  4.855015E+01
 3.722500E+02  4.856379E+01  4.856438E+01
 3.725000E+02  4.857800E+01  4.857859E+01
 3.727500E+02  4.859219E+01  4.859278E+01
 3.730000E+02  4.860636E+01  4.860696E+01
 3.732500E+02  4.862052E+01  4.862112E+01
 3.735000E+02  4.863466E+01  4.863526E+01
 3.737500E+02  4.864879E+01  4.864939E+01
 3.740000E+02  4.866290E+01  4.866350E+01
 3.742500E+02  4.867699E+01  4.867759E+01
 3.745000E+02  4.869107E+01  4.869167E+01
 3.747500E+02  4.870513E+01  4.870573E+01
 3.750000E+02  4.871917E+01  4.871978E+01
 3.752500E+02  4.873320E+01  4.873380E+01
 3.755000E+02  4.874721E+01  4.874782E+01
 3.757500E+02  4.876120E+01  4.876181E+01
 3.760000E+02  4.877518E+01  4.877579E+01
 3.762500E+02  4.878914E+01  4.878975E+01
 3.765000E+02  4.880308E+01  4.880369E+01
 3.767500E+02  4.881700E+01  4.881762E+01
 3.770000E+02  4.883091E+01  4.883152E+01
 3.772500E+02  4.884480E+01  4.884542E+01
 3.775000E+02  4.885867E+01  4.885929E+01
 3.777500E+02  4.887253E+01  4.887315E+01
 3.780000E+02  4.888637E+01  4.888699E+01
 3.782500E+02  4.890019E+01  4.890081E+01
 3.785000E+02  4.891399E+01  4.891462E+01
 3.787500E+02  4.892778E+01  4.892840E+01
 3.790000E+02  4.894155E+01  4.894218E+01
 3.792500E+02  4.895530E+01  4.895593E+01
 3.795000E+02  4.896904E+01  4.896966E+01
 3.797500E+02  4.898275E+01  4.898338E+01
 3.800000E+02  4.899645E+01  4.899708E+01
 3.802500E+02  4.901013E+01  4.901076E+01
 3.805000E+02  4.902379E+01  4.902443E+01
 3.807500E+02  4.903744E+01  4.903808E+01
 3.810000E+02  4.905107E+01  4.905171E+01
 3.812500E+02  4.906468E+01  4.906532E+01
 3.815000E+02  4.907827E+01  4.907891E+01
 3.817500E+02  4.909184E+01  4.909249E+01
 3.820000E+02  4.910540E+01  4.910604E+01
 3.822500E+02  4.911894E+01  4.911958E+01
 3.825000E+02  4.913246E+01  4.913310E+01
 3.827500E+02  4.914596E+01  4.914661E+01
 3.830000E+02  4.915944E+01  4.916009E+01
 3.832500E+02  4.917291E+01  4.917356E+01
 3.835000E+02  4.918635E+01  4.918700E+01
 3.837500E+02  4.919978E+01  4.920043E+01
 3.840000E+02  4.921319E+01  4.921385E+01
 3.842500E+02  4.922658E+01  4.922724E+01
 3.845000E+02  4.923995E+01  4.924061E+01
 3.847500E+02  4.925331E+01  4.925397E+01
 3.850000E+02  4.926664E+01  4.926730E+01
 3.852500E+02  4.927996E+01  4.928062E+01
 3.855000E+02  4.929326E+01  4.929392E+01
 3.857500E+02  4.930653E+01  4.930720E+01
 3.860000E+02  4.931979E+01  4.932046E+01
 3.862500E+02  4.933304E+01  4.933371E+01
 3.865000E+02  4.934626E+01  4.934693E+01
 3.867500E+02  4.935946E+01  4.936014E+01
 3.870000E+02  4.937265E+01  4.937332E+01
 3.872500E+02  4.938581E+01  4.938649E+01
 3.875000E+02  4.939896E+01  4.939964E+01
 3.877500E+02  4.941208E+01  4.941276E+01
 3.880000E+02  4.942519E+01  4.942587E+01
 3.882500E+02  4.943828E+01  4.943896E+01
 3.885000E+02  4.945135E+01  4.945203E+01
 3.887500E+02  4.946440E+01  4.946508E+01
 3.890000E+02  4.947742E+01  4.947812E+01
 3.892500E+02  4.949043E+01  4.949113E+01
 3.895000E+02  4.950343E+01  4.950412E+01
 3.897500E+02  4.951640E+01  4.951709E+01
 3.900000E+02  4.952935E+01  4.953004E+01
 3.902500E+02  4.954228E+01  4.954298E+01
 3.905000E+02  4.955519E+01  4.955589E+01
 3.907500E+02  4.956808E+01  4.956878E+01
 3.910000E+02  4.958095E+01  4.958166E+01
 3.912500E+02  4.959380E+01  4.959451E+01
 3.915000E+02  4.960664E+01  4.960734E+01
 3.917500E+02  4.961945E+01  4.962016E+01
 3.920000E+02  4.963224E+01  4.963295E+01
 3.922500E+02  4.964501E+01  4.964572E+01
 3.925000E+02  4.965776E+01  4.965848E+01
 3.927500E+02  4.967049E+01  4.967121E+01
 3.930000E+02  4.968320E+01  4.968392E+01
 3.932500E+02  4.969589E+01  4.969661E+01
 3.935000E+02  4.970856E+01  4.970928E+01
 3.937500E+02  4.972121E+01  4.972193E+01
 3.940000E+02  4.973384E+01  4.973456E+01
 3.942500E+02  4.974644E+01  4.974717E+01
 3.945000E+02  4.975903E+01  4.975976E+01
 3.947500E+02  4.977160E+01  4.977233E+01
 3.950000E+02  4.978414E+01  4.978488E+01
 3.952500E+02  4.979666E+01  4.979740E+01
 3.955000E+02  4.980917E+01  4.980991E+01
 3.957500E+02  4.982165E+01  4.982239E+01
 3.960000E+02  4.983411E+01  4.983485E+01
 3.962500E+02  4.984655E+01  4.984730E+01
 3.965000E+02  4.985897E+01  4.985972E+01
 3.967500E+02  4.987136E+01  4.987212E+01
 3.970000E+02  4.988374E+01  4.988449E+01
 3.972500E+02  4.989610E+01  4.989685E+01
 3.975000E+02  4.990843E+01  4.990918E+01
 3.977500E+02  4.992074E+01  4.992150E+01
 3.980000E+02  4.993303E+01  4.993379E+01
 3.982500E+02  4.994530E+01  4.994606E+01
 3.985000E+02  4.995754E+01  4.995831E+01
 3.987500E+02  4.996977E+01  4.997054E+01
 3.990000E+02  4.998197E+01  4.998274E+01
 3.992500E+02  4.999415E+01  4.999493E+01
 3.995000E+02  5.000631E+01  5.000709E+01
 3.997500E+02  5.001845E+01  5.001923E+01
 4.000000E+02  5.003057E+01  5.003134E+01
 4.002500E+02  5.004266E+01  5.004344E+01
 4.005000E+02  5.005473E+01  5.005551E+01
 4.007500E+02  5.006678E+01  5.006756E+01
 4.010000E+02  5.007880E+01  5.007959E+01
 4.012500E+02  5.009081E+01  5.009160E+01
 4.015000E+02  5.010279E+01  5.010358E+01
 4.017500E+02  5.011475E+01  5.011554E+01
 4.020000E+02  5.012668E+01  5.012748E+01
 4.022500E+02  5.013860E+01  5.013940E+01
 4.025000E+02  5.015049E+01  5.015129E+01
 4.027500E+02  5.016236E+01  5.016316E+01
 4.030000E+02  5.017420E+01  5.017501E+01
 4.032500E+02  5.018603E+01  5.018683E+01
 4.035000E+02  5.019783E+01  5.019864E+01
 4.037500E+02  5.020960E+01  5.021042E+01
 4.040000E+02  5.022136E+01  5.022217E+01
 4.042500E+02  5.023309E+01  5.023390E+01
 4.045000E+02  5.024479E+01  5.024561E+01
 4.047500E+02  5.025648E+01  5.025730E+01
 4.050000E+02  5.026814E+01  5.026896E+01
 4.052500E+02  5.027978E+01  5.028060E+01
 4.055000E+02  5.029139E+01  5.029222E+01
 4.057500E+02  5.030298E+01  5.030381E+01
 4.060000E+02  5.031455E+01  5.031538E+01
 4.062500E+02  5.032609E+01  5.032693E+01
 4.065000E+02  5.033761E+01  5.033845E+01
 4.067500E+02  5.034910E+01  5.034995E+01
 4.070000E+02  5.036058E+01  5.036142E+01
 4.072500E+02  5.037202E+01  5.037287E+01
 4.075000E+02  5.038345E+01  5.038430E+01
 4.077500E+02  5.039485E+01  5.039570E+01
 4.080000E+02  5.040622E+01  6.794878E+03
 4.082500E+02  4.016130E+01  6.788821E+03
 4.085000E+02  4.017107E+01  4.854753E+01
 4.087500E+02  4.018084E+01  4.855719E+01
 4.090000E+02  4.019060E+01  4.856685E+01
 4.092500E+02  4.020037E+01  4.857650E+01
 4.095000E+02  4.021013E+01  4.858616E+01
 4.097500E+02  4.021989E+01  4.859581E+01
 4.100000E+02  4.022965E+01  4.860546E+01
 4.102500E+02  4.023940E+01  4.861511E+01
 4.105000E+02  4.024916E+01  4.862475E+01
 4.107500E+02  4.025891E+01  4.863440E+01
 4.110000E+02  4.026866E+01  4.864404E+01
 4.112500E+02  4.027841E+01  4.865369E+01
 4.115000E+02  4.028815E+01  4.866333E+01
 4.117500E+02  4.029790E+01  4.867296E+01
 4.120000E+02  4.030764E+01  4.868260E+01
 4.122500E+02  4.031738E+01  4.869224E+01
 4.125000E+02  4.032712E+01  4.870187E+01
 4.127500E+02  4.033685E+01  4.871150E+01
 4.130000E+02  4.034659E+01  4.872113E+01
 4.132500E+02  4.035632E+01  4.873076E+01
 4.135000E+02  4.036605E+01  4.874039E+01
 4.137500E+02  4.037578E+01  4.875001E+01
 4.140000E+02  4.038550E+01  4.875963E+01
 4.142500E+02  4.039523E+01  4.876925E+01
 4.145000E+02  4.040495E+01  4.877887E+01
 4.147500E+02  4.041467E+01  4.878849E+01
 4.150000E+02  4.042438E+01  4.879811E+01
 4.152500E+02  4.043410E+01  4.880772E+01
 4.155000E+02  4.044381E+01  4.881734E+01
 4.157500E+02  4.045352E+01  4.882695E+01
 4.160000E+02  4.046323E+01  4.883656E+01
 4.162500E+02  4.047294E+01  4.884616E+01
 4.165000E+02  4.048264E+01  4.885577E+01
 4.167500E+02  4.049235E+01  4.886537E+01
 4.170000E+02  4.050205E+01  4.887497E+01
 4.172500E+02  4.051175E+01  4.888457E+01
 4.175000E+02  4.052144E+01  4.889417E+01
 4.177500E+02  4.053114E+01  4.890377E+01
 4.180000E+02  4.054083E+01  4.891336E+01
 4.182500E+02  4.055052E+01  4.892295E+01
 4.185000E+02  4.056021E+01  4.893255E+01
 4.187500E+02  4.056989E+01  4.894213E+01
 4.190000E+02  4.057957E+01  4.895172E+01
 4.192500E+02  4.058926E+01  4.896131E+01
 4.195000E+02  4.059893E+01  4.897089E+01
 4.197500E+02  4.060861E+01  4.898047E+01
 4.200000E+02  4.061829E+01  4.899005E+01
 4.202500E+02  4.062796E+01  4.899963E+01
 4.205000E+02  4.063763E+01  4.900921E+01
 4.207500E+02  4.064730E+01  4.901878E+01
 4.210000E+02  4.065696E+01  4.902835E+01
 4.212500E+02  4.066663E+01  4.903792E+01
 4.215000E+02  4.067629E+01  4.904749E+01
 4.217500E+02  4.068595E+01  4.905706E+01
 4.220000E+02  4.069561E+01  4.906662E+01
 4.222500E+02  4.070526E+01  4.907618E+01
 4.225000E+02  4.071492E+01  4.908575E+01
 4.227500E+02  4.072457E+01  4.909530E+01
 4.230000E+02  4.073421E+01  4.910486E+01
 4.232500E+02  4.074386E+01  4.911442E+01
 4.235000E+02  4.075350E+01  4.912397E+01
 4.237500E+02  4.076315E+01  4.913352E+01
 4.240000E+02  4.077279E+01  4.914307E+01
 4.242500E+02  4.078242E+01  4.915262E+01
 4.245000E+02  4.079206E+01  4.916216E+01
 4.247500E+02  4.080169E+01  4.917170E+01
 4.250000E+02  4.081132E+01  4.918125E+01
 4.252500E+02  4.082095E+01  4.919079E+01
 4.255000E+02  4.083058E+01  4.920032E+01
 4.257500E+02  4.084020E+01  4.920986E+01
 4.260000E+02  4.084982E+01  4.921939E+01
 4.262500E+02  4.085944E+01  4.922892E+01
 4.265000E+02  4.086906E+01  4.923845E+01
 4.267500E+02  4.087868E+01  4.924798E+01
 4.270000E+02  4.088829E+01  4.925750E+01
 4.272500E+02  4.089790E+01  4.926703E+01
 4.275000E+02  4.090751E+01  4.927655E+01
 4.277500E+02  4.091711E+01  4.928607E+01
 4.280000E+02  4.092672E+01  4.929559E+01
 4.282500E+02  4.093632E+01  4.930510E+01
 4.285000E+02  4.094592E+01  4.931461E+01
 4.287500E+02  4.095551E+01  4.932413E+01
 4.290000E+02  4.096511E+01  4.933363E+01
 4.292500E+02  4.097470E+01  4.934314E+01
 4.295000E+02  4.098429E+01  4.935265E+01
 4.297500E+02  4.099388E+01  4.936215E+01
 4.300000E+02  4.100346E+01  4.937165E+01
 4.302500E+02  4.101305E+01  4.938115E+01
 4.305000E+02  4.102263E+01  4.939065E+01
 4.307500E+02  4.103221E+01  4.940014E+01
 4.310000E+02  4.104178E+01  4.940963E+01
 4.312500E+02  4.105136E+01  4.941912E+01
 4.315000E+02  4.106093E+01  4.942861E+01
 4.317500E+02  4.107050E+01  4.943810E+01
 4.320000E+02  4.108006E+01  4.944758E+01
 4.322500E+02  4.108963E+01  4.945706E+01
 4.325000E+02  4.109919E+01  4.946654E+01
 4.327500E+02  4.110875E+01  4.947602E+01
 4.330000E+02  4.111831E+01  4.948550E+01
 4.332500E+02  4.112786E+01  4.949497E+01
 4.335000E+02  4.113742E+01  4.950444E+01
 4.337500E+02  4.114697E+01  4.951391E+01
 4.340000E+02  4.115652E+01  4.952338E+01
 4.342500E+02  4.116606E+01  4.953285E+01
 4.345000E+02  4.117560E+01  4.954231E+01
 4.347500E+02  4.118515E+01  4.955177E+01
 4.350000E+02  4.119468E+01  4.956123E+01
 4.352500E+02  4.120422E+01  4.957069E+01
 4.355000E+02  4.121375E+01  4.958014E+01
 4.357500E+02  4.122329E+01  4.958959E+01
 4.360000E+02  4.123282E+01  4.959904E+01
 4.362500E+02  4.124234E+01  4.960849E+01
 4.365000E+02  4.125187E+01  4.961794E+01
 4.367500E+02  4.126139E+01  4.962738E+01
 4.370000E+02  4.127091E+01  4.963682E+01
 4.372500E+02  4.128043E+01  4.964626E+01
 4.375000E+02  4.128994E+01  4.965570E+01
 4.377500E+02  4.129945E+01  4.966513E+01
 4.380000E+02  4.130896E+01  4.967457E+01
 4.382500E+02  4.131847E+01  4.968400E+01
 4.385000E+02  4.132798E+01  4.969343E+01
 4.387500E+02  4.133748E+01  4.970285E+01
 4.390000E+02  4.134698E+01  4.971228E+01
 4.392500E+02  4.135648E+01  4.972170E+01
 4.395000E+02  4.136597E+01  4.973112E+01
 4.397500E+02  4.137547E+01  4.974053E+01
 4.400000E+02  4.138496E+01  4.974995E+01
 4.402500E+02  4.139445E+01  4.975936E+01
 4.405000E+02  4.140393E+01  4.976877E+01
 4.407500E+02  4.141342E+01  4.977818E+01
 4.410000E+02  4.142290E+01  4.978759E+01
 4.412500E+02  4.143238E+01  4.979699E+01
 4.415000E+02  4.144185E+01  4.980639E+01
 4.417500E+02  4.145133E+01  4.981579E+01
 4.420000E+02  4.146080E+01  4.982519E+01
 4.422500E+02  4.147027E+01  4.983459E+01
 4.425000E+02  4.147973E+01  4.984398E+01
 4.427500E+02  4.148920E+01  4.985337E+01
 4.430000E+02  4.149866E+01  4.986276E+01
 4.432500E+02  4.150812E+01  4.987214E+01
 4.435000E+02  4.151758E+01  4.988153E+01
 4.437500E+02  4.152703E+01  4.989091E+01
 4.440000E+02  4.153648E+01  4.990029E+01
 4.442500E+02  4.154593E+01  4.990967E+01
 4.445000E+02  4.155538E+01  4.991904E+01
 4.447500E+02  4.156482E+01  4.992841E+01
 4.450000E+02  4.157426E+01  4.993778E+01
 4.452500E+02  4.158370E+01  4.994715E+01
 4.455000E+02  4.159314E+01  4.995652E+01
 4.457500E+02  4.160258E+01  4.996588E+01
 4.460000E+02  4.161201E+01  4.997524E+01
 4.462500E+02  4.162144E+01  4.998460E+01
 4.465000E+02  4.163086E+01  4.999396E+01
 4.467500E+02  4.164029E+01  5.000331E+01
 4.470000E+02  4.164971E+01  5.001266E+01
 4.472500E+02  4.165913E+01  5.002201E+01
 4.475000E+02  4.166855E+01  5.003136E+01
 4.477500E+02  4.167796E+01  5.004070E+01
 4.480000E+02  4.168738E+01  5.005005E+01
 4.482500E+02  4.169679E+01  5.005939E+01
 4.485000E+02  4.170619E+01  5.006873E+01
 4.487500E+02  4.171560E+01  5.007806E+01
 4.490000E+02  4.172500E+01  5.008739E+01
 4.492500E+02  4.173440E+01  5.009673E+01
 4.495000E+02  4.174380E+01  5.010605E+01
 4.497500E+02  4.175319E+01  5.011538E+01
 4.500000E+02  4.176258E+01  5.012470E+01
 4.502500E+02  4.177197E+01  5.013403E+01
 4.505000E+02  4.178136E+01  5.014335E+01
 4.507500E+02  4.179075E+01  5.015266E+01
 4.510000E+02  4.180013E+01  5.016198E+01
 4.512500E+02  4.180951E+01  5.017129E+01
 4.515000E+02  4.181888E+01  5.018060E+01
 4.517500E+02  4.182826E+01  5.018991E+01
 4.520000E+02  4.183763E+01  5.019921E+01
 4.522500E+02  4.184700E+01  5.020852E+01
 4.525000E+02  4.185637E+01  5.021782E+01
 4.527500E+02  4.186573E+01  5.022711E+01
 4.530000E+02  4.187509E+01  5.023641E+01
 4.532500E+02  4.188445E+01  5.024570E+01
 4.535000E+02  4.189381E+01  5.025499E+01
 4.537500E+02  4.190317E+01  5.026428E+01
 4.540000E+02  4.191252E+01  5.027357E+01
 4.542500E+02  4.192187E+01  5.028285E+01
 4.545000E+02  4.193121E+01  5.029214E+01
 4.547500E+02  4.194056E+01  5.030141E+01
 4.550000E+02  4.194990E+01  5.031069E+01
 4.552500E+02  4.195924E+01  5.031997E+01
 4.555000E+02  4.196858E+01  5.032924E+01
 4.557500E+02  4.197791E+01  5.033851E+01
 4.560000E+02  4.198724E+01  5.034777E+01
 4.562500E+02  4.199657E+01  5.035704E+01
 4.565000E+02  4.200590E+01  5.036630E+01
 4.567500E+02  4.201522E+01  5.037556E+01
 4.570000E+02  4.202454E+01  5.038482E+01
 4.572500E+02  4.203386E+01  5.039407E+01
 4.575000E+02  4.204318E+01  5.040333E+01
 4.577500E+02  4.205249E+01  5.041258E+01
 4.580000E+02  4.206180E+01  5.042183E+01
 4.582500E+02  4.207111E+01  5.043107E+01
 4.585000E+02  4.208041E+01  5.044031E+01
 4.587500E+02  4.208972E+01  5.044956E+01
 4.590000E+02  4.209902E+01  5.045879E+01
 4.592500E+02  4.210832E+01  5.046803E+01
 4.595000E+02  4.211761E+01  5.047726E+01
 4.597500E+02  4.212691E+01  5.048649E+01
 4.600000E+02  4.213620E+01  5.049572E+01
 4.602500E+02  4.214548E+01  5.050495E+01
 4.605000E+02  4.215477E+01  5.051417E+01
 4.607500E+02  4.216405E+01  5.052339E+01
 4.610000E+02  4.217333E+01  5.053261E+01
 4.612500E+02  4.218261E+01  5.054183E+01
 4.615000E+02  4.219188E+01  5.055104E+01
 4.617500E+02  4.220116E+01  5.056025E+01
 4.620000E+02  4.221043E+01  5.056946E+01
 4.622500E+02  4.221969E+01  5.057867E+01
 4.625000E+02  4.222896E+01  5.058787E+01
 4.627500E+02  4.223822E+01  5.059708E+01
 4.630000E+02  4.224748E+01  5.060628E+01
 4.632500E+02  4.225674E+01  5.061547E+01
 4.635000E+02  4.226599E+01  5.062467E+01
 4.637500E+02  4.227524E+01  5.063386E+01
 4.640000E+02  4.228449E+01  5.064305E+01
 4.642500E+02  4.229374E+01  5.065224E+01
 4.645000E+02  4.230298E+01  5.066142E+01
 4.647500E+02  4.231222E+01  5.067060E+01
 4.650000E+02  4.232146E+01  5.067978E+01
 4.652500E+02  4.233070E+01  5.068896E+01
 4.655000E+02  4.233993E+01  5.069813E+01
 4.657500E+02  4.234916E+01  5.070731E+01
 4.660000E+02  4.235839E+01  5.071648E+01
 4.662500E+02  4.236762E+01  5.072564E+01
 4.665000E+02  4.237684E+01  5.073481E+01
 4.667500E+02  4.238606E+01  5.074397E+01
 4.670000E+02  4.239528E+01  5.075313E+01
 4.672500E+02  4.240449E+01  5.076229E+01
 4.675000E+02  4.241371E+01  5.077144E+01
 4.677500E+02  4.242292E+01  5.078059E+01
 4.680000E+02  4.243212E+01  5.078974E+01
 4.682500E+02  4.244133E+01  5.079889E+01
 4.685000E+02  4.245053E+01  5.080804E+01
 4.687500E+02  4.245973E+01  5.081718E+01
 4.690000E+02  4.246893E+01  5.082632E+01
 4.692500E+02  4.247812E+01  5.083546E+01
 4.695000E+02  4.248731E+01  5.084459E+01
 4.697500E+02  4.249650E+01  5.085372E+01
 4.700000E+02  4.250569E+01  5.086285E+01
 4.702500E+02  4.251487E+01  5.087198E+01
 4.705000E+02  4.252405E+01  5.088111E+01
 4.707500E+02  4.253323E+01  5.089023E+01
 4.710000E+02  4.254241E+01  5.089935E+01
 4.712500E+02  4.255158E+01  5.090847E+01
 4.715000E+02  4.256075E+01  5.091758E+01
 4.717500E+02  4.256992E+01  5.092669E+01
 4.720000E+02  4.257908E+01  5.093580E+01
 4.722500E+02  4.258825E+01  5.094491E+01
 4.725000E+02  4.259741E+01  5.095402E+01
 4.727500E+02  4.260656E+01  5.096312E+01
 4.730000E+02  4.261572E+01  5.097222E+01
 4.732500E+02  4.262487E+01  5.098132E+01
 4.735000E+02  4.263402E+01  5.099041E+01
 4.737500E+02  4.264317E+01  5.099950E+01
 4.740000E+02  4.265231E+01  5.100859E+01
 4.742500E+02  4.266145E+01  5.101768E+01
 4.745000E+02  4.267059E+01  5.102676E+01
 4.747500E+02  4.267973E+01  5.103585E+01
 4.750000E+02  4.268886E+01  5.104493E+01
 4.752500E+02  4.269799E+01  5.105400E+01
 4.755000E+02  4.270712E+01  5.106308E+01
 4.757500E+02  4.271625E+01  5.107215E+01
 4.760000E+02  4.272537E+01  5.108122E+01
 4.762500E+02  4.273449E+01  5.109029E+01
 4.765000E+02  4.274361E+01  5.109935E+01
 4.767500E+02  4.275272E+01  5.110841E+01
 4.770000E+02  4.276184E+01  5.111747E+01
 4.772500E+02  4.277095E+01  5.112653E+01
 4.775000E+02  4.278005E+01  5.113558E+01
 4.777500E+02  4.278916E+01  5.114464E+01
 4.780000E+02  4.279826E+01  5.115369E+01
 4.782500E+02  4.280736E+01  5.116273E+01
 4.785000E+02  4.281645E+01  5.117178E+01
 4.787500E+02  4.282555E+01  5.118082E+01
 4.790000E+02  4.283464E+01  5.118986E+01
 4.792500E+02  4.284373E+01  5.119889E+01
 4.795000E+02  4.285281E+01  5.120793E+01
 4.797500E+02  4.286190E+01  5.121696E+01
 4.800000E+02  4.287098E+01  5.122599E+01
 4.802500E+02  4.288006E+01  5.123502E+01
 4.805000E+02  4.288913E+01  5.124404E+01
 4.807500E+02  4.289820E+01  5.125306E+01
 4.810000E+02  4.290727E+01  5.126208E+01
 4.812500E+02  4.291634E+01  5.127110E+01
 4.815000E+02  4.292541E+01  5.128011E+01
 4.817500E+02  4.293447E+01  5.128912E+01
 4.820000E+02  4.294353E+01  5.129813E+01
 4.822500E+02  4.295258E+01  5.130714E+01
 4.825000E+02  4.296164E+01  5.131614E+01
 4.827500E+02  4.297069E+01  5.132514E+01
 4.830000E+02  4.297974E+01  5.133414E+01
 4.832500E+02  4.298879E+01  5.134314E+01
 4.835000E+02  4.299783E+01  5.135213E+01
 4.837500E+02  4.300687E+01  5.136112E+01
 4.840000E+02  4.301591E+01  5.137011E+01
 4.842500E+02  4.302494E+01  5.137909E+01
 4.845000E+02  4.303398E+01  5.138808E+01
 4.847500E+02  4.304301E+01  5.139706E+01
 4.850000E+02  4.305203E+01  5.140603E+01
 4.852500E+02  4.306106E+01  5.141501E+01
 4.855000E+02  4.307008E+01  5.142398E+01
 4.857500E+02  4.307910E+01  5.143295E+01
 4.860000E+02  4.308812E+01  5.144192E+01
 4.862500E+02  4.309713E+01  5.145089E+01
 4.865000E+02  4.310614E+01  5.145985E+01
 4.867500E+02  4.311515E+01  5.146881E+01
 4.870000E+02  4.312416E+01  5.147777E+01
 4.872500E+02  4.313316E+01  5.148672E+01
 4.875000E+02  4.314216E+01  5.149567E+01
 4.877500E+02  4.315116E+01  5.150462E+01
 4.880000E+02  4.316016E+01  5.151357E+01
 4.882500E+02  4.316915E+01  5.152252E+01
 4.885000E+02  4.317814E+01  5.153146E+01
 4.887500E+02  4.318713E+01  5.154040E+01
 4.890000E+02  4.319611E+01  5.154933E+01
 4.892500E+02  4.320509E+01  5.155827E+01
 4.895000E+02  4.321407E+01  5.156720E+01
 4.897500E+02  4.322305E+01  5.157613E+01
 4.900000E+02  4.323202E+01  5.158506E+01
 4.902500E+02  4.324099E+01  5.159398E+01
 4.905000E+02  4.324996E+01  5.160290E+01
 4.907500E+02  4.325893E+01  5.161182E+01
 4.910000E+02  4.326789E+01  5.162074E+01
 4.912500E+02  4.327685E+01  5.162965E+01
 4.915000E+02  4.328581E+01  5.163856E+01
 4.917500E+02  4.329477E+01  5.164747E+01
 4.920000E+02  4.330372E+01  5.165638E+01
 4.922500E+02  4.331267E+01  5.166528E+01
 4.925000E+02  4.332162E+01  5.167418E+01
 4.927500E+02  4.333056E+01  5.168308E+01
 4.930000E+02  4.333950E+01  5.169198E+01
 4.932500E+02  4.334844E+01  5.170087E+01
 4.935000E+02  4.335738E+01  5.170976E+01
 4.937500E+02  4.336631E+01  5.171865E+01
 4.940000E+02  4.337525E+01  5.172753E+01
 4.942500E+02  4.338417E+01  5.173642E+01
 4.945000E+02  4.339310E+01  5.174530E+01
 4.947500E+02  4.340202E+01  5.175417E+01
 4.950000E+02  4.341094E+01  5.176305E+01
 4.952500E+02  4.341986E+01  5.177192E+01
 4.955000E+02  4.342878E+01  5.178079E+01
 4.957500E+02  4.343769E+01  5.178966E+01
 4.960000E+02  4.344660E+01  5.179852E+01
 4.962500E+02  4.345551E+01  5.180739E+01
 4.965000E+02  4.346441E+01  5.181625E+01
 4.967500E+02  4.347332E+01  5.182510E+01
 4.970000E+02  4.348221E+01  5.183396E+01
 4.972500E+02  4.349111E+01  5.184281E+01
 4.975000E+02  4.350001E+01  5.185166E+01
 4.977500E+02  4.350890E+01  5.186050E+01
 4.980000E+02  4.351779E+01  5.186935E+01
 4.982500E+02  4.352667E+01  5.187819E+01
 4.985000E+02  4.353555E+01  5.188703E+01
 4.987500E+02  4.354444E+01  5.189587E+01
 4.990000E+02  4.355331E+01  5.190470E+01
 4.992500E+02  4.356219E+01  5.191353E+01
 4.995000E+02  4.357106E+01  5.192236E+01
 4.997500E+02  4.357993E+01  5.193119E+01
 5.000000E+02  4.358880E+01  5.194003E+01
