#         T/K          U/kJ          H/kJ      S/J*K^-1
 2.500000E+02  4.621130E+01  4.621406E+01  9.634630E+01
 2.502500E+02  4.622443E+01  4.622719E+01  9.639880E+01
 2.505000E+02  4.623757E+01  4.624033E+01  9.645127E+01
 2.507500E+02  4.625071E+01  4.625347E+01  9.650370E+01
 2.510000E+02  4.626385E+01  4.626661E+01  9.655608E+01
 2.512500E+02  4.627699E+01  4.627975E+01  9.660842E+01
 2.515000E+02  4.629014E+01  4.629290E+01  9.666072E+01
 2.517500E+02  4.630329E+01  4.630605E+01  9.671297E+01
 2.520000E+02  4.631644E+01  4.631920E+01  9.676519E+01
 2.522500E+02  4.632959E+01  4.633235E+01  9.681736E+01
 2.525000E+02  4.634275E+01  4.634551E+01  9.686949E+01
 2.527500E+02  4.635591E+01  4.635867E+01  9.692157E+01
 2.530000E+02  4.636907E+01  4.637183E+01  9.697361E+01
 2.532500E+02  4.638223E+01  4.638499E+01  9.702561E+01
 2.535000E+02  4.639539E+01  4.639815E+01  9.707757E+01
 2.537500E+02  4.640856E+01  4.641132E+01  9.712949E+01
 2.540000E+02  4.642173E+01  4.642449E+01  9.718136E+01
 2.542500E+02  4.643490E+01  4.643766E+01  9.723319E+01
 2.545000E+02  4.644808E+01  4.645084E+01  9.728498E+01
 2.547500E+02  4.646125E+01  4.646401E+01  9.733673E+01
 2.550000E+02  4.647443E+01  4.647719E+01  9.738844E+01
 2.552500E+02  4.648761E+01  4.649037E+01  9.744010E+01
 2.555000E+02  4.650079E+01  4.650356E+01  9.749172E+01
 2.557500E+02  4.651398E+01  4.651674E+01  9.754330E+01
 2.560000E+02  4.652717E+01  4.652993E+01  9.759484E+01
 2.562500E+02  4.654036E+01  4.654312E+01  9.764634E+01
 2.565000E+02  4.655355E+01  4.655631E+01  9.769779E+01
 2.567500E+02  4.656674E+01  4.656950E+01  9.774921E+01
 2.570000E+02  4.657994E+01  4.658270E+01  9.780058E+01
 2.572500E+02  4.659314E+01  4.659590E+01  9.785191E+01
 2.575000E+02  4.660634E+01  4.660910E+01  9.790320E+01
 2.577500E+02  4.661954E+01  4.662230E+01  9.795445E+01
 2.580000E+02  4.663274E+01  4.663551E+01  9.800565E+01
 2.582500E+02  4.664595E+01  4.664871E+01  9.805682E+01
 2.585000E+02  4.665916E+01  4.666192E+01  9.810795E+01
 2.587500E+02  4.667237E+01  4.667514E+01  9.815903E+01
 2.590000E+02  4.668559E+01  4.668835E+01  9.821008E+01
 2.592500E+02  4.669880E+01  4.670157E+01  9.826108E+01
 2.595000E+02  4.671202E+01  4.671478E+01  9.831204E+01
 2.597500E+02  4.672524E+01  4.672800E+01  9.836296E+01
 2.600000E+02  4.673846E+01  4.674123E+01  9.841385E+01
 2.602500E+02  4.675169E+01  4.675445E+01  9.846469E+01
 2.605000E+02  4.676492E+01  4.676768E+01  9.851549E+01
 2.607500E+02  4.677815E+01  4.678091E+01  9.856625E+01
 2.610000E+02  4.679138E+01  4.679414E+01  9.861697E+01
 2.612500E+02  4.680461E+01  4.680738E+01  9.866765E+01
 2.615000E+02  4.681785E+01  4.682061E+01  9.871829E+01
 2.617500E+02  4.683109E+01  4.683385E+01  9.876889E+01
 2.620000E+02  4.684433E+01  4.684709E+01  9.881946E+01
 2.622500E+02  4.685757E+01  4.686033E+01  9.886998E+01
 2.625000E+02  4.687082E+01  4.687358E+01  9.892046E+01
 2.627500E+02  4.688406E+01  4.688683E+01  9.897090E+01
 2.630000E+02  4.689731E+01  4.690008E+01  9.902131E+01
 2.632500E+02  4.691056E+01  4.691333E+01  9.907167E+01
 2.635000E+02  4.692382E+01  4.692658E+01  9.912200E+01
 2.637500E+02  4.693708E+01  4.693984E+01  9.917228E+01
 2.640000E+02  4.695033E+01  4.695310E+01  9.922253E+01
 2.642500E+02  4.696360E+01  4.696636E+01  9.927274E+01
 2.645000E+02  4.697686E+01  4.697962E+01  9.932291E+01
 2.647500E+02  4.699013E+01  4.699289E+01  9.937304E+01
 2.650000E+02  4.700339E+01  4.700616E+01  9.942313E+01
 2.652500E+02  4.701666E+01  4.701943E+01  9.947319E+01
 2.655000E+02  4.702994E+01  4.703270E+01  9.952320E+01
 2.657500E+02  4.704321E+01  4.704598E+01  9.957318E+01
 2.660000E+02  4.705649E+01  4.705926E+01  9.962312E+01
 2.662500E+02  4.706977E+01  4.707254E+01  9.967302E+01
 2.665000E+02  4.708305E+01  4.708582E+01  9.972289E+01
 2.667500E+02  4.709634E+01  4.709910E+01  9.977271E+01
 2.670000E+02  4.710962E+01  4.711239E+01  9.982250E+01
 2.672500E+02  4.712291E+01  4.712568E+01  9.987225E+01
 2.675000E+02  4.713621E+01  4.713897E+01  9.992197E+01
 2.677500E+02  4.714950E+01  4.715227E+01  9.997164E+01
 2.680000E+02  4.716280E+01  4.716556E+01  1.000213E+02
 2.682500E+02  4.717610E+01  4.717886E+01  1.000709E+02
 2.685000E+02  4.718940E+01  4.719217E+01  1.001204E+02
 2.687500E+02  4.720270E+01  4.720547E+01  1.001700E+02
 2.690000E+02  4.721601E+01  4.721878E+01  1.002195E+02
 2.692500E+02  4.722932E+01  4.723209E+01  1.002689E+02
 2.695000E+02  4.724263E+01  4.724540E+01  1.003183E+02
 2.697500E+02  4.725595E+01  4.725871E+01  1.003677E+02
 2.700000E+02  4.726926E+01  4.727203E+01  1.004171E+02
 2.702500E+02  4.728258E+01  4.728535E+01  1.004664E+02
 2.705000E+02  4.729591E+01  4.729867E+01  1.005157E+02
 2.707500E+02  4.730923E+01  4.731200E+01  1.005649E+02
 2.710000E+02  4.732256E+01  4.732533E+01  1.006141E+02
 2.712500E+02  4.733589E+01  4.733866E+01  1.006633E+02
 2.715000E+02  4.734922E+01  4.735199E+01  1.007124E+02
 2.717500E+02  4.736256E+01  4.736532E+01  1.007615E+02
 2.720000E+02  4.737589E+01  4.737866E+01  1.008105E+02
 2.722500E+02  4.738924E+01  4.739200E+01  1.008596E+02
 2.725000E+02  4.740258E+01  4.740535E+01  1.009086E+02
 2.727500E+02  4.741593E+01  4.741869E+01  1.009575E+02
 2.730000E+02  4.742927E+01  4.743204E+01  1.010064E+02
 2.732500E+02  4.744263E+01  4.744540E+01  1.010553E+02
 2.735000E+02  4.745598E+01  4.745875E+01  1.011042E+02
 2.737500E+02  4.746934E+01  4.747211E+01  1.011530E+02
 2.740000E+02  4.748270E+01  4.748547E+01  1.012018E+02
 2.742500E+02  4.749606E+01  4.749883E+01  1.012505E+02
 2.745000E+02  4.750943E+01  4.751220E+01  1.012992E+02
 2.747500E+02  4.752280E+01  4.752557E+01  1.013479E+02
 2.750000E+02  4.753617E+01  4.753894E+01  1.013966E+02
 2.752500E+02  4.754954E+01  4.755231E+01  1.014452E+02
 2.755000E+02  4.756292E+01  4.756569E+01  1.014938E+02
 2.757500E+02  4.757630E+01  4.757907E+01  1.015423E+02
 2.760000E+02  4.758969E+01  4.759246E+01  1.015908E+02
 2.762500E+02  4.760307E+01  4.760584E+01  1.016393E+02
 2.765000E+02  4.761646E+01  4.761923E+01  1.016878E+02
 2.767500E+02  4.762986E+01  4.763263E+01  1.017362E+02
 2.770000E+02  4.764325E+01  4.764602E+01  1.017846E+02
 2.772500E+02  4.765665E+01  4.765942E+01  1.018329E+02
 2.775000E+02  4.767005E+01  4.767282E+01  1.018812E+02
 2.777500E+02  4.768346E+01  4.768623E+01  1.019295E+02
 2.780000E+02  4.769687E+01  4.769964E+01  1.019778E+02
 2.782500E+02  4.771028E+01  4.771305E+01  1.020260E+02
 2.785000E+02  4.772369E+01  4.772647E+01  1.020742E+02
 2.787500E+02  4.773711E+01  4.773988E+01  1.021223E+02
 2.790000E+02  4.775053E+01  4.775331E+01  1.021705E+02
 2.792500E+02  4.776396E+01  4.776673E+01  1.022186E+02
 2.795000E+02  4.777739E+01  4.778016E+01  1.022666E+02
 2.797500E+02  4.779082E+01  4.779359E+01  1.023147E+02
 2.800000E+02  4.780425E+01  4.780703E+01  1.023627E+02
 2.802500E+02  4.781769E+01  4.782046E+01  1.024106E+02
 2.805000E+02  4.783113E+01  4.783391E+01  1.024586E+02
 2.807500E+02  4.784458E+01  4.784735E+01  1.025065E+02
 2.810000E+02  4.785803E+01  4.786080E+01  1.025544E+02
 2.812500E+02  4.787148E+01  4.787425E+01  1.026022E+02
 2.815000E+02  4.788494E+01  4.788771E+01  1.026501E+02
 2.817500E+02  4.789840E+01  4.790117E+01  1.026978E+02
 2.820000E+02  4.791186E+01  4.791463E+01  1.027456E+02
 2.822500E+02  4.792533E+01  4.792810E+01  1.027933E+02
 2.825000E+02  4.793880E+01  4.794157E+01  1.028410E+02
 2.827500E+02  4.795227E+01  4.795504E+01  1.028887E+02
 2.830000E+02  4.796575E+01  4.796852E+01  1.029364E+02
 2.832500E+02  4.797923E+01  4.798200E+01  1.029840E+02
 2.835000E+02  4.799271E+01  4.799549E+01  1.030316E+02
 2.837500E+02  4.800620E+01  4.800898E+01  1.030791E+02
 2.840000E+02  4.801970E+01  4.802247E+01  1.031267E+02
 2.842500E+02  4.803319E+01  4.803597E+01  1.031742E+02
 2.845000E+02  4.804669E+01  4.804947E+01  1.032216E+02
 2.847500E+02  4.806020E+01  4.806297E+01  1.032691E+02
 2.850000E+02  4.807371E+01  4.807648E+01  1.033165E+02
 2.852500E+02  4.808722E+01  4.808999E+01  1.033639E+02
 2.855000E+02  4.810073E+01  4.810351E+01  1.034113E+02
 2.857500E+02  4.811426E+01  4.811703E+01  1.034586E+02
 2.860000E+02  4.812778E+01  4.813055E+01  1.035059E+02
 2.862500E+02  4.814131E+01  4.814408E+01  1.035532E+02
 2.865000E+02  4.815484E+01  4.815762E+01  1.036004E+02
 2.867500E+02  4.816838E+01  4.817115E+01  1.036477E+02
 2.870000E+02  4.818192E+01  4.818469E+01  1.036949E+02
 2.872500E+02  4.819546E+01  4.819824E+01  1.037421E+02
 2.875000E+02  4.820901E+01  4.821179E+01  1.037892E+02
 2.877500E+02  4.822257E+01  4.822534E+01  1.038363E+02
 2.880000E+02  4.823613E+01  4.823890E+01  1.038834E+02
 2.882500E+02  4.824969E+01  4.825246E+01  1.039305E+02
 2.885000E+02  4.826326E+01  4.826603E+01  1.039775E+02
 2.887500E+02  4.827683E+01  4.827960E+01  1.040246E+02
 2.890000E+02  4.829040E+01  4.829318E+01  1.040716E+02
 2.892500E+02  4.830398E+01  4.830676E+01  1.041185E+02
 2.895000E+02  4.831757E+01  4.832034E+01  1.041655E+02
 2.897500E+02  4.833116E+01  4.833393E+01  1.042124E+02
 2.900000E+02  4.834475E+01  4.834753E+01  1.042593E+02
 2.902500E+02  4.835835E+01  4.836113E+01  1.043062E+02
 2.905000E+02  4.837195E+01  4.837473E+01  1.043530E+02
 2.907500E+02  4.838556E+01  4.838834E+01  1.043998E+02
 2.910000E+02  4.839917E+01  4.840195E+01  1.044466E+02
 2.912500E+02  4.841279E+01  4.841557E+01  1.044934E+02
 2.915000E+02  4.842641E+01  4.842919E+01  1.045402E+02
 2.917500E+02  4.844004E+01  4.844282E+01  1.045869E+02
 2.920000E+02  4.845367E+01  4.845645E+01  1.046336E+02
 2.922500E+02  4.846731E+01  4.847009E+01  1.046803E+02
 2.925000E+02  4.848095E+01  4.848373E+01  1.047269E+02
 2.927500E+02  4.849460E+01  4.849738E+01  1.047736E+02
 2.930000E+02  4.850825E+01  4.851103E+01  1.048202E+02
 2.932500E+02  4.852191E+01  4.852469E+01  1.048668E+02
 2.935000E+02  4.853557E+01  4.853835E+01  1.049134E+02
 2.937500E+02  4.854924E+01  4.855202E+01  1.049599E+02
 2.940000E+02  4.856291E+01  4.856569E+01  1.050064E+02
 2.942500E+02  4.857659E+01  4.857937E+01  1.050529E+02
 2.945000E+02  4.859027E+01  4.859305E+01  1.050994E+02
 2.947500E+02  4.860396E+01  4.860674E+01  1.051459E+02
 2.950000E+02  4.861765E+01  4.862043E+01  1.051923E+02
 2.952500E+02  4.863135E+01  4.863413E+01  1.052387E+02
 2.955000E+02  4.864506E+01  4.864784E+01  1.052851E+02
 2.957500E+02  4.865877E+01  4.866155E+01  1.053315E+02
 2.960000E+02  4.867248E+01  4.867526E+01  1.053779E+02
 2.962500E+02  4.868621E+01  4.868898E+01  1.054242E+02
 2.965000E+02  4.869993E+01  4.870271E+01  1.054705E+02
 2.967500E+02  4.871366E+01  4.871644E+01  1.055168E+02
 2.970000E+02  4.872740E+01  4.873018E+01  1.055631E+02
 2.972500E+02  4.874115E+01  4.874393E+01  1.056093E+02
 2.975000E+02  4.875490E+01  4.875767E+01  1.056556E+02
 2.977500E+02  4.876865E+01  4.877143E+01  1.057018E+02
 2.980000E+02  4.878241E+01  4.878519E+01  1.057480E+02
 2.982500E+02  4.879618E+01  4.879896E+01  1.057942E+02
 2.985000E+02  4.880995E+01  4.881273E+01  1.058403E+02
 2.987500E+02  4.882373E+01  4.882651E+01  1.058865E+02
 2.990000E+02  4.883752E+01  4.884030E+01  1.059326E+02
 2.992500E+02  4.885131E+01  4.885409E+01  1.059787E+02
 2.995000E+02  4.886510E+01  4.886788E+01  1.060248E+02
 2.997500E+02  4.887891E+01  4.888169E+01  1.060709E+02
 3.000000E+02  4.889272E+01  4.889550E+01  1.061169E+02
 3.002500E+02  4.890653E+01  4.890931E+01  1.061629E+02
 3.005000E+02  4.892035E+01  4.892313E+01  1.062090E+02
 3.007500E+02  4.893418E+01  4.893696E+01  1.062550E+02
 3.010000E+02  4.894802E+01  4.895080E+01  1.063009E+02
 3.012500E+02  4.896186E+01  4.896464E+01  1.063469E+02
 3.015000E+02  4.897570E+01  4.897848E+01  1.063929E+02
 3.017500E+02  4.898956E+01  4.899234E+01  1.064388E+02
 3.020000E+02  4.900342E+01  4.900620E+01  1.064847E+02
 3.022500E+02  4.901729E+01  4.902007E+01  1.065306E+02
 3.025000E+02  4.903116E+01  4.903394E+01  1.065765E+02
 3.027500E+02  4.904504E+01  4.904782E+01  1.066223E+02
 3.030000E+02  4.905893E+01  4.906171E+01  1.066682E+02
 3.032500E+02  4.907282E+01  4.907560E+01  1.067140E+02
 3.035000E+02  4.908672E+01  4.908950E+01  1.067598E+02
 3.037500E+02  4.910063E+01  4.910341E+01  1.068057E+02
 3.040000E+02  4.911454E+01  4.911732E+01  1.068514E+02
 3.042500E+02  4.912846E+01  4.913124E+01  1.068972E+02
 3.045000E+02  4.914239E+01  4.914517E+01  1.069430E+02
 3.047500E+02  4.915633E+01  4.915911E+01  1.069887E+02
 3.050000E+02  4.917027E+01  4.917305E+01  1.070345E+02
 3.052500E+02  4.918422E+01  4.918700E+01  1.070802E+02
 3.055000E+02  4.919817E+01  4.920096E+01  1.071259E+02
 3.057500E+02  4.921214E+01  4.921492E+01  1.071716E+02
 3.060000E+02  4.922611E+01  4.922889E+01  1.072172E+02
 3.062500E+02  4.924009E+01  4.924287E+01  1.072629E+02
 3.065000E+02  4.925407E+01  4.925685E+01  1.073085E+02
 3.067500E+02  4.926806E+01  4.927085E+01  1.073542E+02
 3.070000E+02  4.928207E+01  4.928485E+01  1.073998E+02
 3.072500E+02  4.929607E+01  4.929886E+01  1.074454E+02
 3.075000E+02  4.931009E+01  4.931287E+01  1.074910E+02
 3.077500E+02  4.932411E+01  4.932689E+01  1.075366E+02
 3.080000E+02  4.933814E+01  4.934093E+01  1.075822E+02
 3.082500E+02  4.935218E+01  4.935496E+01  1.076277E+02
 3.085000E+02  4.936623E+01  4.936901E+01  1.076733E+02
 3.087500E+02  4.938028E+01  4.938306E+01  1.077188E+02
 3.090000E+02  4.939434E+01  4.939713E+01  1.077643E+02
 3.092500E+02  4.940841E+01  4.941120E+01  1.078099E+02
 3.095000E+02  4.942249E+01  4.942527E+01  1.078554E+02
 3.097500E+02  4.943658E+01  4.943936E+01  1.079009E+02
 3.100000E+02  4.945067E+01  4.945345E+01  1.079463E+02
 3.102500E+02  4.946477E+01  4.946756E+01  1.079918E+02
 3.105000E+02  4.947888E+01  4.948167E+01  1.080373E+02
 3.107500E+02  4.949300E+01  4.949578E+01  1.080827E+02
 3.110000E+02  4.950713E+01  4.950991E+01  1.081282E+02
 3.112500E+02  4.952126E+01  4.952405E+01  1.081736E+02
 3.115000E+02  4.953540E+01  4.953819E+01  1.082190E+02
 3.117500E+02  4.954956E+01  4.955234E+01  1.082644E+02
 3.120000E+02  4.956372E+01  4.956650E+01  1.083098E+02
 3.122500E+02  4.957788E+01  4.958067E+01  1.083552E+02
 3.125000E+02  4.959206E+01  4.959485E+01  1.084006E+02
 3.127500E+02  4.960625E+01  4.960903E+01  1.084460E+02
 3.130000E+02  4.962044E+01  4.962323E+01  1.084914E+02
 3.132500E+02  4.963464E+01  4.963743E+01  1.085367E+02
 3.135000E+02  4.964886E+01  4.965164E+01  1.085821E+02
 3.137500E+02  4.966308E+01  4.966586E+01  1.086274E+02
 3.140000E+02  4.967731E+01  4.968009E+01  1.086727E+02
 3.142500E+02  4.969154E+01  4.969433E+01  1.087181E+02
 3.145000E+02  4.970579E+01  4.970858E+01  1.087634E+02
 3.147500E+02  4.972005E+01  4.972283E+01  1.088087E+02
 3.150000E+02  4.973431E+01  4.973710E+01  1.088540E+02
 3.152500E+02  4.974859E+01  4.975137E+01  1.088993E+02
 3.155000E+02  4.976287E+01  4.976566E+01  1.089446E+02
 3.157500E+02  4.977716E+01  4.977995E+01  1.089899E+02
 3.160000E+02  4.979147E+01  4.979425E+01  1.090352E+02
 3.162500E+02  4.980578E+01  4.980857E+01  1.090804E+02
 3.165000E+02  4.982010E+01  4.982289E+01  1.091257E+02
 3.167500E+02  4.983443E+01  4.983722E+01  1.091710E+02
 3.170000E+02  4.984877E+01  4.985156E+01  1.092162E+02
 3.172500E+02  4.986312E+01  4.986591E+01  1.092615E+02
 3.175000E+02  4.987748E+01  4.988027E+01  1.093067E+02
 3.177500E+02  4.989185E+01  4.989464E+01  1.093520E+02
 3.180000E+02  4.990623E+01  4.990902E+01  1.093972E+02
 3.182500E+02  4.992062E+01  4.992340E+01  1.094424E+02
 3.185000E+02  4.993502E+01  4.993780E+01  1.094876E+02
 3.187500E+02  4.994942E+01  4.995221E+01  1.095329E+02
 3.190000E+02  4.996384E+01  4.996663E+01  1.095781E+02
 3.192500E+02  4.997827E+01  4.998106E+01  1.096233E+02
 3.195000E+02  4.999271E+01  4.999550E+01  1.096685E+02
 3.197500E+02  5.000716E+01  5.000995E+01  1.097137E+02
 3.200000E+02  5.002162E+01  5.002441E+01  1.097589E+02
 3.202500E+02  5.003609E+01  5.003887E+01  1.098041E+02
 3.205000E+02  5.005057E+01  5.005335E+01  1.098493E+02
 3.207500E+02  5.006506E+01  5.006784E+01  1.098945E+02
 3.210000E+02  5.007956E+01  5.008234E+01  1.099397E+02
 3.212500E+02  5.009407E+01  5.009686E+01  1.099849E+02
 3.215000E+02  5.010859E+01  5.011138E+01  1.100301E+02
 3.217500E+02  5.012312E+01  5.012591E+01  1.100752E+02
 3.220000E+02  5.013766E+01  5.014045E+01  1.101204E+02
 3.222500E+02  5.015222E+01  5.015500E+01  1.101656E+02
 3.225000E+02  5.016678E+01  5.016957E+01  1.102108E+02
 3.227500E+02  5.018135E+01  5.018414E+01  1.102560E+02
 3.230000E+02  5.019594E+01  5.019873E+01  1.103011E+02
 3.232500E+02  5.021054E+01  5.021333E+01  1.103463E+02
 3.235000E+02  5.022514E+01  5.022793E+01  1.103915E+02
 3.237500E+02  5.023976E+01  5.024255E+01  1.104367E+02
 3.240000E+02  5.025439E+01  5.025718E+01  1.104818E+02
 3.242500E+02  5.026903E+01  5.027183E+01  1.105270E+02
 3.245000E+02  5.028369E+01  5.028648E+01  1.105722E+02
 3.247500E+02  5.029835E+01  5.030114E+01  1.106173E+02
 3.250000E+02  5.031303E+01  5.031582E+01  1.106625E+02
 3.252500E+02  5.032771E+01  5.033050E+01  1.107077E+02
 3.255000E+02  5.034241E+01  5.034520E+01  1.107529E+02
 3.257500E+02  5.035712E+01  5.035991E+01  1.107980E+02
 3.260000E+02  5.037184E+01  5.037463E+01  1.108432E+02
 3.262500E+02  5.038658E+01  5.038937E+01  1.108884E+02
 3.265000E+02  5.040132E+01  5.040411E+01  1.109336E+02
 3.267500E+02  5.041608E+01  5.041887E+01  1.109787E+02
 3.270000E+02  5.043085E+01  5.043364E+01  1.110239E+02
 3.272500E+02  5.044563E+01  5.044842E+01  1.110691E+02
 3.275000E+02  5.046042E+01  5.046321E+01  1.111143E+02
 3.277500E+02  5.047522E+01  5.047801E+01  1.111595E+02
 3.280000E+02  5.049004E+01  5.049283E+01  1.112047E+02
 3.282500E+02  5.050487E+01  5.050766E+01  1.112499E+02
 3.285000E+02  5.051971E+01  5.052250E+01  1.112951E+02
 3.287500E+02  5.053456E+01  5.053735E+01  1.113403E+02
 3.290000E+02  5.054943E+01  5.055222E+01  1.113855E+02
 3.292500E+02  5.056431E+01  5.056710E+01  1.114307E+02
 3.295000E+02  5.057920E+01  5.058199E+01  1.114759E+02
 3.297500E+02  5.059410E+01  5.059689E+01  1.115211E+02
 3.300000E+02  5.060902E+01  5.061181E+01  1.115663E+02
 3.302500E+02  5.062395E+01  5.062674E+01  1.116115E+02
 3.305000E+02  5.063889E+01  5.064168E+01  1.116568E+02
 3.307500E+02  5.065384E+01  5.065663E+01  1.117020E+02
 3.310000E+02  5.066881E+01  5.067160E+01  1.117472E+02
 3.312500E+02  5.068379E+01  5.068658E+01  1.117925E+02
 3.315000E+02  5.069878E+01  5.070157E+01  1.118377E+02
 3.317500E+02  5.071379E+01  5.071658E+01  1.118830E+02
 3.320000E+02  5.072881E+01  5.073160E+01  1.119282E+02
 3.322500E+02  5.074384E+01  5.074663E+01  1.119735E+02
 3.325000E+02  5.075889E+01  5.076168E+01  1.120187E+02
 3.327500E+02  5.077395E+01  5.077674E+01  1.120640E+02
 3.330000E+02  5.078902E+01  5.079181E+01  1.121093E+02
 3.332500E+02  5.080410E+01  5.080690E+01  1.121546E+02
 3.335000E+02  5.081920E+01  5.082200E+01  1.121999E+02
 3.337500E+02  5.083432E+01  5.083711E+01  1.122452E+02
 3.340000E+02  5.084944E+01  5.085224E+01  1.122905E+02
 3.342500E+02  5.086459E+01  5.086738E+01  1.123358E+02
 3.345000E+02  5.087974E+01  5.088253E+01  1.123811E+02
 3.347500E+02  5.089491E+01  5.089770E+01  1.124265E+02
 3.350000E+02  5.091009E+01  5.091289E+01  1.124718E+02
 3.352500E+02  5.092529E+01  5.092808E+01  1.125171E+02
 3.355000E+02  5.094050E+01  5.094329E+01  1.125625E+02
 3.357500E+02  5.095572E+01  5.095852E+01  1.126079E+02
 3.360000E+02  5.097096E+01  5.097376E+01  1.126532E+02
 3.362500E+02  5.098622E+01  5.098901E+01  1.126986E+02
 3.365000E+02  5.100148E+01  5.100428E+01  1.127440E+02
 3.367500E+02  5.101677E+01  5.101956E+01  1.127894E+02
 3.370000E+02  5.103206E+01  5.103486E+01  1.128348E+02
 3.372500E+02  5.104737E+01  5.105017E+01  1.128802E+02
 3.375000E+02  5.106270E+01  5.106550E+01  1.129257E+02
 3.377500E+02  5.107804E+01  5.108084E+01  1.129711E+02
 3.380000E+02  5.109340E+01  5.109619E+01  1.130165E+02
 3.382500E+02  5.110877E+01  5.111156E+01  1.130620E+02
 3.385000E+02  5.112415E+01  5.112695E+01  1.131075E+02
 3.387500E+02  5.113955E+01  5.114235E+01  1.131530E+02
 3.390000E+02  5.115497E+01  5.115777E+01  1.131984E+02
 3.392500E+02  5.117040E+01  5.117320E+01  1.132439E+02
 3.395000E+02  5.118584E+01  5.118864E+01  1.132895E+02
 3.397500E+02  5.120131E+01  5.120410E+01  1.133350E+02
 3.400000E+02  5.121678E+01  5.121958E+01  1.133805E+02
 3.402500E+02  5.123227E+01  5.123507E+01  1.134261E+02
 3.405000E+02  5.124778E+01  5.125058E+01  1.134716E+02
 3.407500E+02  5.126331E+01  5.126610E+01  1.135172E+02
 3.410000E+02  5.127884E+01  5.128164E+01  1.135628E+02
 3.412500E+02  5.129440E+01  5.129720E+01  1.136084E+02
 3.415000E+02  5.130997E+01  5.131277E+01  1.136540E+02
 3.417500E+02  5.132556E+01  5.132835E+01  1.136996E+02
 3.420000E+02  5.134116E+01  5.134396E+01  1.137453E+02
 3.422500E+02  5.135678E+01  5.135957E+01  1.137909E+02
 3.425000E+02  5.137241E+01  5.137521E+01  1.138366E+02
 3.427500E+02  5.138806E+01  5.139086E+01  1.138823E+02
 3.430000E+02  5.140373E+01  5.140653E+01  1.139279E+02
 3.432500E+02  5.141941E+01  5.142221E+01  1.139737E+02
 3.435000E+02  5.143511E+01  5.143791E+01  1.140194E+02
 3.437500E+02  5.145083E+01  5.145363E+01  1.140651E+02
 3.440000E+02  5.146656E+01  5.146936E+01  1.141109E+02
 3.442500E+02  5.148231E+01  5.148511E+01  1.141566E+02
 3.445000E+02  5.149808E+01  5.150087E+01  1.142024E+02
 3.447500E+02  5.151386E+01  5.151666E+01  1.142482E+02
 3.450000E+02  5.152966E+01  5.153246E+01  1.142940E+02
 3.452500E+02  5.154547E+01  5.154827E+01  1.143399E+02
 3.455000E+02  5.156131E+01  5.156411E+01  1.143857E+02
 3.457500E+02  5.157716E+01  5.157996E+01  1.144316E+02
 3.460000E+02  5.159303E+01  5.159583E+01  1.144774E+02
 3.462500E+02  5.160891E+01  5.161171E+01  1.145233E+02
 3.465000E+02  5.162481E+01  5.162761E+01  1.145692E+02
 3.467500E+02  5.164073E+01  5.164353E+01  1.146152E+02
 3.470000E+02  5.165667E+01  5.165947E+01  1.146611E+02
 3.472500E+02  5.167263E+01  5.167543E+01  1.147071E+02
 3.475000E+02  5.168860E+01  5.169140E+01  1.147531E+02
 3.477500E+02  5.170459E+01  5.170739E+01  1.147991E+02
 3.480000E+02  5.172060E+01  5.172340E+01  1.148451E+02
 3.482500E+02  5.173662E+01  5.173943E+01  1.148911E+02
 3.485000E+02  5.175267E+01  5.175547E+01  1.149372E+02
 3.487500E+02  5.176873E+01  5.177153E+01  1.149832E+02
 3.490000E+02  5.178481E+01  5.178761E+01  1.150293E+02
 3.492500E+02  5.180091E+01  5.180371E+01  1.150754E+02
 3.495000E+02  5.181703E+01  5.181983E+01  1.151216E+02
 3.497500E+02  5.183316E+01  5.183596E+01  1.151677E+02
 3.500000E+02  5.184931E+01  5.185212E+01  1.152139E+02
 3.502500E+02  5.186549E+01  5.186829E+01  1.152601E+02
 3.505000E+02  5.188168E+01  5.188448E+01  1.153063E+02
 3.507500E+02  5.189789E+01  5.190069E+01  1.153525E+02
 3.510000E+02  5.191411E+01  5.191692E+01  1.153988E+02
 3.512500E+02  5.193036E+01  5.193316E+01  1.154450E+02
 3.515000E+02  5.194663E+01  5.194943E+01  1.154913E+02
 3.517500E+02  5.196291E+01  5.196572E+01  1.155377E+02
 3.520000E+02  5.197922E+01  5.198202E+01  1.155840E+02
 3.522500E+02  5.199554E+01  5.199834E+01  1.156303E+02
 3.525000E+02  5.201188E+01  5.201469E+01  1.156767E+02
 3.527500E+02  5.202824E+01  5.203105E+01  1.157231E+02
 3.530000E+02  5.204463E+01  5.204743E+01  1.157696E+02
 3.532500E+02  5.206103E+01  5.206383E+01  1.158160E+02
 3.535000E+02  5.207745E+01  5.208025E+01  1.158625E+02
 3.537500E+02  5.209389E+01  5.209669E+01  1.159090E+02
 3.540000E+02  5.211035E+01  5.211315E+01  1.159555E+02
 3.542500E+02  5.212683E+01  5.212963E+01  1.160020E+02
 3.545000E+02  5.214333E+01  5.214613E+01  1.160486E+02
 3.547500E+02  5.215985E+01  5.216265E+01  1.160952E+02
 3.550000E+02  5.217639E+01  5.217919E+01  1.161418E+02
 3.552500E+02  5.219295E+01  5.219575E+01  1.161884E+02
 3.555000E+02  5.220953E+01  5.221234E+01  1.162351E+02
 3.557500E+02  5.222613E+01  5.222894E+01  1.162817E+02
 3.560000E+02  5.224275E+01  5.224556E+01  1.163284E+02
 3.562500E+02  5.225939E+01  5.226220E+01  1.163752E+02
 3.565000E+02  5.227606E+01  5.227886E+01  1.164219E+02
 3.567500E+02  5.229274E+01  5.229555E+01  1.164687E+02
 3.570000E+02  5.230944E+01  5.231225E+01  1.165155E+02
 3.572500E+02  5.232617E+01  5.232898E+01  1.165624E+02
 3.575000E+02  5.234292E+01  5.234572E+01  1.166092E+02
 3.577500E+02  5.235968E+01  5.236249E+01  1.166561E+02
 3.580000E+02  5.237647E+01  5.237928E+01  1.167030E+02
 3.582500E+02  5.239328E+01  5.239609E+01  1.167499E+02
 3.585000E+02  5.241011E+01  5.241292E+01  1.167969E+02
 3.587500E+02  5.242696E+01  5.242977E+01  1.168439E+02
 3.590000E+02  5.244384E+01  5.244664E+01  1.168909E+02
 3.592500E+02  5.246073E+01  5.246354E+01  1.169380E+02
 3.595000E+02  5.247765E+01  5.248046E+01  1.169850E+02
 3.597500E+02  5.249459E+01  5.249740E+01  1.170321E+02
 3.600000E+02  5.251155E+01  5.251436E+01  1.170793E+02
 3.602500E+02  5.252853E+01  5.253134E+01  1.171264E+02
 3.605000E+02  5.254554E+01  5.254835E+01  1.171736E+02
 3.607500E+02  5.256257E+01  5.256537E+01  1.172208E+02
 3.610000E+02  5.257962E+01  5.258242E+01  1.172681E+02
 3.612500E+02  5.259669E+01  5.259950E+01  1.173154E+02
 3.615000E+02  5.261378E+01  5.261659E+01  1.173627E+02
 3.617500E+02  5.263090E+01  5.263371E+01  1.174100E+02
 3.620000E+02  5.264804E+01  5.265085E+01  1.174574E+02
 3.622500E+02  5.266520E+01  5.266801E+01  1.175048E+02
 3.625000E+02  5.268239E+01  5.268519E+01  1.175522E+02
 3.627500E+02  5.269959E+01  5.270240E+01  1.175996E+02
 3.630000E+02  5.271682E+01  5.271963E+01  1.176471E+02
 3.632500E+02  5.273408E+01  5.273689E+01  1.176946E+02
 3.635000E+02  5.275136E+01  5.275417E+01  1.177422E+02
 3.637500E+02  5.276866E+01  5.277147E+01  1.177898E+02
 3.640000E+02  5.278598E+01  5.278879E+01  1.178374E+02
 3.642500E+02  5.280333E+01  5.280614E+01  1.178850E+02
 3.645000E+02  5.282070E+01  5.282351E+01  1.179327E+02
 3.647500E+02  5.283809E+01  5.284090E+01  1.179804E+02
 3.650000E+02  5.285551E+01  5.285832E+01  1.180281E+02
 3.652500E+02  5.287296E+01  5.287577E+01  1.180759E+02
 3.655000E+02  5.289042E+01  5.289323E+01  1.181237E+02
 3.657500E+02  5.290791E+01  5.291072E+01  1.181715E+02
 3.660000E+02  5.292543E+01  5.292824E+01  1.182194E+02
 3.662500E+02  5.294297E+01  5.294578E+01  1.182673E+02
 3.665000E+02  5.296053E+01  5.296334E+01  1.183153E+02
 3.667500E+02  5.297812E+01  5.298093E+01  1.183632E+02
 3.670000E+02  5.299573E+01  5.299854E+01  1.184112E+02
 3.672500E+02  5.301337E+01  5.301618E+01  1.184593E+02
 3.675000E+02  5.303103E+01  5.303384E+01  1.185074E+02
 3.677500E+02  5.304872E+01  5.305153E+01  1.185555E+02
 3.680000E+02  5.306643E+01  5.306924E+01  1.186036E+02
 3.682500E+02  5.308417E+01  5.308698E+01  1.186518E+02
 3.685000E+02  5.310193E+01  5.310474E+01  1.187000E+02
 3.687500E+02  5.311971E+01  5.312253E+01  1.187483E+02
 3.690000E+02  5.313753E+01  5.314034E+01  1.187966E+02
 3.692500E+02  5.315537E+01  5.315818E+01  1.188449E+02
 3.695000E+02  5.317323E+01  5.317604E+01  1.188932E+02
 3.697500E+02  5.319112E+01  5.319393E+01  1.189416E+02
 3.700000E+02  5.320903E+01  5.321185E+01  1.189901E+02
 3.702500E+02  5.322697E+01  5.322979E+01  1.190386E+02
 3.705000E+02  5.324494E+01  5.324775E+01  1.190871E+02
 3.707500E+02  5.326293E+01  5.326575E+01  1.191356E+02
 3.710000E+02  5.328095E+01  5.328377E+01  1.191842E+02
 3.712500E+02  5.329900E+01  5.330181E+01  1.192328E+02
 3.715000E+02  5.331707E+01  5.331989E+01  1.192815E+02
 3.717500E+02  5.333517E+01  5.333798E+01  1.193302E+02
 3.720000E+02  5.335329E+01  5.335611E+01  1.193789E+02
 3.722500E+02  5.337145E+01  5.337426E+01  1.194277E+02
 3.725000E+02  5.338963E+01  5.339244E+01  1.194765E+02
 3.727500E+02  5.340783E+01  5.341065E+01  1.195254E+02
 3.730000E+02  5.342606E+01  5.342888E+01  1.195743E+02
 3.732500E+02  5.344432E+01  5.344714E+01  1.196232E+02
 3.735000E+02  5.346261E+01  5.346543E+01  1.196722E+02
 3.737500E+02  5.348092E+01  5.348374E+01  1.197212E+02
 3.740000E+02  5.349927E+01  5.350208E+01  1.197703E+02
 3.742500E+02  5.351764E+01  5.352045E+01  1.198194E+02
 3.745000E+02  5.353603E+01  5.353885E+01  1.198685E+02
 3.747500E+02  5.355446E+01  5.355727E+01  1.199177E+02
 3.750000E+02  5.357291E+01  5.357573E+01  1.199669E+02
 3.752500E+02  5.359139E+01  5.359421E+01  1.200162E+02
 3.755000E+02  5.360990E+01  5.361272E+01  1.200655E+02
 3.757500E+02  5.362844E+01  5.363125E+01  1.201149E+02
 3.760000E+02  5.364700E+01  5.364982E+01  1.201642E+02
 3.762500E+02  5.366560E+01  5.366841E+01  1.202137E+02
 3.765000E+02  5.368422E+01  5.368704E+01  1.202632E+02
 3.767500E+02  5.370287E+01  5.370569E+01  1.203127E+02
 3.770000E+02  5.372155E+01  5.372437E+01  1.203622E+02
 3.772500E+02  5.374026E+01  5.374308E+01  1.204119E+02
 3.775000E+02  5.375900E+01  5.376181E+01  1.204615E+02
 3.777500E+02  5.377776E+01  5.378058E+01  1.205112E+02
 3.780000E+02  5.379656E+01  5.379938E+01  1.205609E+02
 3.782500E+02  5.381539E+01  5.381820E+01  1.206107E+02
 3.785000E+02  5.383424E+01  5.383706E+01  1.206606E+02
 3.787500E+02  5.385312E+01  5.385594E+01  1.207104E+02
 3.790000E+02  5.387204E+01  5.387486E+01  1.207604E+02
 3.792500E+02  5.389098E+01  5.389380E+01  1.208103E+02
 3.795000E+02  5.390996E+01  5.391278E+01  1.208603E+02
 3.797500E+02  5.392896E+01  5.393178E+01  1.209104E+02
 3.800000E+02  5.394799E+01  5.395081E+01  1.209605E+02
 3.802500E+02  5.396706E+01  5.396988E+01  1.210107E+02
 3.805000E+02  5.398615E+01  5.398897E+01  1.210609E+02
 3.807500E+02  5.400528E+01  5.400810E+01  1.211111E+02
 3.810000E+02  5.402443E+01  5.402725E+01  1.211614E+02
 3.812500E+02  5.404362E+01  5.404644E+01  1.212117E+02
 3.815000E+02  5.406284E+01  5.406566E+01  1.212621E+02
 3.817500E+02  5.408209E+01  5.408491E+01  1.213126E+02
 3.820000E+02  5.410136E+01  5.410418E+01  1.213631E+02
 3.822500E+02  5.412068E+01  5.412350E+01  1.214136E+02
 3.825000E+02  5.414002E+01  5.414284E+01  1.214642E+02
 3.827500E+02  5.415939E+01  5.416221E+01  1.215148E+02
 3.830000E+02  5.417879E+01  5.418162E+01  1.215655E+02
 3.832500E+02  5.419823E+01  5.420105E+01  1.216162E+02
 3.835000E+02  5.421770E+01  5.422052E+01  1.216670E+02
 3.837500E+02  5.423720E+01  5.424002E+01  1.217178E+02
 3.840000E+02  5.425673E+01  5.425955E+01  1.217687E+02
 3.842500E+02  5.427629E+01  5.427912E+01  1.218197E+02
 3.845000E+02  5.429589E+01  5.429871E+01  1.218706E+02
 3.847500E+02  5.431552E+01  5.431834E+01  1.219217E+02
 3.850000E+02  5.433518E+01  5.433800E+01  1.219728E+02
 3.852500E+02  5.435488E+01  5.435770E+01  1.220239E+02
 3.855000E+02  5.437460E+01  5.437742E+01  1.220751E+02
 3.857500E+02  5.439436E+01  5.439718E+01  1.221263E+02
 3.860000E+02  5.441415E+01  5.441698E+01  1.221776E+02
 3.862500E+02  5.443398E+01  5.443680E+01  1.222290E+02
 3.865000E+02  5.445384E+01  5.445666E+01  1.222804E+02
 3.867500E+02  5.447373E+01  5.447655E+01  1.223318E+02
 3.870000E+02  5.449366E+01  5.449648E+01  1.223833E+02
 3.872500E+02  5.451362E+01  5.451644E+01  1.224349E+02
 3.875000E+02  5.453361E+01  5.453643E+01  1.224865E+02
 3.877500E+02  5.455364E+01  5.455646E+01  1.225381E+02
 3.880000E+02  5.457370E+01  5.457652E+01  1.225899E+02
 3.882500E+02  5.459379E+01  5.459662E+01  1.226416E+02
 3.885000E+02  5.461392E+01  5.461674E+01  1.226935E+02
 3.887500E+02  5.463408E+01  5.463691E+01  1.227454E+02
 3.890000E+02  5.465428E+01  5.465711E+01  1.227973E+02
 3.892500E+02  5.467451E+01  5.467734E+01  1.228493E+02
 3.895000E+02  5.469478E+01  5.469761E+01  1.229013E+02
 3.897500E+02  5.471508E+01  5.471791E+01  1.229535E+02
 3.900000E+02  5.473542E+01  5.473825E+01  1.230056E+02
 3.902500E+02  5.475579E+01  5.475862E+01  1.230578E+02
 3.905000E+02  5.477620E+01  5.477903E+01  1.231101E+02
 3.907500E+02  5.479664E+01  5.479947E+01  1.231624E+02
 3.910000E+02  5.481712E+01  5.481995E+01  1.232148E+02
 3.912500E+02  5.483764E+01  5.484046E+01  1.232673E+02
 3.915000E+02  5.485819E+01  5.486101E+01  1.233198E+02
 3.917500E+02  5.487877E+01  5.488160E+01  1.233724E+02
 3.920000E+02  5.489939E+01  5.490222E+01  1.234250E+02
 3.922500E+02  5.492005E+01  5.492288E+01  1.234777E+02
 3.925000E+02  5.494075E+01  5.494357E+01  1.235304E+02
 3.927500E+02  5.496148E+01  5.496430E+01  1.235832E+02
 3.930000E+02  5.498224E+01  5.498507E+01  1.236361E+02
 3.932500E+02  5.500305E+01  5.500588E+01  1.236890E+02
 3.935000E+02  5.502389E+01  5.502672E+01  1.237420E+02
 3.937500E+02  5.504477E+01  5.504759E+01  1.237950E+02
 3.940000E+02  5.506568E+01  5.506851E+01  1.238481E+02
 3.942500E+02  5.508663E+01  5.508946E+01  1.239013E+02
 3.945000E+02  5.510762E+01  5.511045E+01  1.239545E+02
 3.947500E+02  5.512865E+01  5.513148E+01  1.240078E+02
 3.950000E+02  5.514971E+01  5.515254E+01  1.240611E+02
 3.952500E+02  5.517082E+01  5.517364E+01  1.241145E+02
 3.955000E+02  5.519196E+01  5.519479E+01  1.241680E+02
 3.957500E+02  5.521313E+01  5.521596E+01  1.242215E+02
 3.960000E+02  5.523435E+01  5.523718E+01  1.242751E+02
 3.962500E+02  5.525560E+01  5.525843E+01  1.243288E+02
 3.965000E+02  5.527690E+01  5.527973E+01  1.243825E+02
 3.967500E+02  5.529823E+01  5.530106E+01  1.244363E+02
 3.970000E+02  5.531960E+01  5.532243E+01  1.244901E+02
 3.972500E+02  5.534101E+01  5.534384E+01  1.245440E+02
 3.975000E+02  5.536246E+01  5.536529E+01  1.245980E+02
 3.977500E+02  5.538394E+01  5.538677E+01  1.246521E+02
 3.980000E+02  5.540547E+01  5.540830E+01  1.247062E+02
 3.982500E+02  5.542704E+01  5.542987E+01  1.247603E+02
 3.985000E+02  5.544864E+01  5.545147E+01  1.248146E+02
 3.987500E+02  5.547029E+01  5.547312E+01  1.248689E+02
 3.990000E+02  5.549197E+01  5.549480E+01  1.249232E+02
 3.992500E+02  5.551370E+01  5.551653E+01  1.249777E+02
 3.995000E+02  5.553546E+01  5.553829E+01  1.250322E+02
 3.997500E+02  5.555727E+01  5.556010E+01  1.250867E+02
 4.000000E+02  5.557911E+01  5.558194E+01  1.251414E+02
 4.002500E+02  5.560100E+01  5.560383E+01  1.251960E+02
 4.005000E+02  5.562292E+01  5.562576E+01  1.252508E+02
 4.007500E+02  5.564489E+01  5.564772E+01  1.253056E+02
 4.010000E+02  5.566690E+01  5.566973E+01  1.253605E+02
 4.012500E+02  5.568895E+01  5.569178E+01  1.254155E+02
 4.015000E+02  5.571104E+01  5.571387E+01  1.254706E+02
 4.017500E+02  5.573317E+01  5.573601E+01  1.255257E+02
 4.020000E+02  5.575534E+01  5.575818E+01  1.255808E+02
 4.022500E+02  5.577756E+01  5.578039E+01  1.256361E+02
 4.025000E+02  5.579982E+01  5.580265E+01  1.256914E+02
 4.027500E+02  5.582212E+01  5.582495E+01  1.257468E+02
 4.030000E+02  5.584446E+01  5.584729E+01  1.258022E+02
 4.032500E+02  5.586684E+01  5.586967E+01  1.258578E+02
 4.035000E+02  5.588926E+01  5.589210E+01  1.259134E+02
 4.037500E+02  5.591173E+01  5.591457E+01  1.259690E+02
 4.040000E+02  5.593424E+01  5.593708E+01  1.260248E+02
 4.042500E+02  5.595680E+01  5.595963E+01  1.260806E+02
 4.045000E+02  5.597939E+01  5.598223E+01  1.261364E+02
 4.047500E+02  5.600203E+01  5.600487E+01  1.261924E+02
 4.050000E+02  5.602471E+01  5.602755E+01  1.262484E+02
 4.052500E+02  5.604744E+01  5.605028E+01  1.263045E+02
 4.055000E+02  5.607021E+01  5.607305E+01  1.263607E+02
 4.057500E+02  5.609302E+01  5.609586E+01  1.264169E+02
 4.060000E+02  5.611588E+01  5.611872E+01  1.264732E+02
 4.062500E+02  5.613878E+01  5.614162E+01  1.265296E+02
 4.065000E+02  5.616173E+01  5.616457E+01  1.265861E+02
 4.067500E+02  5.618472E+01  5.618755E+01  1.266426E+02
 4.070000E+02  5.620775E+01  5.621059E+01  1.266993E+02
 4.072500E+02  5.623083E+01  5.623367E+01  1.267559E+02
 4.075000E+02  5.625395E+01  5.625679E+01  1.268127E+02
 4.077500E+02  5.627712E+01  5.627996E+01  1.268695E+02
 4.080000E+02  5.630033E+01  5.630317E+01  1.269264E+02
 4.082500E+02  9.488668E+01  9.826176E+01  2.297219E+02
 4.085000E+02  9.489675E+01  9.827392E+01  2.297517E+02
 4.087500E+02  9.490682E+01  9.828609E+01  2.297814E+02
 4.090000E+02  9.491690E+01  9.829825E+01  2.298112E+02
 4.092500E+02  9.492697E+01  9.831042E+01  2.298409E+02
 4.095000E+02  9.493705E+01  9.832259E+01  2.298707E+02
 4.097500E+02  9.494713E+01  9.833477E+01  2.299004E+02
 4.100000E+02  9.495721E+01  9.834694E+01  2.299301E+02
 4.102500E+02  9.496729E+01  9.835912E+01  2.299598E+02
 4.105000E+02  9.497738E+01  9.837130E+01  2.299895E+02
 4.107500E+02  9.498747E+01  9.838349E+01  2.300191E+02
 4.110000E+02  9.499756E+01  9.839567E+01  2.300488E+02
 4.112500E+02  9.500766E+01  9.840786E+01  2.300784E+02
 4.115000E+02  9.501775E+01  9.842005E+01  2.301081E+02
 4.117500E+02  9.502785E+01  9.843224E+01  2.301377E+02
 4.120000E+02  9.503795E+01  9.844444E+01  2.301673E+02
 4.122500E+02  9.504805E+01  9.845663E+01  2.301969E+02
 4.125000E+02  9.505816E+01  9.846883E+01  2.302265E+02
 4.127500E+02  9.506827E+01  9.848103E+01  2.302561E+02
 4.130000E+02  9.507838E+01  9.849324E+01  2.302856E+02
 4.132500E+02  9.508849E+01  9.850544E+01  2.303152E+02
 4.135000E+02  9.509861E+01  9.851765E+01  2.303447E+02
 4.137500E+02  9.510872E+01  9.852986E+01  2.303742E+02
 4.140000E+02  9.511884E+01  9.854208E+01  2.304037E+02
 4.142500E+02  9.512897E+01  9.855429E+01  2.304332E+02
 4.145000E+02  9.513909E+01  9.856651E+01  2.304627E+02
 4.147500E+02  9.514922E+01  9.857873E+01  2.304922E+02
 4.150000E+02  9.515935E+01  9.859095E+01  2.305216E+02
 4.152500E+02  9.516948E+01  9.860318E+01  2.305511E+02
 4.155000E+02  9.517961E+01  9.861541E+01  2.305805E+02
 4.157500E+02  9.518975E+01  9.862764E+01  2.306099E+02
 4.160000E+02  9.519989E+01  9.863987E+01  2.306394E+02
 4.162500E+02  9.521003E+01  9.865210E+01  2.306688E+02
 4.165000E+02  9.522017E+01  9.866434E+01  2.306982E+02
 4.167500E+02  9.523032E+01  9.867658E+01  2.307275E+02
 4.170000E+02  9.524046E+01  9.868882E+01  2.307569E+02
 4.172500E+02  9.525062E+01  9.870106E+01  2.307862E+02
 4.175000E+02  9.526077E+01  9.871331E+01  2.308156E+02
 4.177500E+02  9.527092E+01  9.872556E+01  2.308449E+02
 4.180000E+02  9.528108E+01  9.873781E+01  2.308742E+02
 4.182500E+02  9.529124E+01  9.875006E+01  2.309035E+02
 4.185000E+02  9.530140E+01  9.876232E+01  2.309328E+02
 4.187500E+02  9.531157E+01  9.877457E+01  2.309621E+02
 4.190000E+02  9.532173E+01  9.878683E+01  2.309914E+02
 4.192500E+02  9.533190E+01  9.879910E+01  2.310206E+02
 4.195000E+02  9.534207E+01  9.881136E+01  2.310499E+02
 4.197500E+02  9.535225E+01  9.882363E+01  2.310791E+02
 4.200000E+02  9.536242E+01  9.883590E+01  2.311083E+02
 4.202500E+02  9.537260E+01  9.884817E+01  2.311375E+02
 4.205000E+02  9.538278E+01  9.886044E+01  2.311667E+02
 4.207500E+02  9.539297E+01  9.887272E+01  2.311959E+02
 4.210000E+02  9.540315E+01  9.888500E+01  2.312251E+02
 4.212500E+02  9.541334E+01  9.889728E+01  2.312543E+02
 4.215000E+02  9.542353E+01  9.890956E+01  2.312834E+02
 4.217500E+02  9.543372E+01  9.892185E+01  2.313125E+02
 4.220000E+02  9.544392E+01  9.893413E+01  2.313417E+02
 4.222500E+02  9.545412E+01  9.894642E+01  2.313708E+02
 4.225000E+02  9.546432E+01  9.895872E+01  2.313999E+02
 4.227500E+02  9.547452E+01  9.897101E+01  2.314290E+02
 4.230000E+02  9.548472E+01  9.898331E+01  2.314581E+02
 4.232500E+02  9.549493E+01  9.899561E+01  2.314871E+02
 4.235000E+02  9.550514E+01  9.900791E+01  2.315162E+02
 4.237500E+02  9.551535E+01  9.902021E+01  2.315452E+02
 4.240000E+02  9.552556E+01  9.903252E+01  2.315743E+02
 4.242500E+02  9.553578E+01  9.904483E+01  2.316033E+02
 4.245000E+02  9.554600E+01  9.905714E+01  2.316323E+02
 4.247500E+02  9.555622E+01  9.906945E+01  2.316613E+02
 4.250000E+02  9.556644E+01  9.908177E+01  2.316903E+02
 4.252500E+02  9.557667E+01  9.909409E+01  2.317193E+02
 4.255000E+02  9.558690E+01  9.910641E+01  2.317482E+02
 4.257500E+02  9.559713E+01  9.911873E+01  2.317772E+02
 4.260000E+02  9.560736E+01  9.913105E+01  2.318061E+02
 4.262500E+02  9.561759E+01  9.914338E+01  2.318350E+02
 4.265000E+02  9.562783E+01  9.915571E+01  2.318640E+02
 4.267500E+02  9.563807E+01  9.916804E+01  2.318929E+02
 4.270000E+02  9.564831E+01  9.918038E+01  2.319218E+02
 4.272500E+02  9.565856E+01  9.919271E+01  2.319506E+02
 4.275000E+02  9.566880E+01  9.920505E+01  2.319795E+02
 4.277500E+02  9.567905E+01  9.921739E+01  2.320084E+02
 4.280000E+02  9.568930E+01  9.922974E+01  2.320372E+02
 4.282500E+02  9.569956E+01  9.924208E+01  2.320661E+02
 4.285000E+02  9.570981E+01  9.925443E+01  2.320949E+02
 4.287500E+02  9.572007E+01  9.926678E+01  2.321237E+02
 4.290000E+02  9.573033E+01  9.927913E+01  2.321525E+02
 4.292500E+02  9.574060E+01  9.929149E+01  2.321813E+02
 4.295000E+02  9.575086E+01  9.930385E+01  2.322101E+02
 4.297500E+02  9.576113E+01  9.931621E+01  2.322388E+02
 4.300000E+02  9.577140E+01  9.932857E+01  2.322676E+02
 4.302500E+02  9.578167E+01  9.934093E+01  2.322963E+02
 4.305000E+02  9.579195E+01  9.935330E+01  2.323251E+02
 4.307500E+02  9.580222E+01  9.936567E+01  2.323538E+02
 4.310000E+02  9.581250E+01  9.937804E+01  2.323825E+02
 4.312500E+02  9.582278E+01  9.939041E+01  2.324112E+02
 4.315000E+02  9.583307E+01  9.940279E+01  2.324399E+02
 4.317500E+02  9.584335E+01  9.941517E+01  2.324686E+02
 4.320000E+02  9.585364E+01  9.942755E+01  2.324973E+02
 4.322500E+02  9.586393E+01  9.943993E+01  2.325259E+02
 4.325000E+02  9.587423E+01  9.945232E+01  2.325546E+02
 4.327500E+02  9.588452E+01  9.946471E+01  2.325832E+02
 4.330000E+02  9.589482E+01  9.947710E+01  2.326118E+02
 4.332500E+02  9.590512E+01  9.948949E+01  2.326404E+02
 4.335000E+02  9.591543E+01  9.950188E+01  2.326690E+02
 4.337500E+02  9.592573E+01  9.951428E+01  2.326976E+02
 4.340000E+02  9.593604E+01  9.952668E+01  2.327262E+02
 4.342500E+02  9.594635E+01  9.953908E+01  2.327548E+02
 4.345000E+02  9.595666E+01  9.955148E+01  2.327833E+02
 4.347500E+02  9.596697E+01  9.956389E+01  2.328119E+02
 4.350000E+02  9.597729E+01  9.957630E+01  2.328404E+02
 4.352500E+02  9.598761E+01  9.958871E+01  2.328689E+02
 4.355000E+02  9.599793E+01  9.960112E+01  2.328974E+02
 4.357500E+02  9.600826E+01  9.961354E+01  2.329259E+02
 4.360000E+02  9.601858E+01  9.962596E+01  2.329544E+02
 4.362500E+02  9.602891E+01  9.963838E+01  2.329829E+02
 4.365000E+02  9.603924E+01  9.965080E+01  2.330114E+02
 4.367500E+02  9.604957E+01  9.966322E+01  2.330398E+02
 4.370000E+02  9.605991E+01  9.967565E+01  2.330683E+02
 4.372500E+02  9.607025E+01  9.968808E+01  2.330967E+02
 4.375000E+02  9.608059E+01  9.970051E+01  2.331251E+02
 4.377500E+02  9.609093E+01  9.971294E+01  2.331535E+02
 4.380000E+02  9.610127E+01  9.972538E+01  2.331819E+02
 4.382500E+02  9.611162E+01  9.973782E+01  2.332103E+02
 4.385000E+02  9.612197E+01  9.975026E+01  2.332387E+02
 4.387500E+02  9.613232E+01  9.976270E+01  2.332671E+02
 4.390000E+02  9.614268E+01  9.977515E+01  2.332954E+02
 4.392500E+02  9.615303E+01  9.978760E+01  2.333238E+02
 4.395000E+02  9.616339E+01  9.980005E+01  2.333521E+02
 4.397500E+02  9.617375E+01  9.981250E+01  2.333804E+02
 4.400000E+02  9.618412E+01  9.982495E+01  2.334087E+02
 4.402500E+02  9.619448E+01  9.983741E+01  2.334370E+02
 4.405000E+02  9.620485E+01  9.984987E+01  2.334653E+02
 4.407500E+02  9.621522E+01  9.986233E+01  2.334936E+02
 4.410000E+02  9.622559E+01  9.987479E+01  2.335219E+02
 4.412500E+02  9.623597E+01  9.988726E+01  2.335502E+02
 4.415000E+02  9.624635E+01  9.989973E+01  2.335784E+02
 4.417500E+02  9.625673E+01  9.991220E+01  2.336066E+02
 4.420000E+02  9.626711E+01  9.992467E+01  2.336349E+02
 4.422500E+02  9.627749E+01  9.993715E+01  2.336631E+02
 4.425000E+02  9.628788E+01  9.994963E+01  2.336913E+02
 4.427500E+02  9.629827E+01  9.996211E+01  2.337195E+02
 4.430000E+02  9.630866E+01  9.997459E+01  2.337477E+02
 4.432500E+02  9.631905E+01  9.998707E+01  2.337758E+02
 4.435000E+02  9.632945E+01  9.999956E+01  2.338040E+02
 4.437500E+02  9.633985E+01  1.000120E+02  2.338322E+02
 4.440000E+02  9.635025E+01  1.000245E+02  2.338603E+02
 4.442500E+02  9.636065E+01  1.000370E+02  2.338884E+02
 4.445000E+02  9.637105E+01  1.000495E+02  2.339166E+02
 4.447500E+02  9.638146E+01  1.000620E+02  2.339447E+02
 4.450000E+02  9.639187E+01  1.000745E+02  2.339728E+02
 4.452500E+02  9.640228E+01  1.000870E+02  2.340009E+02
 4.455000E+02  9.641270E+01  1.000995E+02  2.340289E+02
 4.457500E+02  9.642312E+01  1.001120E+02  2.340570E+02
 4.460000E+02  9.643353E+01  1.001246E+02  2.340851E+02
 4.462500E+02  9.644396E+01  1.001371E+02  2.341131E+02
 4.465000E+02  9.645438E+01  1.001496E+02  2.341411E+02
 4.467500E+02  9.646481E+01  1.001621E+02  2.341692E+02
 4.470000E+02  9.647523E+01  1.001746E+02  2.341972E+02
 4.472500E+02  9.648566E+01  1.001871E+02  2.342252E+02
 4.475000E+02  9.649610E+01  1.001997E+02  2.342532E+02
 4.477500E+02  9.650653E+01  1.002122E+02  2.342812E+02
 4.480000E+02  9.651697E+01  1.002247E+02  2.343091E+02
 4.482500E+02  9.652741E+01  1.002372E+02  2.343371E+02
 4.485000E+02  9.653785E+01  1.002498E+02  2.343650E+02
 4.487500E+02  9.654830E+01  1.002623E+02  2.343930E+02
 4.490000E+02  9.655874E+01  1.002749E+02  2.344209E+02
 4.492500E+02  9.656919E+01  1.002874E+02  2.344488E+02
 4.495000E+02  9.657964E+01  1.002999E+02  2.344767E+02
 4.497500E+02  9.659010E+01  1.003125E+02  2.345046E+02
 4.500000E+02  9.660055E+01  1.003250E+02  2.345325E+02
 4.502500E+02  9.661101E+01  1.003376E+02  2.345604E+02
 4.505000E+02  9.662147E+01  1.003501E+02  2.345883E+02
 4.507500E+02  9.663194E+01  1.003627E+02  2.346161E+02
 4.510000E+02  9.664240E+01  1.003752E+02  2.346440E+02
 4.512500E+02  9.665287E+01  1.003878E+02  2.346718E+02
 4.515000E+02  9.666334E+01  1.004004E+02  2.346997E+02
 4.517500E+02  9.667381E+01  1.004129E+02  2.347275E+02
 4.520000E+02  9.668429E+01  1.004255E+02  2.347553E+02
 4.522500E+02  9.669476E+01  1.004380E+02  2.347831E+02
 4.525000E+02  9.670524E+01  1.004506E+02  2.348109E+02
 4.527500E+02  9.671572E+01  1.004632E+02  2.348386E+02
 4.530000E+02  9.672621E+01  1.004758E+02  2.348664E+02
 4.532500E+02  9.673669E+01  1.004883E+02  2.348942E+02
 4.535000E+02  9.674718E+01  1.005009E+02  2.349219E+02
 4.537500E+02  9.675767E+01  1.005135E+02  2.349496E+02
 4.540000E+02  9.676817E+01  1.005261E+02  2.349774E+02
 4.542500E+02  9.677866E+01  1.005387E+02  2.350051E+02
 4.545000E+02  9.678916E+01  1.005513E+02  2.350328E+02
 4.547500E+02  9.679966E+01  1.005638E+02  2.350605E+02
 4.550000E+02  9.681016E+01  1.005764E+02  2.350881E+02
 4.552500E+02  9.682066E+01  1.005890E+02  2.351158E+02
 4.555000E+02  9.683117E+01  1.006016E+02  2.351435E+02
 4.557500E+02  9.684168E+01  1.006142E+02  2.351711E+02
 4.560000E+02  9.685219E+01  1.006268E+02  2.351988E+02
 4.562500E+02  9.686271E+01  1.006394E+02  2.352264E+02
 4.565000E+02  9.687322E+01  1.006520E+02  2.352540E+02
 4.567500E+02  9.688374E+01  1.006646E+02  2.352816E+02
 4.570000E+02  9.689426E+01  1.006773E+02  2.353092E+02
 4.572500E+02  9.690478E+01  1.006899E+02  2.353368E+02
 4.575000E+02  9.691531E+01  1.007025E+02  2.353644E+02
 4.577500E+02  9.692584E+01  1.007151E+02  2.353920E+02
 4.580000E+02  9.693637E+01  1.007277E+02  2.354196E+02
 4.582500E+02  9.694690E+01  1.007403E+02  2.354471E+02
 4.585000E+02  9.695743E+01  1.007530E+02  2.354746E+02
 4.587500E+02  9.696797E+01  1.007656E+02  2.355022E+02
 4.590000E+02  9.697851E+01  1.007782E+02  2.355297E+02
 4.592500E+02  9.698905E+01  1.007909E+02  2.355572E+02
 4.595000E+02  9.699959E+01  1.008035E+02  2.355847E+02
 4.597500E+02  9.701014E+01  1.008161E+02  2.356122E+02
 4.600000E+02  9.702069E+01  1.008288E+02  2.356397E+02
 4.602500E+02  9.703124E+01  1.008414E+02  2.356672E+02
 4.605000E+02  9.704179E+01  1.008540E+02  2.356946E+02
 4.607500E+02  9.705234E+01  1.008667E+02  2.357221E+02
 4.610000E+02  9.706290E+01  1.008793E+02  2.357495E+02
 4.612500E+02  9.707346E+01  1.008920E+02  2.357769E+02
 4.615000E+02  9.708402E+01  1.009046E+02  2.358044E+02
 4.617500E+02  9.709459E+01  1.009173E+02  2.358318E+02
 4.620000E+02  9.710515E+01  1.009300E+02  2.358592E+02
 4.622500E+02  9.711572E+01  1.009426E+02  2.358866E+02
 4.625000E+02  9.712629E+01  1.009553E+02  2.359139E+02
 4.627500E+02  9.713687E+01  1.009679E+02  2.359413E+02
 4.630000E+02  9.714744E+01  1.009806E+02  2.359687E+02
 4.632500E+02  9.715802E+01  1.009933E+02  2.359960E+02
 4.635000E+02  9.716860E+01  1.010059E+02  2.360234E+02
 4.637500E+02  9.717918E+01  1.010186E+02  2.360507E+02
 4.640000E+02  9.718977E+01  1.010313E+02  2.360780E+02
 4.642500E+02  9.720035E+01  1.010440E+02  2.361053E+02
 4.645000E+02  9.721094E+01  1.010566E+02  2.361326E+02
 4.647500E+02  9.722153E+01  1.010693E+02  2.361599E+02
 4.650000E+02  9.723213E+01  1.010820E+02  2.361872E+02
 4.652500E+02  9.724272E+01  1.010947E+02  2.362145E+02
 4.655000E+02  9.725332E+01  1.011074E+02  2.362418E+02
 4.657500E+02  9.726392E+01  1.011201E+02  2.362690E+02
 4.660000E+02  9.727452E+01  1.011328E+02  2.362963E+02
 4.662500E+02  9.728513E+01  1.011455E+02  2.363235E+02
 4.665000E+02  9.729574E+01  1.011581E+02  2.363507E+02
 4.667500E+02  9.730635E+01  1.011708E+02  2.363779E+02
 4.670000E+02  9.731696E+01  1.011835E+02  2.364051E+02
 4.672500E+02  9.732757E+01  1.011963E+02  2.364323E+02
 4.675000E+02  9.733819E+01  1.012090E+02  2.364595E+02
 4.677500E+02  9.734881E+01  1.012217E+02  2.364867E+02
 4.680000E+02  9.735943E+01  1.012344E+02  2.365139E+02
 4.682500E+02  9.737005E+01  1.012471E+02  2.365410E+02
 4.685000E+02  9.738068E+01  1.012598E+02  2.365682E+02
 4.687500E+02  9.739131E+01  1.012725E+02  2.365953E+02
 4.690000E+02  9.740194E+01  1.012852E+02  2.366224E+02
 4.692500E+02  9.741257E+01  1.012980E+02  2.366495E+02
 4.695000E+02  9.742320E+01  1.013107E+02  2.366767E+02
 4.697500E+02  9.743384E+01  1.013234E+02  2.367038E+02
 4.700000E+02  9.744448E+01  1.013361E+02  2.367308E+02
 4.702500E+02  9.745512E+01  1.013489E+02  2.367579E+02
 4.705000E+02  9.746576E+01  1.013616E+02  2.367850E+02
 4.707500E+02  9.747641E+01  1.013743E+02  2.368121E+02
 4.710000E+02  9.748706E+01  1.013871E+02  2.368391E+02
 4.712500E+02  9.749771E+01  1.013998E+02  2.368661E+02
 4.715000E+02  9.750836E+01  1.014126E+02  2.368932E+02
 4.717500E+02  9.751902E+01  1.014253E+02  2.369202E+02
 4.720000E+02  9.752967E+01  1.014381E+02  2.369472E+02
 4.722500E+02  9.754033E+01  1.014508E+02  2.369742E+02
 4.725000E+02  9.755100E+01  1.014636E+02  2.370012E+02
 4.727500E+02  9.756166E+01  1.014763E+02  2.370282E+02
 4.730000E+02  9.757233E+01  1.014891E+02  2.370552E+02
 4.732500E+02  9.758300E+01  1.015018E+02  2.370821E+02
 4.735000E+02  9.759367E+01  1.015146E+02  2.371091E+02
 4.737500E+02  9.760434E+01  1.015273E+02  2.371360E+02
 4.740000E+02  9.761501E+01  1.015401E+02  2.371630E+02
 4.742500E+02  9.762569E+01  1.015529E+02  2.371899E+02
 4.745000E+02  9.763637E+01  1.015656E+02  2.372168E+02
 4.747500E+02  9.764705E+01  1.015784E+02  2.372437E+02
 4.750000E+02  9.765774E+01  1.015912E+02  2.372706E+02
 4.752500E+02  9.766843E+01  1.016040E+02  2.372975E+02
 4.755000E+02  9.767911E+01  1.016167E+02  2.373244E+02
 4.757500E+02  9.768981E+01  1.016295E+02  2.373513E+02
 4.760000E+02  9.770050E+01  1.016423E+02  2.373781E+02
 4.762500E+02  9.771119E+01  1.016551E+02  2.374050E+02
 4.765000E+02  9.772189E+01  1.016679E+02  2.374318E+02
 4.767500E+02  9.773259E+01  1.016807E+02  2.374586E+02
 4.770000E+02  9.774330E+01  1.016935E+02  2.374855E+02
 4.772500E+02  9.775400E+01  1.017062E+02  2.375123E+02
 4.775000E+02  9.776471E+01  1.017190E+02  2.375391E+02
 4.777500E+02  9.777542E+01  1.017318E+02  2.375659E+02
 4.780000E+02  9.778613E+01  1.017446E+02  2.375927E+02
 4.782500E+02  9.779684E+01  1.017574E+02  2.376194E+02
 4.785000E+02  9.780756E+01  1.017702E+02  2.376462E+02
 4.787500E+02  9.781828E+01  1.017831E+02  2.376730E+02
 4.790000E+02  9.782900E+01  1.017959E+02  2.376997E+02
 4.792500E+02  9.783972E+01  1.018087E+02  2.377265E+02
 4.795000E+02  9.785044E+01  1.018215E+02  2.377532E+02
 4.797500E+02  9.786117E+01  1.018343E+02  2.377799E+02
 4.800000E+02  9.787190E+01  1.018471E+02  2.378066E+02
 4.802500E+02  9.788263E+01  1.018599E+02  2.378333E+02
 4.805000E+02  9.789337E+01  1.018728E+02  2.378600E+02
 4.807500E+02  9.790410E+01  1.018856E+02  2.378867E+02
 4.810000E+02  9.791484E+01  1.018984E+02  2.379134E+02
 4.812500E+02  9.792558E+01  1.019112E+02  2.379400E+02
 4.815000E+02  9.793632E+01  1.019241E+02  2.379667E+02
 4.817500E+02  9.794707E+01  1.019369E+02  2.379933E+02
 4.820000E+02  9.795782E+01  1.019498E+02  2.380200E+02
 4.822500E+02  9.796857E+01  1.019626E+02  2.380466E+02
 4.825000E+02  9.797932E+01  1.019754E+02  2.380732E+02
 4.827500E+02  9.799007E+01  1.019883E+02  2.380998E+02
 4.830000E+02  9.800083E+01  1.020011E+02  2.381264E+02
 4.832500E+02  9.801159E+01  1.020140E+02  2.381530E+02
 4.835000E+02  9.802235E+01  1.020268E+02  2.381796E+02
 4.837500E+02  9.803311E+01  1.020397E+02  2.382062E+02
 4.840000E+02  9.804388E+01  1.020525E+02  2.382328E+02
 4.842500E+02  9.805464E+01  1.020654E+02  2.382593E+02
 4.845000E+02  9.806541E+01  1.020782E+02  2.382859E+02
 4.847500E+02  9.807619E+01  1.020911E+02  2.383124E+02
 4.850000E+02  9.808696E+01  1.021040E+02  2.383389E+02
 4.852500E+02  9.809774E+01  1.021168E+02  2.383654E+02
 4.855000E+02  9.810852E+01  1.021297E+02  2.383920E+02
 4.857500E+02  9.811930E+01  1.021426E+02  2.384185E+02
 4.860000E+02  9.813008E+01  1.021554E+02  2.384449E+02
 4.862500E+02  9.814087E+01  1.021683E+02  2.384714E+02
 4.865000E+02  9.815165E+01  1.021812E+02  2.384979E+02
 4.867500E+02  9.816244E+01  1.021941E+02  2.385244E+02
 4.870000E+02  9.817324E+01  1.022069E+02  2.385508E+02
 4.872500E+02  9.818403E+01  1.022198E+02  2.385773E+02
 4.875000E+02  9.819483E+01  1.022327E+02  2.386037E+02
 4.877500E+02  9.820563E+01  1.022456E+02  2.386301E+02
 4.880000E+02  9.821643E+01  1.022585E+02  2.386566E+02
 4.882500E+02  9.822723E+01  1.022714E+02  2.386830E+02
 4.885000E+02  9.823803E+01  1.022843E+02  2.387094E+02
 4.887500E+02  9.824884E+01  1.022972E+02  2.387358E+02
 4.890000E+02  9.825965E+01  1.023101E+02  2.387621E+02
 4.892500E+02  9.827046E+01  1.023230E+02  2.387885E+02
 4.895000E+02  9.828128E+01  1.023359E+02  2.388149E+02
 4.897500E+02  9.829210E+01  1.023488E+02  2.388412E+02
 4.900000E+02  9.830291E+01  1.023617E+02  2.388676E+02
 4.902500E+02  9.831374E+01  1.023746E+02  2.388939E+02
 4.905000E+02  9.832456E+01  1.023875E+02  2.389203E+02
 4.907500E+02  9.833538E+01  1.024004E+02  2.389466E+02
 4.910000E+02  9.834621E+01  1.024133E+02  2.389729E+02
 4.912500E+02  9.835704E+01  1.024262E+02  2.389992E+02
 4.915000E+02  9.836787E+01  1.024392E+02  2.390255E+02
 4.917500E+02  9.837871E+01  1.024521E+02  2.390518E+02
 4.920000E+02  9.838954E+01  1.024650E+02  2.390780E+02
 4.922500E+02  9.840038E+01  1.024779E+02  2.391043E+02
 4.925000E+02  9.841122E+01  1.024909E+02  2.391306E+02
 4.927500E+02  9.842207E+01  1.025038E+02  2.391568E+02
 4.930000E+02  9.843291E+01  1.025167E+02  2.391831E+02
 4.932500E+02  9.844376E+01  1.025297E+02  2.392093E+02
 4.935000E+02  9.845461E+01  1.025426E+02  2.392355E+02
 4.937500E+02  9.846546E+01  1.025555E+02  2.392617E+02
 4.940000E+02  9.847632E+01  1.025685E+02  2.392879E+02
 4.942500E+02  9.848717E+01  1.025814E+02  2.393141E+02
 4.945000E+02  9.849803E+01  1.025944E+02  2.393403E+02
 4.947500E+02  9.850889E+01  1.026073E+02  2.393665E+02
 4.950000E+02  9.851976E+01  1.026203E+02  2.393927E+02
 4.952500E+02  9.853062E+01  1.026332E+02  2.394188E+02
 4.955000E+02  9.854149E+01  1.026462E+02  2.394450E+02
 4.957500E+02  9.855236E+01  1.026591E+02  2.394711E+02
 4.960000E+02  9.856323E+01  1.026721E+02  2.394973E+02
 4.962500E+02  9.857411E+01  1.026851E+02  2.395234E+02
 4.965000E+02  9.858498E+01  1.026980E+02  2.395495E+02
 4.967500E+02  9.859586E+01  1.027110E+02  2.395756E+02
 4.970000E+02  9.860674E+01  1.027240E+02  2.396017E+02
 4.972500E+02  9.861762E+01  1.027369E+02  2.396278E+02
 4.975000E+02  9.862851E+01  1.027499E+02  2.396539E+02
 4.977500E+02  9.863940E+01  1.027629E+02  2.396800E+02
 4.980000E+02  9.865029E+01  1.027759E+02  2.397060E+02
 4.982500E+02  9.866118E+01  1.027888E+02  2.397321E+02
 4.985000E+02  9.867207E+01  1.028018E+02  2.397581E+02
 4.987500E+02  9.868297E+01  1.028148E+02  2.397842E+02
 4.990000E+02  9.869387E+01  1.028278E+02  2.398102E+02
 4.992500E+02  9.870477E+01  1.028408E+02  2.398362E+02
 4.995000E+02  9.871567E+01  1.028538E+02  2.398623E+02
 4.997500E+02  9.872657E+01  1.028668E+02  2.398883E+02
 5.000000E+02  9.873748E+01  1.028798E+02  2.399143E+02
