#         T/K        V/dm^3  V(excl)/dm^3    alpha/K^-1        status
 2.500000E+02  2.723393E-02  2.660829E-02  1.430501E-04                                 112
 2.502500E+02  2.723491E-02  2.660829E-02  1.430991E-04                                 112
 2.505000E+02  2.723588E-02  2.660829E-02  1.431760E-04                                 112
 2.507500E+02  2.723686E-02  2.660829E-02  1.432266E-04                                 112
 2.510000E+02  2.723783E-02  2.660829E-02  1.432768E-04                                 112
 2.512500E+02  2.723881E-02  2.660829E-02  1.433265E-04                                 112
 2.515000E+02  2.723979E-02  2.660829E-02  1.433757E-04                                 112
 2.517500E+02  2.724076E-02  2.660829E-02  1.434245E-04                                 112
 2.520000E+02  2.724174E-02  2.660829E-02  1.434728E-04                                 112
 2.522500E+02  2.724272E-02  2.660829E-02  1.435207E-04                                 112
 2.525000E+02  2.724369E-02  2.660829E-02  1.435681E-04                                 112
 2.527500E+02  2.724467E-02  2.660829E-02  1.436151E-04                                 112
 2.530000E+02  2.724565E-02  2.660829E-02  1.436616E-04                                 112
 2.532500E+02  2.724663E-02  2.660829E-02  1.437077E-04                                 112
 2.535000E+02  2.724761E-02  2.660829E-02  1.437534E-04                                 112
 2.537500E+02  2.724859E-02  2.660829E-02  1.437986E-04                                 112
 2.540000E+02  2.724957E-02  2.660829E-02  1.438435E-04                                 112
 2.542500E+02  2.725055E-02  2.660829E-02  1.438879E-04                                 112
 2.545000E+02  2.725153E-02  2.660829E-02  1.439319E-04                                 112
 2.547500E+02  2.725251E-02  2.660829E-02  1.439755E-04                                 112
 2.550000E+02  2.725349E-02  2.660829E-02  1.440187E-04                                 112
 2.552500E+02  2.725447E-02  2.660829E-02  1.440615E-04                                 112
 2.555000E+02  2.725545E-02  2.660829E-02  1.441039E-04                                 112
 2.557500E+02  2.725643E-02  2.660829E-02  1.441459E-04                                 112
 2.560000E+02  2.725742E-02  2.660829E-02  1.441875E-04                                 112
 2.562500E+02  2.725840E-02  2.660829E-02  1.442287E-04                                 112
 2.565000E+02  2.725938E-02  2.660829E-02  1.442696E-04                                 112
 2.567500E+02  2.726037E-02  2.660829E-02  1.443101E-04                                 112
 2.570000E+02  2.726135E-02  2.660829E-02  1.443502E-04                                 112
 2.572500E+02  2.726233E-02  2.660829E-02  1.443900E-04                                 112
 2.575000E+02  2.726332E-02  2.660829E-02  1.444294E-04                                 112
 2.577500E+02  2.726430E-02  2.660829E-02  1.444684E-04                                 112
 2.580000E+02  2.726529E-02  2.660829E-02  1.445071E-04                                 112
 2.582500E+02  2.726627E-02  2.660829E-02  1.445454E-04                                 112
 2.585000E+02  2.726726E-02  2.660829E-02  1.445835E-04                                 112
 2.587500E+02  2.726824E-02  2.660829E-02  1.446211E-04                                 112
 2.590000E+02  2.726923E-02  2.660829E-02  1.446585E-04                                 112
 2.592500E+02  2.727022E-02  2.660829E-02  1.446955E-04                                 112
 2.595000E+02  2.727120E-02  2.660829E-02  1.447322E-04                                 112
 2.597500E+02  2.727219E-02  2.660829E-02  1.447686E-04                                 112
 2.600000E+02  2.727318E-02  2.660829E-02  1.448046E-04                                 112
 2.602500E+02  2.727416E-02  2.660829E-02  1.448404E-04                                 112
 2.605000E+02  2.727515E-02  2.660829E-02  1.448759E-04                                 112
 2.607500E+02  2.727614E-02  2.660829E-02  1.449110E-04                                 112
 2.610000E+02  2.727713E-02  2.660829E-02  1.449459E-04                                 112
 2.612500E+02  2.727812E-02  2.660829E-02  1.449805E-04                                 112
 2.615000E+02  2.727911E-02  2.660829E-02  1.450148E-04                                 112
 2.617500E+02  2.728009E-02  2.660829E-02  1.450488E-04                                 112
 2.620000E+02  2.728108E-02  2.660829E-02  1.450826E-04                                 112
 2.622500E+02  2.728207E-02  2.660829E-02  1.451161E-04                                 112
 2.625000E+02  2.728306E-02  2.660829E-02  1.451493E-04                                 112
 2.627500E+02  2.728405E-02  2.660829E-02  1.451823E-04                                 112
 2.630000E+02  2.728504E-02  2.660829E-02  1.452150E-04                                 112
 2.632500E+02  2.728603E-02  2.660829E-02  1.452475E-04                                 112
 2.635000E+02  2.728703E-02  2.660829E-02  1.452797E-04                                 112
 2.637500E+02  2.728802E-02  2.660829E-02  1.453117E-04                                 112
 2.640000E+02  2.728901E-02  2.660829E-02  1.453435E-04                                 112
 2.642500E+02  2.729000E-02  2.660829E-02  1.453750E-04                                 112
 2.645000E+02  2.729099E-02  2.660829E-02  1.454063E-04                                 112
 2.647500E+02  2.729198E-02  2.660829E-02  1.454374E-04                                 112
 2.650000E+02  2.729298E-02  2.660829E-02  1.454683E-04                                 112
 2.652500E+02  2.729397E-02  2.660829E-02  1.454990E-04                                 112
 2.655000E+02  2.729496E-02  2.660829E-02  1.455295E-04                                 112
 2.657500E+02  2.729596E-02  2.660829E-02  1.455598E-04                                 112
 2.660000E+02  2.729695E-02  2.660829E-02  1.455899E-04                                 112
 2.662500E+02  2.729794E-02  2.660829E-02  1.456199E-04                                 112
 2.665000E+02  2.729894E-02  2.660829E-02  1.456496E-04                                 112
 2.667500E+02  2.729993E-02  2.660829E-02  1.456792E-04                                 112
 2.670000E+02  2.730093E-02  2.660829E-02  1.457086E-04                                 112
 2.672500E+02  2.730192E-02  2.660829E-02  1.457378E-04                                 112
 2.675000E+02  2.730291E-02  2.660829E-02  1.457669E-04                                 112
 2.677500E+02  2.730391E-02  2.660829E-02  1.457959E-04                                 112
 2.680000E+02  2.730491E-02  2.660829E-02  1.458246E-04                                 112
 2.682500E+02  2.730590E-02  2.660829E-02  1.458533E-04                                 112
 2.685000E+02  2.730690E-02  2.660829E-02  1.458818E-04                                 112
 2.687500E+02  2.730789E-02  2.660829E-02  1.459102E-04                                 112
 2.690000E+02  2.730889E-02  2.660829E-02  1.459384E-04                                 112
 2.692500E+02  2.730989E-02  2.660829E-02  1.459666E-04                                 112
 2.695000E+02  2.731088E-02  2.660829E-02  1.459946E-04                                 112
 2.697500E+02  2.731188E-02  2.660829E-02  1.460225E-04                                 112
 2.700000E+02  2.731288E-02  2.660829E-02  1.460503E-04                                 112
 2.702500E+02  2.731387E-02  2.660829E-02  1.460781E-04                                 112
 2.705000E+02  2.731487E-02  2.660829E-02  1.461057E-04                                 112
 2.707500E+02  2.731587E-02  2.660829E-02  1.461332E-04                                 112
 2.710000E+02  2.731687E-02  2.660829E-02  1.461607E-04                                 112
 2.712500E+02  2.731786E-02  2.660829E-02  1.461880E-04                                 112
 2.715000E+02  2.731886E-02  2.660829E-02  1.462153E-04                                 112
 2.717500E+02  2.731986E-02  2.660829E-02  1.462426E-04                                 112
 2.720000E+02  2.732086E-02  2.660829E-02  1.462698E-04                                 112
 2.722500E+02  2.732186E-02  2.660829E-02  1.462969E-04                                 112
 2.725000E+02  2.732286E-02  2.660829E-02  1.463240E-04                                 112
 2.727500E+02  2.732386E-02  2.660829E-02  1.463510E-04                                 112
 2.730000E+02  2.732486E-02  2.660829E-02  1.463780E-04                                 112
 2.732500E+02  2.732586E-02  2.660829E-02  1.464050E-04                                 112
 2.735000E+02  2.732686E-02  2.660829E-02  1.464319E-04                                 112
 2.737500E+02  2.732786E-02  2.660829E-02  1.464588E-04                                 112
 2.740000E+02  2.732886E-02  2.660829E-02  1.464857E-04                                 112
 2.742500E+02  2.732986E-02  2.660829E-02  1.465126E-04                                 112
 2.745000E+02  2.733086E-02  2.660829E-02  1.465395E-04                                 112
 2.747500E+02  2.733186E-02  2.660829E-02  1.465664E-04                                 112
 2.750000E+02  2.733287E-02  2.660829E-02  1.465933E-04                                 112
 2.752500E+02  2.733387E-02  2.660829E-02  1.466202E-04                                 112
 2.755000E+02  2.733487E-02  2.660829E-02  1.466471E-04                                 112
 2.757500E+02  2.733587E-02  2.660829E-02  1.466741E-04                                 112
 2.760000E+02  2.733687E-02  2.660829E-02  1.467011E-04                                 112
 2.762500E+02  2.733788E-02  2.660829E-02  1.467281E-04                                 112
 2.765000E+02  2.733888E-02  2.660829E-02  1.467551E-04                                 112
 2.767500E+02  2.733988E-02  2.660829E-02  1.467822E-04                                 112
 2.770000E+02  2.734089E-02  2.660829E-02  1.468093E-04                                 112
 2.772500E+02  2.734189E-02  2.660829E-02  1.468365E-04                                 112
 2.775000E+02  2.734289E-02  2.660829E-02  1.468638E-04                                 112
 2.777500E+02  2.734390E-02  2.660829E-02  1.468911E-04                                 112
 2.780000E+02  2.734490E-02  2.660829E-02  1.469185E-04                                 112
 2.782500E+02  2.734591E-02  2.660829E-02  1.469460E-04                                 112
 2.785000E+02  2.734691E-02  2.660829E-02  1.469735E-04                                 112
 2.787500E+02  2.734792E-02  2.660829E-02  1.470012E-04                                 112
 2.790000E+02  2.734892E-02  2.660829E-02  1.470289E-04                                 112
 2.792500E+02  2.734993E-02  2.660829E-02  1.470568E-04                                 112
 2.795000E+02  2.735093E-02  2.660829E-02  1.470847E-04                                 112
 2.797500E+02  2.735194E-02  2.660829E-02  1.471127E-04                                 112
 2.800000E+02  2.735294E-02  2.660829E-02  1.471409E-04                                 112
 2.802500E+02  2.735395E-02  2.660829E-02  1.471692E-04                                 112
 2.805000E+02  2.735496E-02  2.660829E-02  1.471976E-04                                 112
 2.807500E+02  2.735596E-02  2.660829E-02  1.472262E-04                                 112
 2.810000E+02  2.735697E-02  2.660829E-02  1.472548E-04                                 112
 2.812500E+02  2.735798E-02  2.660829E-02  1.472837E-04                                 112
 2.815000E+02  2.735899E-02  2.660829E-02  1.473126E-04                                 112
 2.817500E+02  2.735999E-02  2.660829E-02  1.473418E-04                                 112
 2.820000E+02  2.736100E-02  2.660829E-02  1.473711E-04                                 112
 2.822500E+02  2.736201E-02  2.660829E-02  1.474005E-04                                 112
 2.825000E+02  2.736302E-02  2.660829E-02  1.474301E-04                                 112
 2.827500E+02  2.736403E-02  2.660829E-02  1.474599E-04                                 112
 2.830000E+02  2.736504E-02  2.660829E-02  1.474899E-04                                 112
 2.832500E+02  2.736604E-02  2.660829E-02  1.475201E-04                                 112
 2.835000E+02  2.736705E-02  2.660829E-02  1.475504E-04                                 112
 2.837500E+02  2.736806E-02  2.660829E-02  1.475810E-04                                 112
 2.840000E+02  2.736907E-02  2.660829E-02  1.476117E-04                                 112
 2.842500E+02  2.737008E-02  2.660829E-02  1.476427E-04                                 112
 2.845000E+02  2.737109E-02  2.660829E-02  1.476739E-04                                 112
 2.847500E+02  2.737210E-02  2.660829E-02  1.477053E-04                                 112
 2.850000E+02  2.737312E-02  2.660829E-02  1.477369E-04                                 112
 2.852500E+02  2.737413E-02  2.660829E-02  1.477687E-04                                 112
 2.855000E+02  2.737514E-02  2.660829E-02  1.478008E-04                                 112
 2.857500E+02  2.737615E-02  2.660829E-02  1.478331E-04                                 112
 2.860000E+02  2.737716E-02  2.660829E-02  1.478657E-04                                 112
 2.862500E+02  2.737817E-02  2.660829E-02  1.478985E-04                                 112
 2.865000E+02  2.737919E-02  2.660829E-02  1.479316E-04                                 112
 2.867500E+02  2.738020E-02  2.660829E-02  1.479649E-04                                 112
 2.870000E+02  2.738121E-02  2.660829E-02  1.479985E-04                                 112
 2.872500E+02  2.738222E-02  2.660829E-02  1.480324E-04                                 112
 2.875000E+02  2.738324E-02  2.660829E-02  1.480666E-04                                 112
 2.877500E+02  2.738425E-02  2.660829E-02  1.481010E-04                                 112
 2.880000E+02  2.738527E-02  2.660829E-02  1.481357E-04                                 112
 2.882500E+02  2.738628E-02  2.660829E-02  1.481707E-04                                 112
 2.885000E+02  2.738730E-02  2.660829E-02  1.482060E-04                                 112
 2.887500E+02  2.738831E-02  2.660829E-02  1.482417E-04                                 112
 2.890000E+02  2.738933E-02  2.660829E-02  1.482776E-04                                 112
 2.892500E+02  2.739034E-02  2.660829E-02  1.483138E-04                                 112
 2.895000E+02  2.739136E-02  2.660829E-02  1.483504E-04                                 112
 2.897500E+02  2.739237E-02  2.660829E-02  1.483872E-04                                 112
 2.900000E+02  2.739339E-02  2.660829E-02  1.484245E-04                                 112
 2.902500E+02  2.739441E-02  2.660829E-02  1.484620E-04                                 112
 2.905000E+02  2.739542E-02  2.660829E-02  1.484999E-04                                 112
 2.907500E+02  2.739644E-02  2.660829E-02  1.485381E-04                                 112
 2.910000E+02  2.739746E-02  2.660829E-02  1.485767E-04                                 112
 2.912500E+02  2.739847E-02  2.660829E-02  1.486156E-04                                 112
 2.915000E+02  2.739949E-02  2.660829E-02  1.486549E-04                                 112
 2.917500E+02  2.740051E-02  2.660829E-02  1.486946E-04                                 112
 2.920000E+02  2.740153E-02  2.660829E-02  1.487346E-04                                 112
 2.922500E+02  2.740255E-02  2.660829E-02  1.487751E-04                                 112
 2.925000E+02  2.740357E-02  2.660829E-02  1.488158E-04                                 112
 2.927500E+02  2.740459E-02  2.660829E-02  1.488570E-04                                 112
 2.930000E+02  2.740561E-02  2.660829E-02  1.488986E-04                                 112
 2.932500E+02  2.740663E-02  2.660829E-02  1.489406E-04                                 112
 2.935000E+02  2.740765E-02  2.660829E-02  1.489829E-04                                 112
 2.937500E+02  2.740867E-02  2.660829E-02  1.490257E-04                                 112
 2.940000E+02  2.740969E-02  2.660829E-02  1.490689E-04                                 112
 2.942500E+02  2.741071E-02  2.660829E-02  1.491125E-04                                 112
 2.945000E+02  2.741173E-02  2.660829E-02  1.491566E-04                                 112
 2.947500E+02  2.741276E-02  2.660829E-02  1.492010E-04                                 112
 2.950000E+02  2.741378E-02  2.660829E-02  1.492459E-04                                 112
 2.952500E+02  2.741480E-02  2.660829E-02  1.492912E-04                                 112
 2.955000E+02  2.741583E-02  2.660829E-02  1.493370E-04                                 112
 2.957500E+02  2.741685E-02  2.660829E-02  1.493832E-04                                 112
 2.960000E+02  2.741787E-02  2.660829E-02  1.494299E-04                                 112
 2.962500E+02  2.741890E-02  2.660829E-02  1.494771E-04                                 112
 2.965000E+02  2.741992E-02  2.660829E-02  1.495247E-04                                 112
 2.967500E+02  2.742095E-02  2.660829E-02  1.495727E-04                                 112
 2.970000E+02  2.742197E-02  2.660829E-02  1.496213E-04                                 112
 2.972500E+02  2.742300E-02  2.660829E-02  1.496703E-04                                 112
 2.975000E+02  2.742403E-02  2.660829E-02  1.497198E-04                                 112
 2.977500E+02  2.742505E-02  2.660829E-02  1.497698E-04                                 112
 2.980000E+02  2.742608E-02  2.660829E-02  1.498203E-04                                 112
 2.982500E+02  2.742711E-02  2.660829E-02  1.498712E-04                                 112
 2.985000E+02  2.742814E-02  2.660829E-02  1.499227E-04                                 112
 2.987500E+02  2.742916E-02  2.660829E-02  1.499747E-04                                 112
 2.990000E+02  2.743019E-02  2.660829E-02  1.500272E-04                                 112
 2.992500E+02  2.743122E-02  2.660829E-02  1.500803E-04                                 112
 2.995000E+02  2.743225E-02  2.660829E-02  1.501338E-04                                 112
 2.997500E+02  2.743328E-02  2.660829E-02  1.501879E-04                                 112
 3.000000E+02  2.743431E-02  2.660829E-02  1.502425E-04                                 112
 3.002500E+02  2.743534E-02  2.660829E-02  1.502977E-04                                 112
 3.005000E+02  2.743637E-02  2.660829E-02  1.503534E-04                                 112
 3.007500E+02  2.743740E-02  2.660829E-02  1.504096E-04                                 112
 3.010000E+02  2.743844E-02  2.660829E-02  1.504664E-04                                 112
 3.012500E+02  2.743947E-02  2.660829E-02  1.505238E-04                                 112
 3.015000E+02  2.744050E-02  2.660829E-02  1.505817E-04                                 112
 3.017500E+02  2.744153E-02  2.660829E-02  1.506402E-04                                 112
 3.020000E+02  2.744257E-02  2.660829E-02  1.506992E-04                                 112
 3.022500E+02  2.744360E-02  2.660829E-02  1.507589E-04                                 112
 3.025000E+02  2.744464E-02  2.660829E-02  1.508191E-04                                 112
 3.027500E+02  2.744567E-02  2.660829E-02  1.508799E-04                                 112
 3.030000E+02  2.744671E-02  2.660829E-02  1.509413E-04                                 112
 3.032500E+02  2.744774E-02  2.660829E-02  1.510033E-04                                 112
 3.035000E+02  2.744878E-02  2.660829E-02  1.510659E-04                                 112
 3.037500E+02  2.744982E-02  2.660829E-02  1.511291E-04                                 112
 3.040000E+02  2.745085E-02  2.660829E-02  1.511930E-04                                 112
 3.042500E+02  2.745189E-02  2.660829E-02  1.512574E-04                                 112
 3.045000E+02  2.745293E-02  2.660829E-02  1.513225E-04                                 112
 3.047500E+02  2.745397E-02  2.660829E-02  1.513882E-04                                 112
 3.050000E+02  2.745501E-02  2.660829E-02  1.514545E-04                                 112
 3.052500E+02  2.745605E-02  2.660829E-02  1.515214E-04                                 112
 3.055000E+02  2.745709E-02  2.660829E-02  1.515890E-04                                 112
 3.057500E+02  2.745813E-02  2.660829E-02  1.516573E-04                                 112
 3.060000E+02  2.745917E-02  2.660829E-02  1.517262E-04                                 112
 3.062500E+02  2.746021E-02  2.660829E-02  1.517958E-04                                 112
 3.065000E+02  2.746125E-02  2.660829E-02  1.518660E-04                                 112
 3.067500E+02  2.746230E-02  2.660829E-02  1.519369E-04                                 112
 3.070000E+02  2.746334E-02  2.660829E-02  1.520084E-04                                 112
 3.072500E+02  2.746438E-02  2.660829E-02  1.520807E-04                                 112
 3.075000E+02  2.746543E-02  2.660829E-02  1.521536E-04                                 112
 3.077500E+02  2.746647E-02  2.660829E-02  1.522272E-04                                 112
 3.080000E+02  2.746752E-02  2.660829E-02  1.523015E-04                                 112
 3.082500E+02  2.746857E-02  2.660829E-02  1.523765E-04                                 112
 3.085000E+02  2.746961E-02  2.660829E-02  1.524522E-04                                 112
 3.087500E+02  2.747066E-02  2.660829E-02  1.525286E-04                                 112
 3.090000E+02  2.747171E-02  2.660829E-02  1.526057E-04                                 112
 3.092500E+02  2.747276E-02  2.660829E-02  1.526835E-04                                 112
 3.095000E+02  2.747380E-02  2.660829E-02  1.527620E-04                                 112
 3.097500E+02  2.747485E-02  2.660829E-02  1.528413E-04                                 112
 3.100000E+02  2.747590E-02  2.660829E-02  1.529213E-04                                 112
 3.102500E+02  2.747696E-02  2.660829E-02  1.530020E-04                                 112
 3.105000E+02  2.747801E-02  2.660829E-02  1.530835E-04                                 112
 3.107500E+02  2.747906E-02  2.660829E-02  1.531657E-04                                 112
 3.110000E+02  2.748011E-02  2.660829E-02  1.532487E-04                                 112
 3.112500E+02  2.748116E-02  2.660829E-02  1.533324E-04                                 112
 3.115000E+02  2.748222E-02  2.660829E-02  1.534169E-04                                 112
 3.117500E+02  2.748327E-02  2.660829E-02  1.535021E-04                                 112
 3.120000E+02  2.748433E-02  2.660829E-02  1.535881E-04                                 112
 3.122500E+02  2.748538E-02  2.660829E-02  1.536749E-04                                 112
 3.125000E+02  2.748644E-02  2.660829E-02  1.537624E-04                                 112
 3.127500E+02  2.748750E-02  2.660829E-02  1.538508E-04                                 112
 3.130000E+02  2.748855E-02  2.660829E-02  1.539399E-04                                 112
 3.132500E+02  2.748961E-02  2.660829E-02  1.540298E-04                                 112
 3.135000E+02  2.749067E-02  2.660829E-02  1.541205E-04                                 112
 3.137500E+02  2.749173E-02  2.660829E-02  1.542121E-04                                 112
 3.140000E+02  2.749279E-02  2.660829E-02  1.543044E-04                                 112
 3.142500E+02  2.749385E-02  2.660829E-02  1.543975E-04                                 112
 3.145000E+02  2.749491E-02  2.660829E-02  1.544915E-04                                 112
 3.147500E+02  2.749598E-02  2.660829E-02  1.545863E-04                                 112
 3.150000E+02  2.749704E-02  2.660829E-02  1.546819E-04                                 112
 3.152500E+02  2.749810E-02  2.660829E-02  1.547783E-04                                 112
 3.155000E+02  2.749917E-02  2.660829E-02  1.548756E-04                                 112
 3.157500E+02  2.750023E-02  2.660829E-02  1.549737E-04                                 112
 3.160000E+02  2.750130E-02  2.660829E-02  1.550727E-04                                 112
 3.162500E+02  2.750236E-02  2.660829E-02  1.551725E-04                                 112
 3.165000E+02  2.750343E-02  2.660829E-02  1.552732E-04                                 112
 3.167500E+02  2.750450E-02  2.660829E-02  1.553747E-04                                 112
 3.170000E+02  2.750557E-02  2.660829E-02  1.554771E-04                                 112
 3.172500E+02  2.750664E-02  2.660829E-02  1.555804E-04                                 112
 3.175000E+02  2.750771E-02  2.660829E-02  1.556845E-04                                 112
 3.177500E+02  2.750878E-02  2.660829E-02  1.557895E-04                                 112
 3.180000E+02  2.750985E-02  2.660829E-02  1.558954E-04                                 112
 3.182500E+02  2.751092E-02  2.660829E-02  1.560022E-04                                 112
 3.185000E+02  2.751200E-02  2.660829E-02  1.561099E-04                                 112
 3.187500E+02  2.751307E-02  2.660829E-02  1.562185E-04                                 112
 3.190000E+02  2.751414E-02  2.660829E-02  1.563280E-04                                 112
 3.192500E+02  2.751522E-02  2.660829E-02  1.564385E-04                                 112
 3.195000E+02  2.751630E-02  2.660829E-02  1.565498E-04                                 112
 3.197500E+02  2.751737E-02  2.660829E-02  1.566620E-04                                 112
 3.200000E+02  2.751845E-02  2.660829E-02  1.567752E-04                                 112
 3.202500E+02  2.751953E-02  2.660829E-02  1.568893E-04                                 112
 3.205000E+02  2.752061E-02  2.660829E-02  1.570043E-04                                 112
 3.207500E+02  2.752169E-02  2.660829E-02  1.571203E-04                                 112
 3.210000E+02  2.752277E-02  2.660829E-02  1.572372E-04                                 112
 3.212500E+02  2.752386E-02  2.660829E-02  1.573551E-04                                 112
 3.215000E+02  2.752494E-02  2.660829E-02  1.574739E-04                                 112
 3.217500E+02  2.752602E-02  2.660829E-02  1.575937E-04                                 112
 3.220000E+02  2.752711E-02  2.660829E-02  1.577145E-04                                 112
 3.222500E+02  2.752819E-02  2.660829E-02  1.578362E-04                                 112
 3.225000E+02  2.752928E-02  2.660829E-02  1.579589E-04                                 112
 3.227500E+02  2.753037E-02  2.660829E-02  1.580825E-04                                 112
 3.230000E+02  2.753146E-02  2.660829E-02  1.582072E-04                                 112
 3.232500E+02  2.753255E-02  2.660829E-02  1.583328E-04                                 112
 3.235000E+02  2.753364E-02  2.660829E-02  1.584595E-04                                 112
 3.237500E+02  2.753473E-02  2.660829E-02  1.585871E-04                                 112
 3.240000E+02  2.753582E-02  2.660829E-02  1.587158E-04                                 112
 3.242500E+02  2.753691E-02  2.660829E-02  1.588454E-04                                 112
 3.245000E+02  2.753801E-02  2.660829E-02  1.589761E-04                                 112
 3.247500E+02  2.753910E-02  2.660829E-02  1.591078E-04                                 112
 3.250000E+02  2.754020E-02  2.660829E-02  1.592405E-04                                 112
 3.252500E+02  2.754129E-02  2.660829E-02  1.593742E-04                                 112
 3.255000E+02  2.754239E-02  2.660829E-02  1.595090E-04                                 112
 3.257500E+02  2.754349E-02  2.660829E-02  1.596448E-04                                 112
 3.260000E+02  2.754459E-02  2.660829E-02  1.597817E-04                                 112
 3.262500E+02  2.754569E-02  2.660829E-02  1.599196E-04                                 112
 3.265000E+02  2.754679E-02  2.660829E-02  1.600586E-04                                 112
 3.267500E+02  2.754790E-02  2.660829E-02  1.601986E-04                                 112
 3.270000E+02  2.754900E-02  2.660829E-02  1.603397E-04                                 112
 3.272500E+02  2.755010E-02  2.660829E-02  1.604819E-04                                 112
 3.275000E+02  2.755121E-02  2.660829E-02  1.606251E-04                                 112
 3.277500E+02  2.755232E-02  2.660829E-02  1.607695E-04                                 112
 3.280000E+02  2.755343E-02  2.660829E-02  1.609149E-04                                 112
 3.282500E+02  2.755453E-02  2.660829E-02  1.610614E-04                                 112
 3.285000E+02  2.755564E-02  2.660829E-02  1.612090E-04                                 112
 3.287500E+02  2.755676E-02  2.660829E-02  1.613577E-04                                 112
 3.290000E+02  2.755787E-02  2.660829E-02  1.615075E-04                                 112
 3.292500E+02  2.755898E-02  2.660829E-02  1.616584E-04                                 112
 3.295000E+02  2.756010E-02  2.660829E-02  1.618105E-04                                 112
 3.297500E+02  2.756121E-02  2.660829E-02  1.619636E-04                                 112
 3.300000E+02  2.756233E-02  2.660829E-02  1.621179E-04                                 112
 3.302500E+02  2.756344E-02  2.660829E-02  1.622734E-04                                 112
 3.305000E+02  2.756456E-02  2.660829E-02  1.624299E-04                                 112
 3.307500E+02  2.756568E-02  2.660829E-02  1.625877E-04                                 112
 3.310000E+02  2.756680E-02  2.660829E-02  1.627465E-04                                 112
 3.312500E+02  2.756793E-02  2.660829E-02  1.629065E-04                                 112
 3.315000E+02  2.756905E-02  2.660829E-02  1.630677E-04                                 112
 3.317500E+02  2.757017E-02  2.660829E-02  1.632301E-04                                 112
 3.320000E+02  2.757130E-02  2.660829E-02  1.633936E-04                                 112
 3.322500E+02  2.757243E-02  2.660829E-02  1.635583E-04                                 112
 3.325000E+02  2.757355E-02  2.660829E-02  1.637241E-04                                 112
 3.327500E+02  2.757468E-02  2.660829E-02  1.638912E-04                                 112
 3.330000E+02  2.757581E-02  2.660829E-02  1.640595E-04                                 112
 3.332500E+02  2.757695E-02  2.660829E-02  1.642289E-04                                 112
 3.335000E+02  2.757808E-02  2.660829E-02  1.643996E-04                                 112
 3.337500E+02  2.757921E-02  2.660829E-02  1.645714E-04                                 112
 3.340000E+02  2.758035E-02  2.660829E-02  1.647445E-04                                 112
 3.342500E+02  2.758148E-02  2.660829E-02  1.649188E-04                                 112
 3.345000E+02  2.758262E-02  2.660829E-02  1.650944E-04                                 112
 3.347500E+02  2.758376E-02  2.660829E-02  1.652711E-04                                 112
 3.350000E+02  2.758490E-02  2.660829E-02  1.654491E-04                                 112
 3.352500E+02  2.758604E-02  2.660829E-02  1.656284E-04                                 112
 3.355000E+02  2.758719E-02  2.660829E-02  1.658088E-04                                 112
 3.357500E+02  2.758833E-02  2.660829E-02  1.659906E-04                                 112
 3.360000E+02  2.758948E-02  2.660829E-02  1.661736E-04                                 112
 3.362500E+02  2.759062E-02  2.660829E-02  1.663579E-04                                 112
 3.365000E+02  2.759177E-02  2.660829E-02  1.665434E-04                                 112
 3.367500E+02  2.759292E-02  2.660829E-02  1.667302E-04                                 112
 3.370000E+02  2.759407E-02  2.660829E-02  1.669183E-04                                 112
 3.372500E+02  2.759522E-02  2.660829E-02  1.671077E-04                                 112
 3.375000E+02  2.759638E-02  2.660829E-02  1.672983E-04                                 112
 3.377500E+02  2.759753E-02  2.660829E-02  1.674903E-04                                 112
 3.380000E+02  2.759869E-02  2.660829E-02  1.676836E-04                                 112
 3.382500E+02  2.759985E-02  2.660829E-02  1.678782E-04                                 112
 3.385000E+02  2.760101E-02  2.660829E-02  1.680741E-04                                 112
 3.387500E+02  2.760217E-02  2.660829E-02  1.682713E-04                                 112
 3.390000E+02  2.760333E-02  2.660829E-02  1.684699E-04                                 112
 3.392500E+02  2.760449E-02  2.660829E-02  1.686698E-04                                 112
 3.395000E+02  2.760566E-02  2.660829E-02  1.688710E-04                                 112
 3.397500E+02  2.760682E-02  2.660829E-02  1.690736E-04                                 112
 3.400000E+02  2.760799E-02  2.660829E-02  1.692775E-04                                 112
 3.402500E+02  2.760916E-02  2.660829E-02  1.694828E-04                                 112
 3.405000E+02  2.761033E-02  2.660829E-02  1.696894E-04                                 112
 3.407500E+02  2.761150E-02  2.660829E-02  1.698975E-04                                 112
 3.410000E+02  2.761267E-02  2.660829E-02  1.701068E-04                                 112
 3.412500E+02  2.761385E-02  2.660829E-02  1.703176E-04                                 112
 3.415000E+02  2.761503E-02  2.660829E-02  1.705298E-04                                 112
 3.417500E+02  2.761620E-02  2.660829E-02  1.707433E-04                                 112
 3.420000E+02  2.761738E-02  2.660829E-02  1.709583E-04                                 112
 3.422500E+02  2.761856E-02  2.660829E-02  1.711746E-04                                 112
 3.425000E+02  2.761975E-02  2.660829E-02  1.713924E-04                                 112
 3.427500E+02  2.762093E-02  2.660829E-02  1.716116E-04                                 112
 3.430000E+02  2.762212E-02  2.660829E-02  1.718322E-04                                 112
 3.432500E+02  2.762330E-02  2.660829E-02  1.720542E-04                                 112
 3.435000E+02  2.762449E-02  2.660829E-02  1.722777E-04                                 112
 3.437500E+02  2.762568E-02  2.660829E-02  1.725026E-04                                 112
 3.440000E+02  2.762688E-02  2.660829E-02  1.727290E-04                                 112
 3.442500E+02  2.762807E-02  2.660829E-02  1.729568E-04                                 112
 3.445000E+02  2.762927E-02  2.660829E-02  1.731861E-04                                 112
 3.447500E+02  2.763046E-02  2.660829E-02  1.734168E-04                                 112
 3.450000E+02  2.763166E-02  2.660829E-02  1.736491E-04                                 112
 3.452500E+02  2.763286E-02  2.660829E-02  1.738828E-04                                 112
 3.455000E+02  2.763406E-02  2.660829E-02  1.741179E-04                                 112
 3.457500E+02  2.763527E-02  2.660829E-02  1.743546E-04                                 112
 3.460000E+02  2.763647E-02  2.660829E-02  1.745928E-04                                 112
 3.462500E+02  2.763768E-02  2.660829E-02  1.748325E-04                                 112
 3.465000E+02  2.763889E-02  2.660829E-02  1.750737E-04                                 112
 3.467500E+02  2.764010E-02  2.660829E-02  1.753164E-04                                 112
 3.470000E+02  2.764131E-02  2.660829E-02  1.755606E-04                                 112
 3.472500E+02  2.764253E-02  2.660829E-02  1.758064E-04                                 112
 3.475000E+02  2.764374E-02  2.660829E-02  1.760537E-04                                 112
 3.477500E+02  2.764496E-02  2.660829E-02  1.763025E-04                                 112
 3.480000E+02  2.764618E-02  2.660829E-02  1.765529E-04                                 112
 3.482500E+02  2.764740E-02  2.660829E-02  1.768049E-04                                 112
 3.485000E+02  2.764862E-02  2.660829E-02  1.770584E-04                                 112
 3.487500E+02  2.764985E-02  2.660829E-02  1.773135E-04                                 112
 3.490000E+02  2.765107E-02  2.660829E-02  1.775701E-04                                 112
 3.492500E+02  2.765230E-02  2.660829E-02  1.778284E-04                                 112
 3.495000E+02  2.765353E-02  2.660829E-02  1.780882E-04                                 112
 3.497500E+02  2.765477E-02  2.660829E-02  1.783496E-04                                 112
 3.500000E+02  2.765600E-02  2.660829E-02  1.786127E-04                                 112
 3.502500E+02  2.765723E-02  2.660829E-02  1.788773E-04                                 112
 3.505000E+02  2.765847E-02  2.660829E-02  1.791436E-04                                 112
 3.507500E+02  2.765971E-02  2.660829E-02  1.794115E-04                                 112
 3.510000E+02  2.766095E-02  2.660829E-02  1.796810E-04                                 112
 3.512500E+02  2.766220E-02  2.660829E-02  1.799522E-04                                 112
 3.515000E+02  2.766344E-02  2.660829E-02  1.802250E-04                                 112
 3.517500E+02  2.766469E-02  2.660829E-02  1.804994E-04                                 112
 3.520000E+02  2.766594E-02  2.660829E-02  1.807755E-04                                 112
 3.522500E+02  2.766719E-02  2.660829E-02  1.810533E-04                                 112
 3.525000E+02  2.766844E-02  2.660829E-02  1.813328E-04                                 112
 3.527500E+02  2.766970E-02  2.660829E-02  1.816139E-04                                 112
 3.530000E+02  2.767096E-02  2.660829E-02  1.819310E-04                                 112
 3.532500E+02  2.767222E-02  2.660829E-02  1.822157E-04                                 112
 3.535000E+02  2.767348E-02  2.660829E-02  1.824680E-04                                 112
 3.537500E+02  2.767474E-02  2.660829E-02  1.827559E-04                                 112
 3.540000E+02  2.767601E-02  2.660829E-02  1.830455E-04                                 112
 3.542500E+02  2.767727E-02  2.660829E-02  1.833369E-04                                 112
 3.545000E+02  2.767854E-02  2.660829E-02  1.836300E-04                                 112
 3.547500E+02  2.767982E-02  2.660829E-02  1.839248E-04                                 112
 3.550000E+02  2.768109E-02  2.660829E-02  1.842214E-04                                 112
 3.552500E+02  2.768237E-02  2.660829E-02  1.845197E-04                                 112
 3.555000E+02  2.768364E-02  2.660829E-02  1.848198E-04                                 112
 3.557500E+02  2.768492E-02  2.660829E-02  1.851217E-04                                 112
 3.560000E+02  2.768621E-02  2.660829E-02  1.854253E-04                                 112
 3.562500E+02  2.768749E-02  2.660829E-02  1.857307E-04                                 112
 3.565000E+02  2.768878E-02  2.660829E-02  1.860379E-04                                 112
 3.567500E+02  2.769007E-02  2.660829E-02  1.863469E-04                                 112
 3.570000E+02  2.769136E-02  2.660829E-02  1.866577E-04                                 112
 3.572500E+02  2.769265E-02  2.660829E-02  1.869703E-04                                 112
 3.575000E+02  2.769395E-02  2.660829E-02  1.872847E-04                                 112
 3.577500E+02  2.769524E-02  2.660829E-02  1.876010E-04                                 112
 3.580000E+02  2.769654E-02  2.660829E-02  1.879191E-04                                 112
 3.582500E+02  2.769785E-02  2.660829E-02  1.882390E-04                                 112
 3.585000E+02  2.769915E-02  2.660829E-02  1.885608E-04                                 112
 3.587500E+02  2.770046E-02  2.660829E-02  1.888844E-04                                 112
 3.590000E+02  2.770177E-02  2.660829E-02  1.892099E-04                                 112
 3.592500E+02  2.770308E-02  2.660829E-02  1.895373E-04                                 112
 3.595000E+02  2.770439E-02  2.660829E-02  1.898665E-04                                 112
 3.597500E+02  2.770571E-02  2.660829E-02  1.901977E-04                                 112
 3.600000E+02  2.770703E-02  2.660829E-02  1.905307E-04                                 112
 3.602500E+02  2.770835E-02  2.660829E-02  1.908657E-04                                 112
 3.605000E+02  2.770967E-02  2.660829E-02  1.912025E-04                                 112
 3.607500E+02  2.771100E-02  2.660829E-02  1.915413E-04                                 112
 3.610000E+02  2.771233E-02  2.660829E-02  1.918820E-04                                 112
 3.612500E+02  2.771366E-02  2.660829E-02  1.922247E-04                                 112
 3.615000E+02  2.771499E-02  2.660829E-02  1.925692E-04                                 112
 3.617500E+02  2.771632E-02  2.660829E-02  1.929158E-04                                 112
 3.620000E+02  2.771766E-02  2.660829E-02  1.932643E-04                                 112
 3.622500E+02  2.771900E-02  2.660829E-02  1.936147E-04                                 112
 3.625000E+02  2.772035E-02  2.660829E-02  1.939672E-04                                 112
 3.627500E+02  2.772169E-02  2.660829E-02  1.943216E-04                                 112
 3.630000E+02  2.772304E-02  2.660829E-02  1.946780E-04                                 112
 3.632500E+02  2.772439E-02  2.660829E-02  1.950365E-04                                 112
 3.635000E+02  2.772574E-02  2.660829E-02  1.953969E-04                                 112
 3.637500E+02  2.772710E-02  2.660829E-02  1.957594E-04                                 112
 3.640000E+02  2.772846E-02  2.660829E-02  1.961238E-04                                 112
 3.642500E+02  2.772982E-02  2.660829E-02  1.964903E-04                                 112
 3.645000E+02  2.773118E-02  2.660829E-02  1.968589E-04                                 112
 3.647500E+02  2.773255E-02  2.660829E-02  1.972295E-04                                 112
 3.650000E+02  2.773392E-02  2.660829E-02  1.976022E-04                                 112
 3.652500E+02  2.773529E-02  2.660829E-02  1.979769E-04                                 112
 3.655000E+02  2.773666E-02  2.660829E-02  1.983538E-04                                 112
 3.657500E+02  2.773804E-02  2.660829E-02  1.987327E-04                                 112
 3.660000E+02  2.773942E-02  2.660829E-02  1.991137E-04                                 112
 3.662500E+02  2.774080E-02  2.660829E-02  1.994968E-04                                 112
 3.665000E+02  2.774218E-02  2.660829E-02  1.998820E-04                                 112
 3.667500E+02  2.774357E-02  2.660829E-02  2.002693E-04                                 112
 3.670000E+02  2.774496E-02  2.660829E-02  2.006588E-04                                 112
 3.672500E+02  2.774636E-02  2.660829E-02  2.010504E-04                                 112
 3.675000E+02  2.774775E-02  2.660829E-02  2.014442E-04                                 112
 3.677500E+02  2.774915E-02  2.660829E-02  2.018401E-04                                 112
 3.680000E+02  2.775055E-02  2.660829E-02  2.022382E-04                                 112
 3.682500E+02  2.775196E-02  2.660829E-02  2.026385E-04                                 112
 3.685000E+02  2.775336E-02  2.660829E-02  2.030409E-04                                 112
 3.687500E+02  2.775477E-02  2.660829E-02  2.034456E-04                                 112
 3.690000E+02  2.775619E-02  2.660829E-02  2.038524E-04                                 112
 3.692500E+02  2.775760E-02  2.660829E-02  2.042614E-04                                 112
 3.695000E+02  2.775902E-02  2.660829E-02  2.046727E-04                                 112
 3.697500E+02  2.776044E-02  2.660829E-02  2.050862E-04                                 112
 3.700000E+02  2.776187E-02  2.660829E-02  2.055020E-04                                 112
 3.702500E+02  2.776330E-02  2.660829E-02  2.059200E-04                                 112
 3.705000E+02  2.776473E-02  2.660829E-02  2.063402E-04                                 112
 3.707500E+02  2.776616E-02  2.660829E-02  2.067627E-04                                 112
 3.710000E+02  2.776760E-02  2.660829E-02  2.071875E-04                                 112
 3.712500E+02  2.776904E-02  2.660829E-02  2.076146E-04                                 112
 3.715000E+02  2.777048E-02  2.660829E-02  2.080440E-04                                 112
 3.717500E+02  2.777193E-02  2.660829E-02  2.084757E-04                                 112
 3.720000E+02  2.777338E-02  2.660829E-02  2.089097E-04                                 112
 3.722500E+02  2.777483E-02  2.660829E-02  2.093460E-04                                 112
 3.725000E+02  2.777628E-02  2.660829E-02  2.097847E-04                                 112
 3.727500E+02  2.777774E-02  2.660829E-02  2.102257E-04                                 112
 3.730000E+02  2.777920E-02  2.660829E-02  2.106690E-04                                 112
 3.732500E+02  2.778067E-02  2.660829E-02  2.111148E-04                                 112
 3.735000E+02  2.778214E-02  2.660829E-02  2.115629E-04                                 112
 3.737500E+02  2.778361E-02  2.660829E-02  2.120133E-04                                 112
 3.740000E+02  2.778508E-02  2.660829E-02  2.124662E-04                                 112
 3.742500E+02  2.778656E-02  2.660829E-02  2.129215E-04                                 112
 3.745000E+02  2.778804E-02  2.660829E-02  2.133792E-04                                 112
 3.747500E+02  2.778952E-02  2.660829E-02  2.138393E-04                                 112
 3.750000E+02  2.779101E-02  2.660829E-02  2.143018E-04                                 112
 3.752500E+02  2.779250E-02  2.660829E-02  2.147668E-04                                 112
 3.755000E+02  2.779399E-02  2.660829E-02  2.152343E-04                                 112
 3.757500E+02  2.779549E-02  2.660829E-02  2.157042E-04                                 112
 3.760000E+02  2.779699E-02  2.660829E-02  2.161766E-04                                 112
 3.762500E+02  2.779850E-02  2.660829E-02  2.166514E-04                                 112
 3.765000E+02  2.780000E-02  2.660829E-02  2.171288E-04                                 112
 3.767500E+02  2.780151E-02  2.660829E-02  2.176087E-04                                 112
 3.770000E+02  2.780303E-02  2.660829E-02  2.180910E-04                                 112
 3.772500E+02  2.780455E-02  2.660829E-02  2.185759E-04                                 112
 3.775000E+02  2.780607E-02  2.660829E-02  2.190634E-04                                 112
 3.777500E+02  2.780759E-02  2.660829E-02  2.195534E-04                                 112
 3.780000E+02  2.780912E-02  2.660829E-02  2.200459E-04                                 112
 3.782500E+02  2.781065E-02  2.660829E-02  2.205410E-04                                 112
 3.785000E+02  2.781219E-02  2.660829E-02  2.210387E-04                                 112
 3.787500E+02  2.781372E-02  2.660829E-02  2.215390E-04                                 112
 3.790000E+02  2.781527E-02  2.660829E-02  2.220419E-04                                 112
 3.792500E+02  2.781681E-02  2.660829E-02  2.225474E-04                                 112
 3.795000E+02  2.781836E-02  2.660829E-02  2.230555E-04                                 112
 3.797500E+02  2.781992E-02  2.660829E-02  2.235663E-04                                 112
 3.800000E+02  2.782147E-02  2.660829E-02  2.240796E-04                                 112
 3.802500E+02  2.782303E-02  2.660829E-02  2.245957E-04                                 112
 3.805000E+02  2.782460E-02  2.660829E-02  2.251144E-04                                 112
 3.807500E+02  2.782616E-02  2.660829E-02  2.256358E-04                                 112
 3.810000E+02  2.782774E-02  2.660829E-02  2.261599E-04                                 112
 3.812500E+02  2.782931E-02  2.660829E-02  2.266866E-04                                 112
 3.815000E+02  2.783089E-02  2.660829E-02  2.272161E-04                                 112
 3.817500E+02  2.783247E-02  2.660829E-02  2.277483E-04                                 112
 3.820000E+02  2.783406E-02  2.660829E-02  2.282832E-04                                 112
 3.822500E+02  2.783565E-02  2.660829E-02  2.288209E-04                                 112
 3.825000E+02  2.783724E-02  2.660829E-02  2.293613E-04                                 112
 3.827500E+02  2.783884E-02  2.660829E-02  2.299045E-04                                 112
 3.830000E+02  2.784044E-02  2.660829E-02  2.304505E-04                                 112
 3.832500E+02  2.784205E-02  2.660829E-02  2.309993E-04                                 112
 3.835000E+02  2.784366E-02  2.660829E-02  2.315508E-04                                 112
 3.837500E+02  2.784527E-02  2.660829E-02  2.321052E-04                                 112
 3.840000E+02  2.784689E-02  2.660829E-02  2.326624E-04                                 112
 3.842500E+02  2.784851E-02  2.660829E-02  2.332224E-04                                 112
 3.845000E+02  2.785014E-02  2.660829E-02  2.337853E-04                                 112
 3.847500E+02  2.785177E-02  2.660829E-02  2.343511E-04                                 112
 3.850000E+02  2.785340E-02  2.660829E-02  2.349197E-04                                 112
 3.852500E+02  2.785504E-02  2.660829E-02  2.354911E-04                                 112
 3.855000E+02  2.785668E-02  2.660829E-02  2.360655E-04                                 112
 3.857500E+02  2.785833E-02  2.660829E-02  2.366428E-04                                 112
 3.860000E+02  2.785998E-02  2.660829E-02  2.372230E-04                                 112
 3.862500E+02  2.786163E-02  2.660829E-02  2.378062E-04                                 112
 3.865000E+02  2.786329E-02  2.660829E-02  2.383922E-04                                 112
 3.867500E+02  2.786495E-02  2.660829E-02  2.389813E-04                                 112
 3.870000E+02  2.786662E-02  2.660829E-02  2.395732E-04                                 112
 3.872500E+02  2.786829E-02  2.660829E-02  2.401682E-04                                 112
 3.875000E+02  2.786997E-02  2.660829E-02  2.407662E-04                                 112
 3.877500E+02  2.787165E-02  2.660829E-02  2.413671E-04                                 112
 3.880000E+02  2.787333E-02  2.660829E-02  2.419711E-04                                 112
 3.882500E+02  2.787502E-02  2.660829E-02  2.425781E-04                                 112
 3.885000E+02  2.787671E-02  2.660829E-02  2.431882E-04                                 112
 3.887500E+02  2.787841E-02  2.660829E-02  2.438013E-04                                 112
 3.890000E+02  2.788011E-02  2.660829E-02  2.444174E-04                                 112
 3.892500E+02  2.788182E-02  2.660829E-02  2.450367E-04                                 112
 3.895000E+02  2.788353E-02  2.660829E-02  2.456590E-04                                 112
 3.897500E+02  2.788524E-02  2.660829E-02  2.462844E-04                                 112
 3.900000E+02  2.788696E-02  2.660829E-02  2.469129E-04                                 112
 3.902500E+02  2.788868E-02  2.660829E-02  2.475446E-04                                 112
 3.905000E+02  2.789041E-02  2.660829E-02  2.481794E-04                                 112
 3.907500E+02  2.789215E-02  2.660829E-02  2.488174E-04                                 112
 3.910000E+02  2.789388E-02  2.660829E-02  2.494585E-04                                 112
 3.912500E+02  2.789562E-02  2.660829E-02  2.501028E-04                                 112
 3.915000E+02  2.789737E-02  2.660829E-02  2.507503E-04                                 112
 3.917500E+02  2.789912E-02  2.660829E-02  2.514010E-04                                 112
 3.920000E+02  2.790088E-02  2.660829E-02  2.520549E-04                                 112
 3.922500E+02  2.790264E-02  2.660829E-02  2.527120E-04                                 112
 3.925000E+02  2.790440E-02  2.660829E-02  2.533724E-04                                 112
 3.927500E+02  2.790617E-02  2.660829E-02  2.540360E-04                                 112
 3.930000E+02  2.790795E-02  2.660829E-02  2.547029E-04                                 112
 3.932500E+02  2.790973E-02  2.660829E-02  2.553731E-04                                 112
 3.935000E+02  2.791151E-02  2.660829E-02  2.560466E-04                                 112
 3.937500E+02  2.791330E-02  2.660829E-02  2.567234E-04                                 112
 3.940000E+02  2.791509E-02  2.660829E-02  2.574035E-04                                 112
 3.942500E+02  2.791689E-02  2.660829E-02  2.580870E-04                                 112
 3.945000E+02  2.791870E-02  2.660829E-02  2.587737E-04                                 112
 3.947500E+02  2.792051E-02  2.660829E-02  2.594639E-04                                 112
 3.950000E+02  2.792232E-02  2.660829E-02  2.601574E-04                                 112
 3.952500E+02  2.792414E-02  2.660829E-02  2.608544E-04                                 112
 3.955000E+02  2.792596E-02  2.660829E-02  2.615547E-04                                 112
 3.957500E+02  2.792779E-02  2.660829E-02  2.622584E-04                                 112
 3.960000E+02  2.792962E-02  2.660829E-02  2.629656E-04                                 112
 3.962500E+02  2.793146E-02  2.660829E-02  2.636762E-04                                 112
 3.965000E+02  2.793331E-02  2.660829E-02  2.643903E-04                                 112
 3.967500E+02  2.793515E-02  2.660829E-02  2.651078E-04                                 112
 3.970000E+02  2.793701E-02  2.660829E-02  2.658288E-04                                 112
 3.972500E+02  2.793887E-02  2.660829E-02  2.665533E-04                                 112
 3.975000E+02  2.794073E-02  2.660829E-02  2.672814E-04                                 112
 3.977500E+02  2.794260E-02  2.660829E-02  2.680129E-04                                 112
 3.980000E+02  2.794448E-02  2.660829E-02  2.687480E-04                                 112
 3.982500E+02  2.794636E-02  2.660829E-02  2.694867E-04                                 112
 3.985000E+02  2.794824E-02  2.660829E-02  2.702289E-04                                 112
 3.987500E+02  2.795013E-02  2.660829E-02  2.709747E-04                                 112
 3.990000E+02  2.795203E-02  2.660829E-02  2.717241E-04                                 112
 3.992500E+02  2.795393E-02  2.660829E-02  2.724771E-04                                 112
 3.995000E+02  2.795584E-02  2.660829E-02  2.732337E-04                                 112
 3.997500E+02  2.795775E-02  2.660829E-02  2.739939E-04                                 112
 4.000000E+02  2.795967E-02  2.660829E-02  2.747579E-04                                 112
 4.002500E+02  2.796159E-02  2.660829E-02  2.755254E-04                                 112
 4.005000E+02  2.796352E-02  2.660829E-02  2.762967E-04                                 112
 4.007500E+02  2.796545E-02  2.660829E-02  2.770717E-04                                 112
 4.010000E+02  2.796739E-02  2.660829E-02  2.778503E-04                                 112
 4.012500E+02  2.796934E-02  2.660829E-02  2.786327E-04                                 112
 4.015000E+02  2.797129E-02  2.660829E-02  2.794189E-04                                 112
 4.017500E+02  2.797325E-02  2.660829E-02  2.802087E-04                                 112
 4.020000E+02  2.797521E-02  2.660829E-02  2.810024E-04                                 112
 4.022500E+02  2.797718E-02  2.660829E-02  2.817998E-04                                 112
 4.025000E+02  2.797915E-02  2.660829E-02  2.826010E-04                                 112
 4.027500E+02  2.798113E-02  2.660829E-02  2.834061E-04                                 112
 4.030000E+02  2.798312E-02  2.660829E-02  2.842149E-04                                 112
 4.032500E+02  2.798511E-02  2.660829E-02  2.850276E-04                                 112
 4.035000E+02  2.798711E-02  2.660829E-02  2.858442E-04                                 112
 4.037500E+02  2.798911E-02  2.660829E-02  2.866646E-04                                 112
 4.040000E+02  2.799112E-02  2.660829E-02  2.874889E-04                                 112
 4.042500E+02  2.799313E-02  2.660829E-02  2.883171E-04                                 112
 4.045000E+02  2.799515E-02  2.660829E-02  2.891493E-04                                 112
 4.047500E+02  2.799718E-02  2.660829E-02  2.899853E-04                                 112
 4.050000E+02  2.799921E-02  2.660829E-02  2.908253E-04                                 112
 4.052500E+02  2.800125E-02  2.660829E-02  2.916692E-04                                 112
 4.055000E+02  2.800330E-02  2.660829E-02  2.925172E-04                                 112
 4.057500E+02  2.800535E-02  2.660829E-02  2.933691E-04                                 112
 4.060000E+02  2.800740E-02  2.660829E-02  2.942250E-04                                 112
 4.062500E+02  2.800947E-02  2.660829E-02  2.950849E-04                                 112
 4.065000E+02  2.801154E-02  2.660829E-02  2.959489E-04                                 112
 4.067500E+02  2.801361E-02  2.660829E-02  2.968169E-04                                 112
 4.070000E+02  2.801569E-02  2.660829E-02  2.976890E-04                                 112
 4.072500E+02  2.801778E-02  2.660829E-02  2.985651E-04                                 112
 4.075000E+02  2.801988E-02  2.660829E-02  2.994454E-04                                 112
 4.077500E+02  2.802198E-02  2.660829E-02  3.003297E-04                                 112
 4.080000E+02  2.802408E-02  2.660829E-02  2.375199E+03                                 112
 4.082500E+02  3.330940E+01  2.660829E-02  1.999558E+00                                 111
 4.085000E+02  3.333007E+01  2.660829E-02  2.480321E-03                                 111
 4.087500E+02  3.335074E+01  2.660829E-02  2.478751E-03                                 111
 4.090000E+02  3.337141E+01  2.660829E-02  2.477184E-03                                 111
 4.092500E+02  3.339207E+01  2.660829E-02  2.475618E-03                                 111
 4.095000E+02  3.341274E+01  2.660829E-02  2.474055E-03                                 111
 4.097500E+02  3.343341E+01  2.660829E-02  2.472494E-03                                 111
 4.100000E+02  3.345407E+01  2.660829E-02  2.470935E-03                                 111
 4.102500E+02  3.347474E+01  2.660829E-02  2.469378E-03                                 111
 4.105000E+02  3.349540E+01  2.660829E-02  2.467822E-03                                 111
 4.107500E+02  3.351607E+01  2.660829E-02  2.466269E-03                                 111
 4.110000E+02  3.353673E+01  2.660829E-02  2.464718E-03                                 111
 4.112500E+02  3.355740E+01  2.660829E-02  2.463169E-03                                 111
 4.115000E+02  3.357806E+01  2.660829E-02  2.461622E-03                                 111
 4.117500E+02  3.359872E+01  2.660829E-02  2.460077E-03                                 111
 4.120000E+02  3.361939E+01  2.660829E-02  2.458535E-03                                 111
 4.122500E+02  3.364005E+01  2.660829E-02  2.456994E-03                                 111
 4.125000E+02  3.366071E+01  2.660829E-02  2.455455E-03                                 111
 4.127500E+02  3.368138E+01  2.660829E-02  2.453918E-03                                 111
 4.130000E+02  3.370204E+01  2.660829E-02  2.452383E-03                                 111
 4.132500E+02  3.372270E+01  2.660829E-02  2.450850E-03                                 111
 4.135000E+02  3.374337E+01  2.660829E-02  2.449319E-03                                 111
 4.137500E+02  3.376403E+01  2.660829E-02  2.447790E-03                                 111
 4.140000E+02  3.378469E+01  2.660829E-02  2.446263E-03                                 111
 4.142500E+02  3.380535E+01  2.660829E-02  2.444738E-03                                 111
 4.145000E+02  3.382601E+01  2.660829E-02  2.443215E-03                                 111
 4.147500E+02  3.384667E+01  2.660829E-02  2.441694E-03                                 111
 4.150000E+02  3.386733E+01  2.660829E-02  2.440175E-03                                 111
 4.152500E+02  3.388799E+01  2.660829E-02  2.438658E-03                                 111
 4.155000E+02  3.390865E+01  2.660829E-02  2.437143E-03                                 111
 4.157500E+02  3.392931E+01  2.660829E-02  2.435630E-03                                 111
 4.160000E+02  3.394997E+01  2.660829E-02  2.434119E-03                                 111
 4.162500E+02  3.397063E+01  2.660829E-02  2.432610E-03                                 111
 4.165000E+02  3.399129E+01  2.660829E-02  2.431102E-03                                 111
 4.167500E+02  3.401195E+01  2.660829E-02  2.429597E-03                                 111
 4.170000E+02  3.403261E+01  2.660829E-02  2.428093E-03                                 111
 4.172500E+02  3.405327E+01  2.660829E-02  2.426592E-03                                 111
 4.175000E+02  3.407393E+01  2.660829E-02  2.425092E-03                                 111
 4.177500E+02  3.409458E+01  2.660829E-02  2.423595E-03                                 111
 4.180000E+02  3.411524E+01  2.660829E-02  2.422099E-03                                 111
 4.182500E+02  3.413590E+01  2.660829E-02  2.420605E-03                                 111
 4.185000E+02  3.415656E+01  2.660829E-02  2.419113E-03                                 111
 4.187500E+02  3.417721E+01  2.660829E-02  2.417623E-03                                 111
 4.190000E+02  3.419787E+01  2.660829E-02  2.416135E-03                                 111
 4.192500E+02  3.421853E+01  2.660829E-02  2.414649E-03                                 111
 4.195000E+02  3.423918E+01  2.660829E-02  2.413164E-03                                 111
 4.197500E+02  3.425984E+01  2.660829E-02  2.411682E-03                                 111
 4.200000E+02  3.428050E+01  2.660829E-02  2.410201E-03                                 111
 4.202500E+02  3.430115E+01  2.660829E-02  2.408723E-03                                 111
 4.205000E+02  3.432181E+01  2.660829E-02  2.407246E-03                                 111
 4.207500E+02  3.434246E+01  2.660829E-02  2.405771E-03                                 111
 4.210000E+02  3.436312E+01  2.660829E-02  2.404298E-03                                 111
 4.212500E+02  3.438377E+01  2.660829E-02  2.402827E-03                                 111
 4.215000E+02  3.440443E+01  2.660829E-02  2.401358E-03                                 111
 4.217500E+02  3.442508E+01  2.660829E-02  2.399890E-03                                 111
 4.220000E+02  3.444573E+01  2.660829E-02  2.398425E-03                                 111
 4.222500E+02  3.446639E+01  2.660829E-02  2.396961E-03                                 111
 4.225000E+02  3.448704E+01  2.660829E-02  2.395499E-03                                 111
 4.227500E+02  3.450769E+01  2.660829E-02  2.394039E-03                                 111
 4.230000E+02  3.452835E+01  2.660829E-02  2.392581E-03                                 111
 4.232500E+02  3.454900E+01  2.660829E-02  2.391124E-03                                 111
 4.235000E+02  3.456965E+01  2.660829E-02  2.389670E-03                                 111
 4.237500E+02  3.459031E+01  2.660829E-02  2.388217E-03                                 111
 4.240000E+02  3.461096E+01  2.660829E-02  2.386766E-03                                 111
 4.242500E+02  3.463161E+01  2.660829E-02  2.385317E-03                                 111
 4.245000E+02  3.465226E+01  2.660829E-02  2.383870E-03                                 111
 4.247500E+02  3.467291E+01  2.660829E-02  2.382425E-03                                 111
 4.250000E+02  3.469356E+01  2.660829E-02  2.380981E-03                                 111
 4.252500E+02  3.471422E+01  2.660829E-02  2.379539E-03                                 111
 4.255000E+02  3.473487E+01  2.660829E-02  2.378099E-03                                 111
 4.257500E+02  3.475552E+01  2.660829E-02  2.376661E-03                                 111
 4.260000E+02  3.477617E+01  2.660829E-02  2.375225E-03                                 111
 4.262500E+02  3.479682E+01  2.660829E-02  2.373790E-03                                 111
 4.265000E+02  3.481747E+01  2.660829E-02  2.372357E-03                                 111
 4.267500E+02  3.483812E+01  2.660829E-02  2.370926E-03                                 111
 4.270000E+02  3.485877E+01  2.660829E-02  2.369497E-03                                 111
 4.272500E+02  3.487942E+01  2.660829E-02  2.368069E-03                                 111
 4.275000E+02  3.490006E+01  2.660829E-02  2.366644E-03                                 111
 4.277500E+02  3.492071E+01  2.660829E-02  2.365220E-03                                 111
 4.280000E+02  3.494136E+01  2.660829E-02  2.363798E-03                                 111
 4.282500E+02  3.496201E+01  2.660829E-02  2.362377E-03                                 111
 4.285000E+02  3.498266E+01  2.660829E-02  2.360959E-03                                 111
 4.287500E+02  3.500331E+01  2.660829E-02  2.359542E-03                                 111
 4.290000E+02  3.502396E+01  2.660829E-02  2.358127E-03                                 111
 4.292500E+02  3.504460E+01  2.660829E-02  2.356713E-03                                 111
 4.295000E+02  3.506525E+01  2.660829E-02  2.355302E-03                                 111
 4.297500E+02  3.508590E+01  2.660829E-02  2.353892E-03                                 111
 4.300000E+02  3.510654E+01  2.660829E-02  2.352484E-03                                 111
 4.302500E+02  3.512719E+01  2.660829E-02  2.351077E-03                                 111
 4.305000E+02  3.514784E+01  2.660829E-02  2.349673E-03                                 111
 4.307500E+02  3.516848E+01  2.660829E-02  2.348270E-03                                 111
 4.310000E+02  3.518913E+01  2.660829E-02  2.346868E-03                                 111
 4.312500E+02  3.520978E+01  2.660829E-02  2.345469E-03                                 111
 4.315000E+02  3.523042E+01  2.660829E-02  2.344071E-03                                 111
 4.317500E+02  3.525107E+01  2.660829E-02  2.342675E-03                                 111
 4.320000E+02  3.527171E+01  2.660829E-02  2.341281E-03                                 111
 4.322500E+02  3.529236E+01  2.660829E-02  2.339888E-03                                 111
 4.325000E+02  3.531300E+01  2.660829E-02  2.338497E-03                                 111
 4.327500E+02  3.533365E+01  2.660829E-02  2.337108E-03                                 111
 4.330000E+02  3.535429E+01  2.660829E-02  2.335720E-03                                 111
 4.332500E+02  3.537494E+01  2.660829E-02  2.334335E-03                                 111
 4.335000E+02  3.539558E+01  2.660829E-02  2.332950E-03                                 111
 4.337500E+02  3.541622E+01  2.660829E-02  2.331568E-03                                 111
 4.340000E+02  3.543687E+01  2.660829E-02  2.330187E-03                                 111
 4.342500E+02  3.545751E+01  2.660829E-02  2.328808E-03                                 111
 4.345000E+02  3.547816E+01  2.660829E-02  2.327431E-03                                 111
 4.347500E+02  3.549880E+01  2.660829E-02  2.326055E-03                                 111
 4.350000E+02  3.551944E+01  2.660829E-02  2.324681E-03                                 111
 4.352500E+02  3.554008E+01  2.660829E-02  2.323309E-03                                 111
 4.355000E+02  3.556073E+01  2.660829E-02  2.321938E-03                                 111
 4.357500E+02  3.558137E+01  2.660829E-02  2.320569E-03                                 111
 4.360000E+02  3.560201E+01  2.660829E-02  2.319202E-03                                 111
 4.362500E+02  3.562265E+01  2.660829E-02  2.317836E-03                                 111
 4.365000E+02  3.564329E+01  2.660829E-02  2.316472E-03                                 111
 4.367500E+02  3.566394E+01  2.660829E-02  2.315109E-03                                 111
 4.370000E+02  3.568458E+01  2.660829E-02  2.313749E-03                                 111
 4.372500E+02  3.570522E+01  2.660829E-02  2.312389E-03                                 111
 4.375000E+02  3.572586E+01  2.660829E-02  2.311032E-03                                 111
 4.377500E+02  3.574650E+01  2.660829E-02  2.309676E-03                                 111
 4.380000E+02  3.576714E+01  2.660829E-02  2.308322E-03                                 111
 4.382500E+02  3.578778E+01  2.660829E-02  2.306969E-03                                 111
 4.385000E+02  3.580842E+01  2.660829E-02  2.305618E-03                                 111
 4.387500E+02  3.582906E+01  2.660829E-02  2.304269E-03                                 111
 4.390000E+02  3.584970E+01  2.660829E-02  2.302921E-03                                 111
 4.392500E+02  3.587034E+01  2.660829E-02  2.301575E-03                                 111
 4.395000E+02  3.589098E+01  2.660829E-02  2.300231E-03                                 111
 4.397500E+02  3.591162E+01  2.660829E-02  2.298888E-03                                 111
 4.400000E+02  3.593226E+01  2.660829E-02  2.297547E-03                                 111
 4.402500E+02  3.595290E+01  2.660829E-02  2.296207E-03                                 111
 4.405000E+02  3.597354E+01  2.660829E-02  2.294869E-03                                 111
 4.407500E+02  3.599418E+01  2.660829E-02  2.293533E-03                                 111
 4.410000E+02  3.601481E+01  2.660829E-02  2.292198E-03                                 111
 4.412500E+02  3.603545E+01  2.660829E-02  2.290865E-03                                 111
 4.415000E+02  3.605609E+01  2.660829E-02  2.289533E-03                                 111
 4.417500E+02  3.607673E+01  2.660829E-02  2.288203E-03                                 111
 4.420000E+02  3.609737E+01  2.660829E-02  2.286874E-03                                 111
 4.422500E+02  3.611800E+01  2.660829E-02  2.285547E-03                                 111
 4.425000E+02  3.613864E+01  2.660829E-02  2.284222E-03                                 111
 4.427500E+02  3.615928E+01  2.660829E-02  2.282898E-03                                 111
 4.430000E+02  3.617991E+01  2.660829E-02  2.281576E-03                                 111
 4.432500E+02  3.620055E+01  2.660829E-02  2.280256E-03                                 111
 4.435000E+02  3.622119E+01  2.660829E-02  2.278937E-03                                 111
 4.437500E+02  3.624182E+01  2.660829E-02  2.277619E-03                                 111
 4.440000E+02  3.626246E+01  2.660829E-02  2.276303E-03                                 111
 4.442500E+02  3.628310E+01  2.660829E-02  2.274989E-03                                 111
 4.445000E+02  3.630373E+01  2.660829E-02  2.273676E-03                                 111
 4.447500E+02  3.632437E+01  2.660829E-02  2.272365E-03                                 111
 4.450000E+02  3.634500E+01  2.660829E-02  2.271055E-03                                 111
 4.452500E+02  3.636564E+01  2.660829E-02  2.269747E-03                                 111
 4.455000E+02  3.638627E+01  2.660829E-02  2.268441E-03                                 111
 4.457500E+02  3.640691E+01  2.660829E-02  2.267136E-03                                 111
 4.460000E+02  3.642754E+01  2.660829E-02  2.265832E-03                                 111
 4.462500E+02  3.644818E+01  2.660829E-02  2.264530E-03                                 111
 4.465000E+02  3.646881E+01  2.660829E-02  2.263230E-03                                 111
 4.467500E+02  3.648945E+01  2.660829E-02  2.261931E-03                                 111
 4.470000E+02  3.651008E+01  2.660829E-02  2.260634E-03                                 111
 4.472500E+02  3.653071E+01  2.660829E-02  2.259338E-03                                 111
 4.475000E+02  3.655135E+01  2.660829E-02  2.258043E-03                                 111
 4.477500E+02  3.657198E+01  2.660829E-02  2.256751E-03                                 111
 4.480000E+02  3.659261E+01  2.660829E-02  2.255459E-03                                 111
 4.482500E+02  3.661325E+01  2.660829E-02  2.254170E-03                                 111
 4.485000E+02  3.663388E+01  2.660829E-02  2.252881E-03                                 111
 4.487500E+02  3.665451E+01  2.660829E-02  2.251594E-03                                 111
 4.490000E+02  3.667515E+01  2.660829E-02  2.250309E-03                                 111
 4.492500E+02  3.669578E+01  2.660829E-02  2.249026E-03                                 111
 4.495000E+02  3.671641E+01  2.660829E-02  2.247743E-03                                 111
 4.497500E+02  3.673704E+01  2.660829E-02  2.246463E-03                                 111
 4.500000E+02  3.675768E+01  2.660829E-02  2.245183E-03                                 111
 4.502500E+02  3.677831E+01  2.660829E-02  2.243906E-03                                 111
 4.505000E+02  3.679894E+01  2.660829E-02  2.242629E-03                                 111
 4.507500E+02  3.681957E+01  2.660829E-02  2.241354E-03                                 111
 4.510000E+02  3.684020E+01  2.660829E-02  2.240081E-03                                 111
 4.512500E+02  3.686083E+01  2.660829E-02  2.238809E-03                                 111
 4.515000E+02  3.688146E+01  2.660829E-02  2.237539E-03                                 111
 4.517500E+02  3.690210E+01  2.660829E-02  2.236270E-03                                 111
 4.520000E+02  3.692273E+01  2.660829E-02  2.235003E-03                                 111
 4.522500E+02  3.694336E+01  2.660829E-02  2.233737E-03                                 111
 4.525000E+02  3.696399E+01  2.660829E-02  2.232472E-03                                 111
 4.527500E+02  3.698462E+01  2.660829E-02  2.231209E-03                                 111
 4.530000E+02  3.700525E+01  2.660829E-02  2.229948E-03                                 111
 4.532500E+02  3.702588E+01  2.660829E-02  2.228688E-03                                 111
 4.535000E+02  3.704651E+01  2.660829E-02  2.227429E-03                                 111
 4.537500E+02  3.706714E+01  2.660829E-02  2.226172E-03                                 111
 4.540000E+02  3.708777E+01  2.660829E-02  2.224916E-03                                 111
 4.542500E+02  3.710839E+01  2.660829E-02  2.223662E-03                                 111
 4.545000E+02  3.712902E+01  2.660829E-02  2.222409E-03                                 111
 4.547500E+02  3.714965E+01  2.660829E-02  2.221158E-03                                 111
 4.550000E+02  3.717028E+01  2.660829E-02  2.219908E-03                                 111
 4.552500E+02  3.719091E+01  2.660829E-02  2.218659E-03                                 111
 4.555000E+02  3.721154E+01  2.660829E-02  2.217412E-03                                 111
 4.557500E+02  3.723217E+01  2.660829E-02  2.216167E-03                                 111
 4.560000E+02  3.725279E+01  2.660829E-02  2.214922E-03                                 111
 4.562500E+02  3.727342E+01  2.660829E-02  2.213680E-03                                 111
 4.565000E+02  3.729405E+01  2.660829E-02  2.212438E-03                                 111
 4.567500E+02  3.731468E+01  2.660829E-02  2.211198E-03                                 111
 4.570000E+02  3.733531E+01  2.660829E-02  2.209960E-03                                 111
 4.572500E+02  3.735593E+01  2.660829E-02  2.208723E-03                                 111
 4.575000E+02  3.737656E+01  2.660829E-02  2.207487E-03                                 111
 4.577500E+02  3.739719E+01  2.660829E-02  2.206253E-03                                 111
 4.580000E+02  3.741781E+01  2.660829E-02  2.205020E-03                                 111
 4.582500E+02  3.743844E+01  2.660829E-02  2.203789E-03                                 111
 4.585000E+02  3.745907E+01  2.660829E-02  2.202559E-03                                 111
 4.587500E+02  3.747969E+01  2.660829E-02  2.201330E-03                                 111
 4.590000E+02  3.750032E+01  2.660829E-02  2.200103E-03                                 111
 4.592500E+02  3.752095E+01  2.660829E-02  2.198877E-03                                 111
 4.595000E+02  3.754157E+01  2.660829E-02  2.197653E-03                                 111
 4.597500E+02  3.756220E+01  2.660829E-02  2.196429E-03                                 111
 4.600000E+02  3.758282E+01  2.660829E-02  2.195208E-03                                 111
 4.602500E+02  3.760345E+01  2.660829E-02  2.193988E-03                                 111
 4.605000E+02  3.762407E+01  2.660829E-02  2.192769E-03                                 111
 4.607500E+02  3.764470E+01  2.660829E-02  2.191551E-03                                 111
 4.610000E+02  3.766532E+01  2.660829E-02  2.190335E-03                                 111
 4.612500E+02  3.768595E+01  2.660829E-02  2.189120E-03                                 111
 4.615000E+02  3.770657E+01  2.660829E-02  2.187907E-03                                 111
 4.617500E+02  3.772720E+01  2.660829E-02  2.186695E-03                                 111
 4.620000E+02  3.774782E+01  2.660829E-02  2.185484E-03                                 111
 4.622500E+02  3.776845E+01  2.660829E-02  2.184275E-03                                 111
 4.625000E+02  3.778907E+01  2.660829E-02  2.183067E-03                                 111
 4.627500E+02  3.780969E+01  2.660829E-02  2.181861E-03                                 111
 4.630000E+02  3.783032E+01  2.660829E-02  2.180656E-03                                 111
 4.632500E+02  3.785094E+01  2.660829E-02  2.179452E-03                                 111
 4.635000E+02  3.787157E+01  2.660829E-02  2.178249E-03                                 111
 4.637500E+02  3.789219E+01  2.660829E-02  2.177048E-03                                 111
 4.640000E+02  3.791281E+01  2.660829E-02  2.175848E-03                                 111
 4.642500E+02  3.793344E+01  2.660829E-02  2.174650E-03                                 111
 4.645000E+02  3.795406E+01  2.660829E-02  2.173453E-03                                 111
 4.647500E+02  3.797468E+01  2.660829E-02  2.172257E-03                                 111
 4.650000E+02  3.799530E+01  2.660829E-02  2.171063E-03                                 111
 4.652500E+02  3.801593E+01  2.660829E-02  2.169870E-03                                 111
 4.655000E+02  3.803655E+01  2.660829E-02  2.168678E-03                                 111
 4.657500E+02  3.805717E+01  2.660829E-02  2.167488E-03                                 111
 4.660000E+02  3.807779E+01  2.660829E-02  2.166299E-03                                 111
 4.662500E+02  3.809841E+01  2.660829E-02  2.165111E-03                                 111
 4.665000E+02  3.811904E+01  2.660829E-02  2.163925E-03                                 111
 4.667500E+02  3.813966E+01  2.660829E-02  2.162740E-03                                 111
 4.670000E+02  3.816028E+01  2.660829E-02  2.161556E-03                                 111
 4.672500E+02  3.818090E+01  2.660829E-02  2.160374E-03                                 111
 4.675000E+02  3.820152E+01  2.660829E-02  2.159193E-03                                 111
 4.677500E+02  3.822214E+01  2.660829E-02  2.158013E-03                                 111
 4.680000E+02  3.824276E+01  2.660829E-02  2.156834E-03                                 111
 4.682500E+02  3.826338E+01  2.660829E-02  2.155657E-03                                 111
 4.685000E+02  3.828400E+01  2.660829E-02  2.154481E-03                                 111
 4.687500E+02  3.830463E+01  2.660829E-02  2.153307E-03                                 111
 4.690000E+02  3.832525E+01  2.660829E-02  2.152134E-03                                 111
 4.692500E+02  3.834587E+01  2.660829E-02  2.150962E-03                                 111
 4.695000E+02  3.836649E+01  2.660829E-02  2.149791E-03                                 111
 4.697500E+02  3.838711E+01  2.660829E-02  2.148622E-03                                 111
 4.700000E+02  3.840773E+01  2.660829E-02  2.147454E-03                                 111
 4.702500E+02  3.842835E+01  2.660829E-02  2.146287E-03                                 111
 4.705000E+02  3.844896E+01  2.660829E-02  2.145122E-03                                 111
 4.707500E+02  3.846958E+01  2.660829E-02  2.143958E-03                                 111
 4.710000E+02  3.849020E+01  2.660829E-02  2.142795E-03                                 111
 4.712500E+02  3.851082E+01  2.660829E-02  2.141633E-03                                 111
 4.715000E+02  3.853144E+01  2.660829E-02  2.140473E-03                                 111
 4.717500E+02  3.855206E+01  2.660829E-02  2.139314E-03                                 111
 4.720000E+02  3.857268E+01  2.660829E-02  2.138156E-03                                 111
 4.722500E+02  3.859330E+01  2.660829E-02  2.137000E-03                                 111
 4.725000E+02  3.861392E+01  2.660829E-02  2.135845E-03                                 111
 4.727500E+02  3.863453E+01  2.660829E-02  2.134691E-03                                 111
 4.730000E+02  3.865515E+01  2.660829E-02  2.133538E-03                                 111
 4.732500E+02  3.867577E+01  2.660829E-02  2.132387E-03                                 111
 4.735000E+02  3.869639E+01  2.660829E-02  2.131237E-03                                 111
 4.737500E+02  3.871701E+01  2.660829E-02  2.130088E-03                                 111
 4.740000E+02  3.873762E+01  2.660829E-02  2.128940E-03                                 111
 4.742500E+02  3.875824E+01  2.660829E-02  2.127794E-03                                 111
 4.745000E+02  3.877886E+01  2.660829E-02  2.126649E-03                                 111
 4.747500E+02  3.879948E+01  2.660829E-02  2.125505E-03                                 111
 4.750000E+02  3.882009E+01  2.660829E-02  2.124363E-03                                 111
 4.752500E+02  3.884071E+01  2.660829E-02  2.123221E-03                                 111
 4.755000E+02  3.886133E+01  2.660829E-02  2.122081E-03                                 111
 4.757500E+02  3.888194E+01  2.660829E-02  2.120942E-03                                 111
 4.760000E+02  3.890256E+01  2.660829E-02  2.119805E-03                                 111
 4.762500E+02  3.892318E+01  2.660829E-02  2.118669E-03                                 111
 4.765000E+02  3.894379E+01  2.660829E-02  2.117533E-03                                 111
 4.767500E+02  3.896441E+01  2.660829E-02  2.116400E-03                                 111
 4.770000E+02  3.898502E+01  2.660829E-02  2.115267E-03                                 111
 4.772500E+02  3.900564E+01  2.660829E-02  2.114136E-03                                 111
 4.775000E+02  3.902626E+01  2.660829E-02  2.113005E-03                                 111
 4.777500E+02  3.904687E+01  2.660829E-02  2.111877E-03                                 111
 4.780000E+02  3.906749E+01  2.660829E-02  2.110749E-03                                 111
 4.782500E+02  3.908810E+01  2.660829E-02  2.109622E-03                                 111
 4.785000E+02  3.910872E+01  2.660829E-02  2.108497E-03                                 111
 4.787500E+02  3.912933E+01  2.660829E-02  2.107373E-03                                 111
 4.790000E+02  3.914995E+01  2.660829E-02  2.106250E-03                                 111
 4.792500E+02  3.917056E+01  2.660829E-02  2.105129E-03                                 111
 4.795000E+02  3.919118E+01  2.660829E-02  2.104008E-03                                 111
 4.797500E+02  3.921179E+01  2.660829E-02  2.102889E-03                                 111
 4.800000E+02  3.923241E+01  2.660829E-02  2.101771E-03                                 111
 4.802500E+02  3.925302E+01  2.660829E-02  2.100655E-03                                 111
 4.805000E+02  3.927363E+01  2.660829E-02  2.099539E-03                                 111
 4.807500E+02  3.929425E+01  2.660829E-02  2.098425E-03                                 111
 4.810000E+02  3.931486E+01  2.660829E-02  2.097312E-03                                 111
 4.812500E+02  3.933548E+01  2.660829E-02  2.096200E-03                                 111
 4.815000E+02  3.935609E+01  2.660829E-02  2.095089E-03                                 111
 4.817500E+02  3.937670E+01  2.660829E-02  2.093980E-03                                 111
 4.820000E+02  3.939732E+01  2.660829E-02  2.092871E-03                                 111
 4.822500E+02  3.941793E+01  2.660829E-02  2.091764E-03                                 111
 4.825000E+02  3.943854E+01  2.660829E-02  2.090658E-03                                 111
 4.827500E+02  3.945916E+01  2.660829E-02  2.089553E-03                                 111
 4.830000E+02  3.947977E+01  2.660829E-02  2.088450E-03                                 111
 4.832500E+02  3.950038E+01  2.660829E-02  2.087347E-03                                 111
 4.835000E+02  3.952100E+01  2.660829E-02  2.086246E-03                                 111
 4.837500E+02  3.954161E+01  2.660829E-02  2.085146E-03                                 111
 4.840000E+02  3.956222E+01  2.660829E-02  2.084047E-03                                 111
 4.842500E+02  3.958283E+01  2.660829E-02  2.082950E-03                                 111
 4.845000E+02  3.960344E+01  2.660829E-02  2.081853E-03                                 111
 4.847500E+02  3.962406E+01  2.660829E-02  2.080758E-03                                 111
 4.850000E+02  3.964467E+01  2.660829E-02  2.079664E-03                                 111
 4.852500E+02  3.966528E+01  2.660829E-02  2.078571E-03                                 111
 4.855000E+02  3.968589E+01  2.660829E-02  2.077479E-03                                 111
 4.857500E+02  3.970650E+01  2.660829E-02  2.076388E-03                                 111
 4.860000E+02  3.972712E+01  2.660829E-02  2.075299E-03                                 111
 4.862500E+02  3.974773E+01  2.660829E-02  2.074211E-03                                 111
 4.865000E+02  3.976834E+01  2.660829E-02  2.073123E-03                                 111
 4.867500E+02  3.978895E+01  2.660829E-02  2.072037E-03                                 111
 4.870000E+02  3.980956E+01  2.660829E-02  2.070953E-03                                 111
 4.872500E+02  3.983017E+01  2.660829E-02  2.069869E-03                                 111
 4.875000E+02  3.985078E+01  2.660829E-02  2.068786E-03                                 111
 4.877500E+02  3.987139E+01  2.660829E-02  2.067705E-03                                 111
 4.880000E+02  3.989200E+01  2.660829E-02  2.066625E-03                                 111
 4.882500E+02  3.991261E+01  2.660829E-02  2.065546E-03                                 111
 4.885000E+02  3.993322E+01  2.660829E-02  2.064468E-03                                 111
 4.887500E+02  3.995383E+01  2.660829E-02  2.063391E-03                                 111
 4.890000E+02  3.997444E+01  2.660829E-02  2.062315E-03                                 111
 4.892500E+02  3.999505E+01  2.660829E-02  2.061241E-03                                 111
 4.895000E+02  4.001566E+01  2.660829E-02  2.060167E-03                                 111
 4.897500E+02  4.003627E+01  2.660829E-02  2.059095E-03                                 111
 4.900000E+02  4.005688E+01  2.660829E-02  2.058024E-03                                 111
 4.902500E+02  4.007749E+01  2.660829E-02  2.056954E-03                                 111
 4.905000E+02  4.009810E+01  2.660829E-02  2.055885E-03                                 111
 4.907500E+02  4.011871E+01  2.660829E-02  2.054817E-03                                 111
 4.910000E+02  4.013932E+01  2.660829E-02  2.053751E-03                                 111
 4.912500E+02  4.015993E+01  2.660829E-02  2.052685E-03                                 111
 4.915000E+02  4.018054E+01  2.660829E-02  2.051621E-03                                 111
 4.917500E+02  4.020115E+01  2.660829E-02  2.050558E-03                                 111
 4.920000E+02  4.022175E+01  2.660829E-02  2.049496E-03                                 111
 4.922500E+02  4.024236E+01  2.660829E-02  2.048435E-03                                 111
 4.925000E+02  4.026297E+01  2.660829E-02  2.047375E-03                                 111
 4.927500E+02  4.028358E+01  2.660829E-02  2.046316E-03                                 111
 4.930000E+02  4.030419E+01  2.660829E-02  2.045258E-03                                 111
 4.932500E+02  4.032480E+01  2.660829E-02  2.044202E-03                                 111
 4.935000E+02  4.034540E+01  2.660829E-02  2.043146E-03                                 111
 4.937500E+02  4.036601E+01  2.660829E-02  2.042092E-03                                 111
 4.940000E+02  4.038662E+01  2.660829E-02  2.041039E-03                                 111
 4.942500E+02  4.040723E+01  2.660829E-02  2.039987E-03                                 111
 4.945000E+02  4.042783E+01  2.660829E-02  2.038936E-03                                 111
 4.947500E+02  4.044844E+01  2.660829E-02  2.037886E-03                                 111
 4.950000E+02  4.046905E+01  2.660829E-02  2.036837E-03                                 111
 4.952500E+02  4.048966E+01  2.660829E-02  2.035789E-03                                 111
 4.955000E+02  4.051026E+01  2.660829E-02  2.034743E-03                                 111
 4.957500E+02  4.053087E+01  2.660829E-02  2.033697E-03                                 111
 4.960000E+02  4.055148E+01  2.660829E-02  2.032653E-03                                 111
 4.962500E+02  4.057208E+01  2.660829E-02  2.031609E-03                                 111
 4.965000E+02  4.059269E+01  2.660829E-02  2.030567E-03                                 111
 4.967500E+02  4.061330E+01  2.660829E-02  2.029526E-03                                 111
 4.970000E+02  4.063390E+01  2.660829E-02  2.028486E-03                                 111
 4.972500E+02  4.065451E+01  2.660829E-02  2.027447E-03                                 111
 4.975000E+02  4.067512E+01  2.660829E-02  2.026409E-03                                 111
 4.977500E+02  4.069572E+01  2.660829E-02  2.025372E-03                                 111
 4.980000E+02  4.071633E+01  2.660829E-02  2.024336E-03                                 111
 4.982500E+02  4.073693E+01  2.660829E-02  2.023301E-03                                 111
 4.985000E+02  4.075754E+01  2.660829E-02  2.022268E-03                                 111
 4.987500E+02  4.077815E+01  2.660829E-02  2.021235E-03                                 111
 4.990000E+02  4.079875E+01  2.660829E-02  2.020203E-03                                 111
 4.992500E+02  4.081936E+01  2.660829E-02  2.019173E-03                                 111
 4.995000E+02  4.083996E+01  2.660829E-02  2.018144E-03                                 111
 4.997500E+02  4.086057E+01  2.660829E-02  2.017115E-03                                 111
 5.000000E+02  4.088117E+01  2.660829E-02  2.016093E-03                                 111
