#         T/K          A/kJ          G/kJ
 2.500000E+02  5.759934E+01  5.760359E+01
 2.502500E+02  5.756465E+01  5.756890E+01
 2.505000E+02  5.752994E+01  5.753418E+01
 2.507500E+02  5.749520E+01  5.749945E+01
 2.510000E+02  5.746045E+01  5.746469E+01
 2.512500E+02  5.742567E+01  5.742992E+01
 2.515000E+02  5.739087E+01  5.739512E+01
 2.517500E+02  5.735605E+01  5.736030E+01
 2.520000E+02  5.732122E+01  5.732546E+01
 2.522500E+02  5.728636E+01  5.729060E+01
 2.525000E+02  5.725147E+01  5.725572E+01
 2.527500E+02  5.721657E+01  5.722082E+01
 2.530000E+02  5.718165E+01  5.718590E+01
 2.532500E+02  5.714671E+01  5.715096E+01
 2.535000E+02  5.711174E+01  5.711599E+01
 2.537500E+02  5.707676E+01  5.708101E+01
 2.540000E+02  5.704175E+01  5.704600E+01
 2.542500E+02  5.700673E+01  5.701098E+01
 2.545000E+02  5.697168E+01  5.697593E+01
 2.547500E+02  5.693661E+01  5.694087E+01
 2.550000E+02  5.690153E+01  5.690578E+01
 2.552500E+02  5.686642E+01  5.687067E+01
 2.555000E+02  5.683129E+01  5.683554E+01
 2.557500E+02  5.679614E+01  5.680039E+01
 2.560000E+02  5.676097E+01  5.676522E+01
 2.562500E+02  5.672578E+01  5.673003E+01
 2.565000E+02  5.669057E+01  5.669482E+01
 2.567500E+02  5.665534E+01  5.665959E+01
 2.570000E+02  5.662008E+01  5.662434E+01
 2.572500E+02  5.658481E+01  5.658907E+01
 2.575000E+02  5.654952E+01  5.655377E+01
 2.577500E+02  5.651421E+01  5.651846E+01
 2.580000E+02  5.647887E+01  5.648313E+01
 2.582500E+02  5.644352E+01  5.644777E+01
 2.585000E+02  5.640814E+01  5.641240E+01
 2.587500E+02  5.637275E+01  5.637701E+01
 2.590000E+02  5.633734E+01  5.634159E+01
 2.592500E+02  5.630190E+01  5.630616E+01
 2.595000E+02  5.626644E+01  5.627070E+01
 2.597500E+02  5.623097E+01  5.623523E+01
 2.600000E+02  5.619547E+01  5.619973E+01
 2.602500E+02  5.615996E+01  5.616421E+01
 2.605000E+02  5.612442E+01  5.612868E+01
 2.607500E+02  5.608887E+01  5.609312E+01
 2.610000E+02  5.605329E+01  5.605755E+01
 2.612500E+02  5.601769E+01  5.602195E+01
 2.615000E+02  5.598208E+01  5.598633E+01
 2.617500E+02  5.594644E+01  5.595070E+01
 2.620000E+02  5.591078E+01  5.591504E+01
 2.622500E+02  5.587511E+01  5.587937E+01
 2.625000E+02  5.583941E+01  5.584367E+01
 2.627500E+02  5.580369E+01  5.580795E+01
 2.630000E+02  5.576796E+01  5.577222E+01
 2.632500E+02  5.573220E+01  5.573646E+01
 2.635000E+02  5.569642E+01  5.570068E+01
 2.637500E+02  5.566063E+01  5.566489E+01
 2.640000E+02  5.562481E+01  5.562907E+01
 2.642500E+02  5.558898E+01  5.559324E+01
 2.645000E+02  5.555312E+01  5.555738E+01
 2.647500E+02  5.551724E+01  5.552151E+01
 2.650000E+02  5.548135E+01  5.548561E+01
 2.652500E+02  5.544543E+01  5.544969E+01
 2.655000E+02  5.540950E+01  5.541376E+01
 2.657500E+02  5.537354E+01  5.537781E+01
 2.660000E+02  5.533757E+01  5.534183E+01
 2.662500E+02  5.530157E+01  5.530584E+01
 2.665000E+02  5.526556E+01  5.526982E+01
 2.667500E+02  5.522953E+01  5.523379E+01
 2.670000E+02  5.519347E+01  5.519774E+01
 2.672500E+02  5.515740E+01  5.516167E+01
 2.675000E+02  5.512131E+01  5.512557E+01
 2.677500E+02  5.508520E+01  5.508946E+01
 2.680000E+02  5.504907E+01  5.505333E+01
 2.682500E+02  5.501292E+01  5.501718E+01
 2.685000E+02  5.497675E+01  5.498101E+01
 2.687500E+02  5.494056E+01  5.494482E+01
 2.690000E+02  5.490435E+01  5.490861E+01
 2.692500E+02  5.486812E+01  5.487238E+01
 2.695000E+02  5.483187E+01  5.483614E+01
 2.697500E+02  5.479560E+01  5.479987E+01
 2.700000E+02  5.475931E+01  5.476358E+01
 2.702500E+02  5.472301E+01  5.472728E+01
 2.705000E+02  5.468668E+01  5.469095E+01
 2.707500E+02  5.465034E+01  5.465461E+01
 2.710000E+02  5.461397E+01  5.461824E+01
 2.712500E+02  5.457759E+01  5.458186E+01
 2.715000E+02  5.454119E+01  5.454546E+01
 2.717500E+02  5.450476E+01  5.450903E+01
 2.720000E+02  5.446832E+01  5.447259E+01
 2.722500E+02  5.443186E+01  5.443613E+01
 2.725000E+02  5.439538E+01  5.439965E+01
 2.727500E+02  5.435888E+01  5.436315E+01
 2.730000E+02  5.432237E+01  5.432664E+01
 2.732500E+02  5.428583E+01  5.429010E+01
 2.735000E+02  5.424927E+01  5.425354E+01
 2.737500E+02  5.421270E+01  5.421697E+01
 2.740000E+02  5.417610E+01  5.418037E+01
 2.742500E+02  5.413949E+01  5.414376E+01
 2.745000E+02  5.410286E+01  5.410713E+01
 2.747500E+02  5.406620E+01  5.407048E+01
 2.750000E+02  5.402953E+01  5.403381E+01
 2.752500E+02  5.399284E+01  5.399712E+01
 2.755000E+02  5.395614E+01  5.396041E+01
 2.757500E+02  5.391941E+01  5.392368E+01
 2.760000E+02  5.388266E+01  5.388694E+01
 2.762500E+02  5.384590E+01  5.385017E+01
 2.765000E+02  5.380911E+01  5.381339E+01
 2.767500E+02  5.377231E+01  5.377658E+01
 2.770000E+02  5.373549E+01  5.373976E+01
 2.772500E+02  5.369865E+01  5.370292E+01
 2.775000E+02  5.366179E+01  5.366606E+01
 2.777500E+02  5.362491E+01  5.362919E+01
 2.780000E+02  5.358801E+01  5.359229E+01
 2.782500E+02  5.355110E+01  5.355537E+01
 2.785000E+02  5.351416E+01  5.351844E+01
 2.787500E+02  5.347721E+01  5.348149E+01
 2.790000E+02  5.344024E+01  5.344451E+01
 2.792500E+02  5.340325E+01  5.340752E+01
 2.795000E+02  5.336624E+01  5.337051E+01
 2.797500E+02  5.332921E+01  5.333349E+01
 2.800000E+02  5.329216E+01  5.329644E+01
 2.802500E+02  5.325510E+01  5.325938E+01
 2.805000E+02  5.321801E+01  5.322229E+01
 2.807500E+02  5.318091E+01  5.318519E+01
 2.810000E+02  5.314379E+01  5.314807E+01
 2.812500E+02  5.310665E+01  5.311093E+01
 2.815000E+02  5.306949E+01  5.307377E+01
 2.817500E+02  5.303232E+01  5.303660E+01
 2.820000E+02  5.299512E+01  5.299940E+01
 2.822500E+02  5.295791E+01  5.296219E+01
 2.825000E+02  5.292068E+01  5.292496E+01
 2.827500E+02  5.288343E+01  5.288771E+01
 2.830000E+02  5.284616E+01  5.285044E+01
 2.832500E+02  5.280887E+01  5.281315E+01
 2.835000E+02  5.277157E+01  5.277585E+01
 2.837500E+02  5.273424E+01  5.273852E+01
 2.840000E+02  5.269690E+01  5.270118E+01
 2.842500E+02  5.265954E+01  5.266382E+01
 2.845000E+02  5.262216E+01  5.262644E+01
 2.847500E+02  5.258476E+01  5.258905E+01
 2.850000E+02  5.254735E+01  5.255163E+01
 2.852500E+02  5.250992E+01  5.251420E+01
 2.855000E+02  5.247246E+01  5.247675E+01
 2.857500E+02  5.243499E+01  5.243928E+01
 2.860000E+02  5.239751E+01  5.240179E+01
 2.862500E+02  5.236000E+01  5.236428E+01
 2.865000E+02  5.232248E+01  5.232676E+01
 2.867500E+02  5.228493E+01  5.228922E+01
 2.870000E+02  5.224737E+01  5.225166E+01
 2.872500E+02  5.220979E+01  5.221408E+01
 2.875000E+02  5.217220E+01  5.217648E+01
 2.877500E+02  5.213458E+01  5.213887E+01
 2.880000E+02  5.209695E+01  5.210123E+01
 2.882500E+02  5.205930E+01  5.206358E+01
 2.885000E+02  5.202163E+01  5.202591E+01
 2.887500E+02  5.198394E+01  5.198823E+01
 2.890000E+02  5.194623E+01  5.195052E+01
 2.892500E+02  5.190851E+01  5.191280E+01
 2.895000E+02  5.187077E+01  5.187506E+01
 2.897500E+02  5.183301E+01  5.183730E+01
 2.900000E+02  5.179523E+01  5.179952E+01
 2.902500E+02  5.175744E+01  5.176173E+01
 2.905000E+02  5.171962E+01  5.172391E+01
 2.907500E+02  5.168179E+01  5.168608E+01
 2.910000E+02  5.164394E+01  5.164823E+01
 2.912500E+02  5.160608E+01  5.161037E+01
 2.915000E+02  5.156819E+01  5.157248E+01
 2.917500E+02  5.153029E+01  5.153458E+01
 2.920000E+02  5.149237E+01  5.149666E+01
 2.922500E+02  5.145443E+01  5.145872E+01
 2.925000E+02  5.141648E+01  5.142077E+01
 2.927500E+02  5.137850E+01  5.138279E+01
 2.930000E+02  5.134051E+01  5.134480E+01
 2.932500E+02  5.130250E+01  5.130679E+01
 2.935000E+02  5.126448E+01  5.126877E+01
 2.937500E+02  5.122643E+01  5.123072E+01
 2.940000E+02  5.118837E+01  5.119266E+01
 2.942500E+02  5.115029E+01  5.115458E+01
 2.945000E+02  5.111219E+01  5.111648E+01
 2.947500E+02  5.107408E+01  5.107837E+01
 2.950000E+02  5.103594E+01  5.104024E+01
 2.952500E+02  5.099779E+01  5.100209E+01
 2.955000E+02  5.095962E+01  5.096392E+01
 2.957500E+02  5.092144E+01  5.092573E+01
 2.960000E+02  5.088323E+01  5.088753E+01
 2.962500E+02  5.084501E+01  5.084931E+01
 2.965000E+02  5.080677E+01  5.081107E+01
 2.967500E+02  5.076852E+01  5.077281E+01
 2.970000E+02  5.073024E+01  5.073454E+01
 2.972500E+02  5.069195E+01  5.069625E+01
 2.975000E+02  5.065364E+01  5.065794E+01
 2.977500E+02  5.061532E+01  5.061961E+01
 2.980000E+02  5.057697E+01  5.058127E+01
 2.982500E+02  5.053861E+01  5.054291E+01
 2.985000E+02  5.050023E+01  5.050453E+01
 2.987500E+02  5.046184E+01  5.046613E+01
 2.990000E+02  5.042342E+01  5.042772E+01
 2.992500E+02  5.038499E+01  5.038929E+01
 2.995000E+02  5.034654E+01  5.035084E+01
 2.997500E+02  5.030808E+01  5.031238E+01
 3.000000E+02  5.026959E+01  5.027389E+01
 3.002500E+02  5.023109E+01  5.023539E+01
 3.005000E+02  5.019257E+01  5.019687E+01
 3.007500E+02  5.015404E+01  5.015834E+01
 3.010000E+02  5.011549E+01  5.011979E+01
 3.012500E+02  5.007692E+01  5.008122E+01
 3.015000E+02  5.003833E+01  5.004263E+01
 3.017500E+02  4.999972E+01  5.000403E+01
 3.020000E+02  4.996110E+01  4.996540E+01
 3.022500E+02  4.992246E+01  4.992676E+01
 3.025000E+02  4.988381E+01  4.988811E+01
 3.027500E+02  4.984513E+01  4.984943E+01
 3.030000E+02  4.980644E+01  4.981074E+01
 3.032500E+02  4.976773E+01  4.977204E+01
 3.035000E+02  4.972901E+01  4.973331E+01
 3.037500E+02  4.969026E+01  4.969457E+01
 3.040000E+02  4.965150E+01  4.965581E+01
 3.042500E+02  4.961273E+01  4.961703E+01
 3.045000E+02  4.957393E+01  4.957824E+01
 3.047500E+02  4.953512E+01  4.953943E+01
 3.050000E+02  4.949629E+01  4.950060E+01
 3.052500E+02  4.945745E+01  4.946175E+01
 3.055000E+02  4.941858E+01  4.942289E+01
 3.057500E+02  4.937970E+01  4.938401E+01
 3.060000E+02  4.934081E+01  4.934511E+01
 3.062500E+02  4.930189E+01  4.930620E+01
 3.065000E+02  4.926296E+01  4.926727E+01
 3.067500E+02  4.922401E+01  4.922832E+01
 3.070000E+02  4.918505E+01  4.918935E+01
 3.072500E+02  4.914606E+01  4.915037E+01
 3.075000E+02  4.910706E+01  4.911137E+01
 3.077500E+02  4.906805E+01  4.907235E+01
 3.080000E+02  4.902901E+01  4.903332E+01
 3.082500E+02  4.898996E+01  4.899427E+01
 3.085000E+02  4.895089E+01  4.895520E+01
 3.087500E+02  4.891181E+01  4.891612E+01
 3.090000E+02  4.887271E+01  4.887702E+01
 3.092500E+02  4.883359E+01  4.883790E+01
 3.095000E+02  4.879445E+01  4.879876E+01
 3.097500E+02  4.875530E+01  4.875961E+01
 3.100000E+02  4.871613E+01  4.872044E+01
 3.102500E+02  4.867694E+01  4.868125E+01
 3.105000E+02  4.863774E+01  4.864205E+01
 3.107500E+02  4.859852E+01  4.860283E+01
 3.110000E+02  4.855928E+01  4.856359E+01
 3.112500E+02  4.852003E+01  4.852434E+01
 3.115000E+02  4.848075E+01  4.848507E+01
 3.117500E+02  4.844147E+01  4.844578E+01
 3.120000E+02  4.840216E+01  4.840647E+01
 3.122500E+02  4.836284E+01  4.836715E+01
 3.125000E+02  4.832350E+01  4.832781E+01
 3.127500E+02  4.828414E+01  4.828846E+01
 3.130000E+02  4.824477E+01  4.824908E+01
 3.132500E+02  4.820538E+01  4.820969E+01
 3.135000E+02  4.816597E+01  4.817029E+01
 3.137500E+02  4.812655E+01  4.813087E+01
 3.140000E+02  4.808711E+01  4.809143E+01
 3.142500E+02  4.804765E+01  4.805197E+01
 3.145000E+02  4.800818E+01  4.801250E+01
 3.147500E+02  4.796869E+01  4.797301E+01
 3.150000E+02  4.792918E+01  4.793350E+01
 3.152500E+02  4.788966E+01  4.789397E+01
 3.155000E+02  4.785012E+01  4.785443E+01
 3.157500E+02  4.781056E+01  4.781488E+01
 3.160000E+02  4.777098E+01  4.777530E+01
 3.162500E+02  4.773139E+01  4.773571E+01
 3.165000E+02  4.769179E+01  4.769610E+01
 3.167500E+02  4.765216E+01  4.765648E+01
 3.170000E+02  4.761252E+01  4.761684E+01
 3.172500E+02  4.757286E+01  4.757718E+01
 3.175000E+02  4.753319E+01  4.753750E+01
 3.177500E+02  4.749349E+01  4.749781E+01
 3.180000E+02  4.745379E+01  4.745811E+01
 3.182500E+02  4.741406E+01  4.741838E+01
 3.185000E+02  4.737432E+01  4.737864E+01
 3.187500E+02  4.733456E+01  4.733888E+01
 3.190000E+02  4.729479E+01  4.729911E+01
 3.192500E+02  4.725499E+01  4.725931E+01
 3.195000E+02  4.721519E+01  4.721951E+01
 3.197500E+02  4.717536E+01  4.717968E+01
 3.200000E+02  4.713552E+01  4.713984E+01
 3.202500E+02  4.709566E+01  4.709998E+01
 3.205000E+02  4.705578E+01  4.706011E+01
 3.207500E+02  4.701589E+01  4.702021E+01
 3.210000E+02  4.697598E+01  4.698031E+01
 3.212500E+02  4.693606E+01  4.694038E+01
 3.215000E+02  4.689612E+01  4.690044E+01
 3.217500E+02  4.685616E+01  4.686048E+01
 3.220000E+02  4.681618E+01  4.682051E+01
 3.222500E+02  4.677619E+01  4.678052E+01
 3.225000E+02  4.673618E+01  4.674051E+01
 3.227500E+02  4.669616E+01  4.670048E+01
 3.230000E+02  4.665612E+01  4.666044E+01
 3.232500E+02  4.661606E+01  4.662038E+01
 3.235000E+02  4.657598E+01  4.658031E+01
 3.237500E+02  4.653589E+01  4.654022E+01
 3.240000E+02  4.649578E+01  4.650011E+01
 3.242500E+02  4.645566E+01  4.645999E+01
 3.245000E+02  4.641552E+01  4.641985E+01
 3.247500E+02  4.637536E+01  4.637969E+01
 3.250000E+02  4.633519E+01  4.633951E+01
 3.252500E+02  4.629500E+01  4.629932E+01
 3.255000E+02  4.625479E+01  4.625912E+01
 3.257500E+02  4.621457E+01  4.621889E+01
 3.260000E+02  4.617433E+01  4.617865E+01
 3.262500E+02  4.613407E+01  4.613840E+01
 3.265000E+02  4.609379E+01  4.609812E+01
 3.267500E+02  4.605350E+01  4.605783E+01
 3.270000E+02  4.601320E+01  4.601753E+01
 3.272500E+02  4.597287E+01  4.597720E+01
 3.275000E+02  4.593254E+01  4.593687E+01
 3.277500E+02  4.589218E+01  4.589651E+01
 3.280000E+02  4.585181E+01  4.585614E+01
 3.282500E+02  4.581142E+01  4.581575E+01
 3.285000E+02  4.577101E+01  4.577534E+01
 3.287500E+02  4.573059E+01  4.573492E+01
 3.290000E+02  4.569015E+01  4.569448E+01
 3.292500E+02  4.564970E+01  4.565403E+01
 3.295000E+02  4.560922E+01  4.561356E+01
 3.297500E+02  4.556874E+01  4.557307E+01
 3.300000E+02  4.552823E+01  4.553256E+01
 3.302500E+02  4.548771E+01  4.549204E+01
 3.305000E+02  4.544717E+01  4.545150E+01
 3.307500E+02  4.540662E+01  4.541095E+01
 3.310000E+02  4.536605E+01  4.537038E+01
 3.312500E+02  4.532546E+01  4.532979E+01
 3.315000E+02  4.528486E+01  4.528919E+01
 3.317500E+02  4.524423E+01  4.524857E+01
 3.320000E+02  4.520360E+01  4.520793E+01
 3.322500E+02  4.516294E+01  4.516728E+01
 3.325000E+02  4.512228E+01  4.512661E+01
 3.327500E+02  4.508159E+01  4.508592E+01
 3.330000E+02  4.504089E+01  4.504522E+01
 3.332500E+02  4.500017E+01  4.500450E+01
 3.335000E+02  4.495943E+01  4.496377E+01
 3.337500E+02  4.491868E+01  4.492302E+01
 3.340000E+02  4.487791E+01  4.488225E+01
 3.342500E+02  4.483713E+01  4.484146E+01
 3.345000E+02  4.479632E+01  4.480066E+01
 3.347500E+02  4.475551E+01  4.475984E+01
 3.350000E+02  4.471467E+01  4.471901E+01
 3.352500E+02  4.467382E+01  4.467816E+01
 3.355000E+02  4.463295E+01  4.463729E+01
 3.357500E+02  4.459207E+01  4.459641E+01
 3.360000E+02  4.455117E+01  4.455551E+01
 3.362500E+02  4.451025E+01  4.451459E+01
 3.365000E+02  4.446932E+01  4.447366E+01
 3.367500E+02  4.442837E+01  4.443271E+01
 3.370000E+02  4.438740E+01  4.439174E+01
 3.372500E+02  4.434642E+01  4.435076E+01
 3.375000E+02  4.430542E+01  4.430976E+01
 3.377500E+02  4.426441E+01  4.426875E+01
 3.380000E+02  4.422338E+01  4.422772E+01
 3.382500E+02  4.418233E+01  4.418667E+01
 3.385000E+02  4.414126E+01  4.414560E+01
 3.387500E+02  4.410018E+01  4.410452E+01
 3.390000E+02  4.405908E+01  4.406343E+01
 3.392500E+02  4.401797E+01  4.402231E+01
 3.395000E+02  4.397684E+01  4.398118E+01
 3.397500E+02  4.393569E+01  4.394003E+01
 3.400000E+02  4.389453E+01  4.389887E+01
 3.402500E+02  4.385335E+01  4.385769E+01
 3.405000E+02  4.381215E+01  4.381650E+01
 3.407500E+02  4.377094E+01  4.377528E+01
 3.410000E+02  4.372971E+01  4.373405E+01
 3.412500E+02  4.368846E+01  4.369281E+01
 3.415000E+02  4.364720E+01  4.365155E+01
 3.417500E+02  4.360592E+01  4.361027E+01
 3.420000E+02  4.356463E+01  4.356897E+01
 3.422500E+02  4.352331E+01  4.352766E+01
 3.425000E+02  4.348199E+01  4.348633E+01
 3.427500E+02  4.344064E+01  4.344499E+01
 3.430000E+02  4.339928E+01  4.340363E+01
 3.432500E+02  4.335790E+01  4.336225E+01
 3.435000E+02  4.331651E+01  4.332086E+01
 3.437500E+02  4.327510E+01  4.327945E+01
 3.440000E+02  4.323367E+01  4.323802E+01
 3.442500E+02  4.319223E+01  4.319658E+01
 3.445000E+02  4.315077E+01  4.315512E+01
 3.447500E+02  4.310929E+01  4.311364E+01
 3.450000E+02  4.306780E+01  4.307215E+01
 3.452500E+02  4.302629E+01  4.303064E+01
 3.455000E+02  4.298476E+01  4.298911E+01
 3.457500E+02  4.294322E+01  4.294757E+01
 3.460000E+02  4.290166E+01  4.290601E+01
 3.462500E+02  4.286008E+01  4.286444E+01
 3.465000E+02  4.281849E+01  4.282284E+01
 3.467500E+02  4.277688E+01  4.278124E+01
 3.470000E+02  4.273526E+01  4.273961E+01
 3.472500E+02  4.269362E+01  4.269797E+01
 3.475000E+02  4.265196E+01  4.265631E+01
 3.477500E+02  4.261029E+01  4.261464E+01
 3.480000E+02  4.256859E+01  4.257295E+01
 3.482500E+02  4.252689E+01  4.253124E+01
 3.485000E+02  4.248516E+01  4.248952E+01
 3.487500E+02  4.244342E+01  4.244778E+01
 3.490000E+02  4.240166E+01  4.240602E+01
 3.492500E+02  4.235989E+01  4.236425E+01
 3.495000E+02  4.231810E+01  4.232246E+01
 3.497500E+02  4.227629E+01  4.228065E+01
 3.500000E+02  4.223447E+01  4.223883E+01
 3.502500E+02  4.219263E+01  4.219699E+01
 3.505000E+02  4.215078E+01  4.215513E+01
 3.507500E+02  4.210890E+01  4.211326E+01
 3.510000E+02  4.206701E+01  4.207137E+01
 3.512500E+02  4.202511E+01  4.202947E+01
 3.515000E+02  4.198318E+01  4.198754E+01
 3.517500E+02  4.194125E+01  4.194560E+01
 3.520000E+02  4.189929E+01  4.190365E+01
 3.522500E+02  4.185732E+01  4.186168E+01
 3.525000E+02  4.181533E+01  4.181969E+01
 3.527500E+02  4.177332E+01  4.177768E+01
 3.530000E+02  4.173130E+01  4.173566E+01
 3.532500E+02  4.168926E+01  4.169362E+01
 3.535000E+02  4.164721E+01  4.165157E+01
 3.537500E+02  4.160514E+01  4.160950E+01
 3.540000E+02  4.156305E+01  4.156741E+01
 3.542500E+02  4.152094E+01  4.152531E+01
 3.545000E+02  4.147882E+01  4.148318E+01
 3.547500E+02  4.143668E+01  4.144105E+01
 3.550000E+02  4.139453E+01  4.139889E+01
 3.552500E+02  4.135236E+01  4.135672E+01
 3.555000E+02  4.131017E+01  4.131453E+01
 3.557500E+02  4.126797E+01  4.127233E+01
 3.560000E+02  4.122574E+01  4.123011E+01
 3.562500E+02  4.118351E+01  4.118787E+01
 3.565000E+02  4.114125E+01  4.114562E+01
 3.567500E+02  4.109898E+01  4.110335E+01
 3.570000E+02  4.105669E+01  4.106106E+01
 3.572500E+02  4.101439E+01  4.101875E+01
 3.575000E+02  4.097207E+01  4.097643E+01
 3.577500E+02  4.092973E+01  4.093410E+01
 3.580000E+02  4.088738E+01  4.089174E+01
 3.582500E+02  4.084500E+01  4.084937E+01
 3.585000E+02  4.080262E+01  4.080698E+01
 3.587500E+02  4.076021E+01  4.076458E+01
 3.590000E+02  4.071779E+01  4.072216E+01
 3.592500E+02  4.067535E+01  4.067972E+01
 3.595000E+02  4.063290E+01  4.063727E+01
 3.597500E+02  4.059043E+01  4.059480E+01
 3.600000E+02  4.054794E+01  4.055231E+01
 3.602500E+02  4.050543E+01  4.050980E+01
 3.605000E+02  4.046291E+01  4.046728E+01
 3.607500E+02  4.042037E+01  4.042474E+01
 3.610000E+02  4.037782E+01  4.038219E+01
 3.612500E+02  4.033525E+01  4.033962E+01
 3.615000E+02  4.029266E+01  4.029703E+01
 3.617500E+02  4.025005E+01  4.025443E+01
 3.620000E+02  4.020743E+01  4.021180E+01
 3.622500E+02  4.016479E+01  4.016917E+01
 3.625000E+02  4.012214E+01  4.012651E+01
 3.627500E+02  4.007947E+01  4.008384E+01
 3.630000E+02  4.003678E+01  4.004115E+01
 3.632500E+02  3.999407E+01  3.999844E+01
 3.635000E+02  3.995135E+01  3.995572E+01
 3.637500E+02  3.990861E+01  3.991298E+01
 3.640000E+02  3.986585E+01  3.987023E+01
 3.642500E+02  3.982308E+01  3.982745E+01
 3.645000E+02  3.978029E+01  3.978466E+01
 3.647500E+02  3.973748E+01  3.974186E+01
 3.650000E+02  3.969466E+01  3.969903E+01
 3.652500E+02  3.965182E+01  3.965619E+01
 3.655000E+02  3.960896E+01  3.961334E+01
 3.657500E+02  3.956609E+01  3.957046E+01
 3.660000E+02  3.952319E+01  3.952757E+01
 3.662500E+02  3.948029E+01  3.948466E+01
 3.665000E+02  3.943736E+01  3.944174E+01
 3.667500E+02  3.939442E+01  3.939880E+01
 3.670000E+02  3.935146E+01  3.935584E+01
 3.672500E+02  3.930849E+01  3.931286E+01
 3.675000E+02  3.926549E+01  3.926987E+01
 3.677500E+02  3.922248E+01  3.922686E+01
 3.680000E+02  3.917946E+01  3.918384E+01
 3.682500E+02  3.913641E+01  3.914079E+01
 3.685000E+02  3.909335E+01  3.909773E+01
 3.687500E+02  3.905028E+01  3.905466E+01
 3.690000E+02  3.900718E+01  3.901156E+01
 3.692500E+02  3.896407E+01  3.896845E+01
 3.695000E+02  3.892094E+01  3.892532E+01
 3.697500E+02  3.887780E+01  3.888218E+01
 3.700000E+02  3.883463E+01  3.883902E+01
 3.702500E+02  3.879146E+01  3.879584E+01
 3.705000E+02  3.874826E+01  3.875264E+01
 3.707500E+02  3.870505E+01  3.870943E+01
 3.710000E+02  3.866182E+01  3.866620E+01
 3.712500E+02  3.861857E+01  3.862295E+01
 3.715000E+02  3.857530E+01  3.857969E+01
 3.717500E+02  3.853202E+01  3.853641E+01
 3.720000E+02  3.848872E+01  3.849311E+01
 3.722500E+02  3.844541E+01  3.844979E+01
 3.725000E+02  3.840208E+01  3.840646E+01
 3.727500E+02  3.835873E+01  3.836311E+01
 3.730000E+02  3.831536E+01  3.831975E+01
 3.732500E+02  3.827198E+01  3.827636E+01
 3.735000E+02  3.822857E+01  3.823296E+01
 3.737500E+02  3.818516E+01  3.818954E+01
 3.740000E+02  3.814172E+01  3.814611E+01
 3.742500E+02  3.809827E+01  3.810266E+01
 3.745000E+02  3.805480E+01  3.805919E+01
 3.747500E+02  3.801131E+01  3.801570E+01
 3.750000E+02  3.796781E+01  3.797220E+01
 3.752500E+02  3.792429E+01  3.792868E+01
 3.755000E+02  3.788075E+01  3.788514E+01
 3.757500E+02  3.783719E+01  3.784158E+01
 3.760000E+02  3.779362E+01  3.779801E+01
 3.762500E+02  3.775003E+01  3.775442E+01
 3.765000E+02  3.770642E+01  3.771081E+01
 3.767500E+02  3.766280E+01  3.766719E+01
 3.770000E+02  3.761916E+01  3.762355E+01
 3.772500E+02  3.757550E+01  3.757989E+01
 3.775000E+02  3.753182E+01  3.753621E+01
 3.777500E+02  3.748813E+01  3.749252E+01
 3.780000E+02  3.744442E+01  3.744881E+01
 3.782500E+02  3.740069E+01  3.740508E+01
 3.785000E+02  3.735694E+01  3.736134E+01
 3.787500E+02  3.731318E+01  3.731758E+01
 3.790000E+02  3.726940E+01  3.727380E+01
 3.792500E+02  3.722560E+01  3.723000E+01
 3.795000E+02  3.718179E+01  3.718618E+01
 3.797500E+02  3.713796E+01  3.714235E+01
 3.800000E+02  3.709411E+01  3.709850E+01
 3.802500E+02  3.705024E+01  3.705464E+01
 3.805000E+02  3.700636E+01  3.701075E+01
 3.807500E+02  3.696245E+01  3.696685E+01
 3.810000E+02  3.691854E+01  3.692293E+01
 3.812500E+02  3.687460E+01  3.687900E+01
 3.815000E+02  3.683064E+01  3.683504E+01
 3.817500E+02  3.678667E+01  3.679107E+01
 3.820000E+02  3.674268E+01  3.674708E+01
 3.822500E+02  3.669868E+01  3.670308E+01
 3.825000E+02  3.665466E+01  3.665906E+01
 3.827500E+02  3.661061E+01  3.661501E+01
 3.830000E+02  3.656656E+01  3.657096E+01
 3.832500E+02  3.652248E+01  3.652688E+01
 3.835000E+02  3.647839E+01  3.648279E+01
 3.837500E+02  3.643427E+01  3.643868E+01
 3.840000E+02  3.639015E+01  3.639455E+01
 3.842500E+02  3.634600E+01  3.635040E+01
 3.845000E+02  3.630184E+01  3.630624E+01
 3.847500E+02  3.625765E+01  3.626206E+01
 3.850000E+02  3.621346E+01  3.621786E+01
 3.852500E+02  3.616924E+01  3.617364E+01
 3.855000E+02  3.612501E+01  3.612941E+01
 3.857500E+02  3.608075E+01  3.608516E+01
 3.860000E+02  3.603648E+01  3.604089E+01
 3.862500E+02  3.599220E+01  3.599660E+01
 3.865000E+02  3.594789E+01  3.595230E+01
 3.867500E+02  3.590357E+01  3.590798E+01
 3.870000E+02  3.585923E+01  3.586364E+01
 3.872500E+02  3.581487E+01  3.581928E+01
 3.875000E+02  3.577050E+01  3.577491E+01
 3.877500E+02  3.572610E+01  3.573051E+01
 3.880000E+02  3.568169E+01  3.568610E+01
 3.882500E+02  3.563727E+01  3.564168E+01
 3.885000E+02  3.559282E+01  3.559723E+01
 3.887500E+02  3.554836E+01  3.555277E+01
 3.890000E+02  3.550387E+01  3.550828E+01
 3.892500E+02  3.545938E+01  3.546379E+01
 3.895000E+02  3.541486E+01  3.541927E+01
 3.897500E+02  3.537032E+01  3.537473E+01
 3.900000E+02  3.532577E+01  3.533018E+01
 3.902500E+02  3.528120E+01  3.528561E+01
 3.905000E+02  3.523661E+01  3.524102E+01
 3.907500E+02  3.519201E+01  3.519642E+01
 3.910000E+02  3.514738E+01  3.515180E+01
 3.912500E+02  3.510274E+01  3.510715E+01
 3.915000E+02  3.505808E+01  3.506249E+01
 3.917500E+02  3.501340E+01  3.501782E+01
 3.920000E+02  3.496871E+01  3.497312E+01
 3.922500E+02  3.492399E+01  3.492841E+01
 3.925000E+02  3.487926E+01  3.488368E+01
 3.927500E+02  3.483451E+01  3.483893E+01
 3.930000E+02  3.478975E+01  3.479416E+01
 3.932500E+02  3.474496E+01  3.474938E+01
 3.935000E+02  3.470016E+01  3.470458E+01
 3.937500E+02  3.465534E+01  3.465976E+01
 3.940000E+02  3.461050E+01  3.461492E+01
 3.942500E+02  3.456564E+01  3.457006E+01
 3.945000E+02  3.452077E+01  3.452519E+01
 3.947500E+02  3.447587E+01  3.448029E+01
 3.950000E+02  3.443096E+01  3.443538E+01
 3.952500E+02  3.438603E+01  3.439045E+01
 3.955000E+02  3.434109E+01  3.434551E+01
 3.957500E+02  3.429612E+01  3.430054E+01
 3.960000E+02  3.425114E+01  3.425556E+01
 3.962500E+02  3.420614E+01  3.421056E+01
 3.965000E+02  3.416112E+01  3.416554E+01
 3.967500E+02  3.411608E+01  3.412050E+01
 3.970000E+02  3.407103E+01  3.407545E+01
 3.972500E+02  3.402595E+01  3.403038E+01
 3.975000E+02  3.398086E+01  3.398528E+01
 3.977500E+02  3.393575E+01  3.394017E+01
 3.980000E+02  3.389062E+01  3.389505E+01
 3.982500E+02  3.384547E+01  3.384990E+01
 3.985000E+02  3.380031E+01  3.380474E+01
 3.987500E+02  3.375513E+01  3.375955E+01
 3.990000E+02  3.370993E+01  3.371435E+01
 3.992500E+02  3.366471E+01  3.366913E+01
 3.995000E+02  3.361947E+01  3.362390E+01
 3.997500E+02  3.357421E+01  3.357864E+01
 4.000000E+02  3.352894E+01  3.353337E+01
 4.002500E+02  3.348365E+01  3.348808E+01
 4.005000E+02  3.343834E+01  3.344277E+01
 4.007500E+02  3.339301E+01  3.339744E+01
 4.010000E+02  3.334766E+01  3.335209E+01
 4.012500E+02  3.330230E+01  3.330673E+01
 4.015000E+02  3.325691E+01  3.326134E+01
 4.017500E+02  3.321151E+01  3.321594E+01
 4.020000E+02  3.316609E+01  3.317052E+01
 4.022500E+02  3.312065E+01  3.312508E+01
 4.025000E+02  3.307519E+01  3.307963E+01
 4.027500E+02  3.302972E+01  3.303415E+01
 4.030000E+02  3.298422E+01  3.298866E+01
 4.032500E+02  3.293871E+01  3.294315E+01
 4.035000E+02  3.289318E+01  3.289762E+01
 4.037500E+02  3.284763E+01  3.285207E+01
 4.040000E+02  3.280206E+01  3.280650E+01
 4.042500E+02  3.275648E+01  3.276091E+01
 4.045000E+02  3.271087E+01  3.271531E+01
 4.047500E+02  3.266525E+01  3.266969E+01
 4.050000E+02  3.261961E+01  3.262405E+01
 4.052500E+02  3.257395E+01  3.257839E+01
 4.055000E+02  3.252827E+01  3.253271E+01
 4.057500E+02  3.248257E+01  3.248701E+01
 4.060000E+02  3.243686E+01  3.244129E+01
 4.062500E+02  3.239112E+01  3.239556E+01
 4.065000E+02  3.234537E+01  3.234981E+01
 4.067500E+02  3.229960E+01  3.230404E+01
 4.070000E+02  3.225381E+01  3.225825E+01
 4.072500E+02  3.220800E+01  3.221244E+01
 4.075000E+02  3.216217E+01  3.216661E+01
 4.077500E+02  3.211632E+01  3.212077E+01
 4.080000E+02  3.207046E+01  3.207490E+01
 4.082500E+02  3.202458E+01  3.202902E+01
 4.085000E+02  3.197867E+01  3.198312E+01
 4.087500E+02  3.193275E+01  3.193720E+01
 4.090000E+02  3.188681E+01  3.189126E+01
 4.092500E+02  3.184086E+01  3.184530E+01
 4.095000E+02  3.179488E+01  3.179933E+01
 4.097500E+02  3.174888E+01  3.175333E+01
 4.100000E+02  3.170287E+01  3.170732E+01
 4.102500E+02  3.165684E+01  3.166128E+01
 4.105000E+02  3.161079E+01  3.161523E+01
 4.107500E+02  3.156472E+01  3.156916E+01
 4.110000E+02  3.151863E+01  3.152307E+01
 4.112500E+02  3.147252E+01  3.147697E+01
 4.115000E+02  3.142639E+01  3.143084E+01
 4.117500E+02  3.138025E+01  3.138470E+01
 4.120000E+02  3.133408E+01  3.133853E+01
 4.122500E+02  3.128790E+01  3.129235E+01
 4.125000E+02  3.124170E+01  3.124615E+01
 4.127500E+02  3.119547E+01  3.119993E+01
 4.130000E+02  3.114923E+01  3.115369E+01
 4.132500E+02  3.110298E+01  3.110743E+01
 4.135000E+02  3.105670E+01  3.106115E+01
 4.137500E+02  3.101040E+01  3.101486E+01
 4.140000E+02  3.096409E+01  3.096854E+01
 4.142500E+02  3.091775E+01  3.092221E+01
 4.145000E+02  3.087140E+01  3.087585E+01
 4.147500E+02  3.082503E+01  3.082948E+01
 4.150000E+02  3.077864E+01  3.078309E+01
 4.152500E+02  3.073223E+01  3.073668E+01
 4.155000E+02  3.068580E+01  3.069025E+01
 4.157500E+02  3.063935E+01  3.064381E+01
 4.160000E+02  3.059288E+01  3.059734E+01
 4.162500E+02  3.054640E+01  3.055085E+01
 4.165000E+02  3.049989E+01  3.050435E+01
 4.167500E+02  3.045337E+01  3.045783E+01
 4.170000E+02  3.040682E+01  3.041128E+01
 4.172500E+02  3.036026E+01  3.036472E+01
 4.175000E+02  3.031368E+01  3.031814E+01
 4.177500E+02  3.026708E+01  3.027154E+01
 4.180000E+02  3.022046E+01  3.022492E+01
 4.182500E+02  3.017382E+01  3.017828E+01
 4.185000E+02  3.012716E+01  3.013163E+01
 4.187500E+02  3.008049E+01  3.008495E+01
 4.190000E+02  3.003379E+01  3.003826E+01
 4.192500E+02  2.998708E+01  2.999154E+01
 4.195000E+02  2.994034E+01  2.994481E+01
 4.197500E+02  2.989359E+01  2.989806E+01
 4.200000E+02  2.984682E+01  2.985128E+01
 4.202500E+02  2.980003E+01  2.980449E+01
 4.205000E+02  2.975321E+01  2.975768E+01
 4.207500E+02  2.970638E+01  2.971085E+01
 4.210000E+02  2.965954E+01  2.966400E+01
 4.212500E+02  2.961267E+01  2.961714E+01
 4.215000E+02  2.956578E+01  2.957025E+01
 4.217500E+02  2.951887E+01  2.952334E+01
 4.220000E+02  2.947195E+01  2.947642E+01
 4.222500E+02  2.942500E+01  2.942947E+01
 4.225000E+02  2.937804E+01  2.938251E+01
 4.227500E+02  2.933105E+01  2.933553E+01
 4.230000E+02  2.928405E+01  2.928852E+01
 4.232500E+02  2.923703E+01  2.924150E+01
 4.235000E+02  2.918999E+01  2.919446E+01
 4.237500E+02  2.914293E+01  2.914740E+01
 4.240000E+02  2.909585E+01  2.910032E+01
 4.242500E+02  2.904875E+01  2.905322E+01
 4.245000E+02  2.900163E+01  2.900611E+01
 4.247500E+02  2.895449E+01  2.895897E+01
 4.250000E+02  2.890733E+01  2.891181E+01
 4.252500E+02  2.886016E+01  2.886464E+01
 4.255000E+02  2.881296E+01  2.881744E+01
 4.257500E+02  2.876575E+01  2.877023E+01
 4.260000E+02  2.871851E+01  2.872299E+01
 4.262500E+02  2.867126E+01  2.867574E+01
 4.265000E+02  2.862398E+01  2.862847E+01
 4.267500E+02  2.857669E+01  2.858117E+01
 4.270000E+02  2.852938E+01  2.853386E+01
 4.272500E+02  2.848205E+01  2.848653E+01
 4.275000E+02  2.843470E+01  2.843918E+01
 4.277500E+02  2.838733E+01  2.839181E+01
 4.280000E+02  2.833994E+01  2.834442E+01
 4.282500E+02  2.829253E+01  2.829701E+01
 4.285000E+02  2.824510E+01  2.824959E+01
 4.287500E+02  2.819765E+01  2.820214E+01
 4.290000E+02  2.815018E+01  2.815467E+01
 4.292500E+02  2.810270E+01  2.810718E+01
 4.295000E+02  2.805519E+01  2.805968E+01
 4.297500E+02  2.800767E+01  2.801215E+01
 4.300000E+02  2.796012E+01  2.796461E+01
 4.302500E+02  2.791256E+01  2.791705E+01
 4.305000E+02  2.786497E+01  2.786946E+01
 4.307500E+02  2.781737E+01  2.782186E+01
 4.310000E+02  2.776975E+01  2.777424E+01
 4.312500E+02  2.772210E+01  2.772659E+01
 4.315000E+02  2.767444E+01  2.767893E+01
 4.317500E+02  2.762676E+01  2.763125E+01
 4.320000E+02  2.757906E+01  2.758355E+01
 4.322500E+02  2.753134E+01  2.753583E+01
 4.325000E+02  2.748360E+01  2.748809E+01
 4.327500E+02  2.743584E+01  2.744033E+01
 4.330000E+02  2.738806E+01  2.739255E+01
 4.332500E+02  2.376904E+01  2.734097E+01
 4.335000E+02  2.369768E+01  2.727171E+01
 4.337500E+02  2.362631E+01  2.720244E+01
 4.340000E+02  2.355493E+01  2.713316E+01
 4.342500E+02  2.348354E+01  2.706387E+01
 4.345000E+02  2.341214E+01  2.699457E+01
 4.347500E+02  2.334072E+01  2.692525E+01
 4.350000E+02  2.326930E+01  2.685593E+01
 4.352500E+02  2.319787E+01  2.678660E+01
 4.355000E+02  2.312643E+01  2.671725E+01
 4.357500E+02  2.305497E+01  2.664790E+01
 4.360000E+02  2.298351E+01  2.657853E+01
 4.362500E+02  2.291203E+01  2.650916E+01
 4.365000E+02  2.284055E+01  2.643977E+01
 4.367500E+02  2.276905E+01  2.637038E+01
 4.370000E+02  2.269754E+01  2.630097E+01
 4.372500E+02  2.262603E+01  2.623155E+01
 4.375000E+02  2.255450E+01  2.616212E+01
 4.377500E+02  2.248296E+01  2.609269E+01
 4.380000E+02  2.241141E+01  2.602324E+01
 4.382500E+02  2.233985E+01  2.595378E+01
 4.385000E+02  2.226828E+01  2.588431E+01
 4.387500E+02  2.219670E+01  2.581483E+01
 4.390000E+02  2.212511E+01  2.574534E+01
 4.392500E+02  2.205351E+01  2.567583E+01
 4.395000E+02  2.198190E+01  2.560632E+01
 4.397500E+02  2.191028E+01  2.553680E+01
 4.400000E+02  2.183865E+01  2.546727E+01
 4.402500E+02  2.176700E+01  2.539772E+01
 4.405000E+02  2.169535E+01  2.532817E+01
 4.407500E+02  2.162369E+01  2.525861E+01
 4.410000E+02  2.155201E+01  2.518903E+01
 4.412500E+02  2.148033E+01  2.511945E+01
 4.415000E+02  2.140863E+01  2.504985E+01
 4.417500E+02  2.133693E+01  2.498024E+01
 4.420000E+02  2.126521E+01  2.491063E+01
 4.422500E+02  2.119349E+01  2.484100E+01
 4.425000E+02  2.112175E+01  2.477136E+01
 4.427500E+02  2.105000E+01  2.470172E+01
 4.430000E+02  2.097824E+01  2.463206E+01
 4.432500E+02  2.090648E+01  2.456239E+01
 4.435000E+02  2.083470E+01  2.449271E+01
 4.437500E+02  2.076291E+01  2.442302E+01
 4.440000E+02  2.069111E+01  2.435332E+01
 4.442500E+02  2.061930E+01  2.428361E+01
 4.445000E+02  2.054748E+01  2.421389E+01
 4.447500E+02  2.047565E+01  2.414416E+01
 4.450000E+02  2.040381E+01  2.407441E+01
 4.452500E+02  2.033196E+01  2.400466E+01
 4.455000E+02  2.026010E+01  2.393490E+01
 4.457500E+02  2.018823E+01  2.386513E+01
 4.460000E+02  2.011634E+01  2.379534E+01
 4.462500E+02  2.004445E+01  2.372555E+01
 4.465000E+02  1.997255E+01  2.365574E+01
 4.467500E+02  1.990064E+01  2.358593E+01
 4.470000E+02  1.982871E+01  2.351610E+01
 4.472500E+02  1.975678E+01  2.344627E+01
 4.475000E+02  1.968483E+01  2.337642E+01
 4.477500E+02  1.961288E+01  2.330657E+01
 4.480000E+02  1.954091E+01  2.323670E+01
 4.482500E+02  1.946894E+01  2.316682E+01
 4.485000E+02  1.939695E+01  2.309694E+01
 4.487500E+02  1.932496E+01  2.302704E+01
 4.490000E+02  1.925295E+01  2.295713E+01
 4.492500E+02  1.918093E+01  2.288721E+01
 4.495000E+02  1.910891E+01  2.281728E+01
 4.497500E+02  1.903687E+01  2.274734E+01
 4.500000E+02  1.896482E+01  2.267739E+01
 4.502500E+02  1.889276E+01  2.260743E+01
 4.505000E+02  1.882069E+01  2.253746E+01
 4.507500E+02  1.874861E+01  2.246748E+01
 4.510000E+02  1.867653E+01  2.239749E+01
 4.512500E+02  1.860443E+01  2.232749E+01
 4.515000E+02  1.853232E+01  2.225748E+01
 4.517500E+02  1.846020E+01  2.218746E+01
 4.520000E+02  1.838807E+01  2.211743E+01
 4.522500E+02  1.831593E+01  2.204738E+01
 4.525000E+02  1.824377E+01  2.197733E+01
 4.527500E+02  1.817161E+01  2.190727E+01
 4.530000E+02  1.809944E+01  2.183719E+01
 4.532500E+02  1.802726E+01  2.176711E+01
 4.535000E+02  1.795507E+01  2.169701E+01
 4.537500E+02  1.788286E+01  2.162691E+01
 4.540000E+02  1.781065E+01  2.155679E+01
 4.542500E+02  1.773843E+01  2.148667E+01
 4.545000E+02  1.766620E+01  2.141653E+01
 4.547500E+02  1.759395E+01  2.134639E+01
 4.550000E+02  1.752170E+01  2.127623E+01
 4.552500E+02  1.744943E+01  2.120607E+01
 4.555000E+02  1.737716E+01  2.113589E+01
 4.557500E+02  1.730487E+01  2.106570E+01
 4.560000E+02  1.723258E+01  2.099550E+01
 4.562500E+02  1.716027E+01  2.092530E+01
 4.565000E+02  1.708796E+01  2.085508E+01
 4.567500E+02  1.701563E+01  2.078485E+01
 4.570000E+02  1.694330E+01  2.071461E+01
 4.572500E+02  1.687095E+01  2.064436E+01
 4.575000E+02  1.679859E+01  2.057411E+01
 4.577500E+02  1.672623E+01  2.050384E+01
 4.580000E+02  1.665385E+01  2.043356E+01
 4.582500E+02  1.658146E+01  2.036327E+01
 4.585000E+02  1.650907E+01  2.029297E+01
 4.587500E+02  1.643666E+01  2.022266E+01
 4.590000E+02  1.636424E+01  2.015234E+01
 4.592500E+02  1.629181E+01  2.008201E+01
 4.595000E+02  1.621937E+01  2.001166E+01
 4.597500E+02  1.614693E+01  1.994131E+01
 4.600000E+02  1.607447E+01  1.987095E+01
 4.602500E+02  1.600200E+01  1.980058E+01
 4.605000E+02  1.592952E+01  1.973020E+01
 4.607500E+02  1.585703E+01  1.965981E+01
 4.610000E+02  1.578453E+01  1.958940E+01
 4.612500E+02  1.571202E+01  1.951899E+01
 4.615000E+02  1.563950E+01  1.944857E+01
 4.617500E+02  1.556697E+01  1.937813E+01
 4.620000E+02  1.549443E+01  1.930769E+01
 4.622500E+02  1.542188E+01  1.923724E+01
 4.625000E+02  1.534932E+01  1.916677E+01
 4.627500E+02  1.527675E+01  1.909630E+01
 4.630000E+02  1.520417E+01  1.902582E+01
 4.632500E+02  1.513157E+01  1.895532E+01
 4.635000E+02  1.505897E+01  1.888482E+01
 4.637500E+02  1.498636E+01  1.881430E+01
 4.640000E+02  1.491374E+01  1.874378E+01
 4.642500E+02  1.484111E+01  1.867324E+01
 4.645000E+02  1.476846E+01  1.860270E+01
 4.647500E+02  1.469581E+01  1.853214E+01
 4.650000E+02  1.462315E+01  1.846157E+01
 4.652500E+02  1.455048E+01  1.839100E+01
 4.655000E+02  1.447779E+01  1.832041E+01
 4.657500E+02  1.440510E+01  1.824982E+01
 4.660000E+02  1.433240E+01  1.817921E+01
 4.662500E+02  1.425968E+01  1.810859E+01
 4.665000E+02  1.418696E+01  1.803797E+01
 4.667500E+02  1.411423E+01  1.796733E+01
 4.670000E+02  1.404148E+01  1.789668E+01
 4.672500E+02  1.396873E+01  1.782603E+01
 4.675000E+02  1.389597E+01  1.775536E+01
 4.677500E+02  1.382319E+01  1.768468E+01
 4.680000E+02  1.375041E+01  1.761399E+01
 4.682500E+02  1.367761E+01  1.754329E+01
 4.685000E+02  1.360481E+01  1.747259E+01
 4.687500E+02  1.353199E+01  1.740187E+01
 4.690000E+02  1.345917E+01  1.733114E+01
 4.692500E+02  1.338633E+01  1.726040E+01
 4.695000E+02  1.331349E+01  1.718965E+01
 4.697500E+02  1.324063E+01  1.711889E+01
 4.700000E+02  1.316777E+01  1.704813E+01
 4.702500E+02  1.309489E+01  1.697735E+01
 4.705000E+02  1.302201E+01  1.690656E+01
 4.707500E+02  1.294911E+01  1.683576E+01
 4.710000E+02  1.287621E+01  1.676495E+01
 4.712500E+02  1.280329E+01  1.669413E+01
 4.715000E+02  1.273037E+01  1.662330E+01
 4.717500E+02  1.265743E+01  1.655246E+01
 4.720000E+02  1.258448E+01  1.648161E+01
 4.722500E+02  1.251153E+01  1.641075E+01
 4.725000E+02  1.243856E+01  1.633988E+01
 4.727500E+02  1.236559E+01  1.626900E+01
 4.730000E+02  1.229260E+01  1.619811E+01
 4.732500E+02  1.221960E+01  1.612721E+01
 4.735000E+02  1.214660E+01  1.605630E+01
 4.737500E+02  1.207358E+01  1.598538E+01
 4.740000E+02  1.200055E+01  1.591445E+01
 4.742500E+02  1.192752E+01  1.584351E+01
 4.745000E+02  1.185447E+01  1.577256E+01
 4.747500E+02  1.178141E+01  1.570160E+01
 4.750000E+02  1.170835E+01  1.563063E+01
 4.752500E+02  1.163527E+01  1.555965E+01
 4.755000E+02  1.156218E+01  1.548865E+01
 4.757500E+02  1.148909E+01  1.541765E+01
 4.760000E+02  1.141598E+01  1.534664E+01
 4.762500E+02  1.134286E+01  1.527562E+01
 4.765000E+02  1.126974E+01  1.520459E+01
 4.767500E+02  1.119660E+01  1.513355E+01
 4.770000E+02  1.112345E+01  1.506250E+01
 4.772500E+02  1.105029E+01  1.499144E+01
 4.775000E+02  1.097713E+01  1.492036E+01
 4.777500E+02  1.090395E+01  1.484928E+01
 4.780000E+02  1.083076E+01  1.477819E+01
 4.782500E+02  1.075757E+01  1.470709E+01
 4.785000E+02  1.068436E+01  1.463598E+01
 4.787500E+02  1.061114E+01  1.456486E+01
 4.790000E+02  1.053791E+01  1.449373E+01
 4.792500E+02  1.046468E+01  1.442258E+01
 4.795000E+02  1.039143E+01  1.435143E+01
 4.797500E+02  1.031817E+01  1.428027E+01
 4.800000E+02  1.024491E+01  1.420910E+01
 4.802500E+02  1.017163E+01  1.413792E+01
 4.805000E+02  1.009834E+01  1.406673E+01
 4.807500E+02  1.002504E+01  1.399552E+01
 4.810000E+02  9.951737E+00  1.392431E+01
 4.812500E+02  9.878420E+00  1.385309E+01
 4.815000E+02  9.805093E+00  1.378186E+01
 4.817500E+02  9.731756E+00  1.371062E+01
 4.820000E+02  9.658409E+00  1.363936E+01
 4.822500E+02  9.585052E+00  1.356810E+01
 4.825000E+02  9.511685E+00  1.349683E+01
 4.827500E+02  9.438308E+00  1.342555E+01
 4.830000E+02  9.364921E+00  1.335426E+01
 4.832500E+02  9.291524E+00  1.328296E+01
 4.835000E+02  9.218117E+00  1.321164E+01
 4.837500E+02  9.144700E+00  1.314032E+01
 4.840000E+02  9.071273E+00  1.306899E+01
 4.842500E+02  8.997837E+00  1.299765E+01
 4.845000E+02  8.924390E+00  1.292630E+01
 4.847500E+02  8.850933E+00  1.285494E+01
 4.850000E+02  8.777467E+00  1.278357E+01
 4.852500E+02  8.703990E+00  1.271218E+01
 4.855000E+02  8.630504E+00  1.264079E+01
 4.857500E+02  8.557007E+00  1.256939E+01
 4.860000E+02  8.483501E+00  1.249798E+01
 4.862500E+02  8.409985E+00  1.242656E+01
 4.865000E+02  8.336459E+00  1.235513E+01
 4.867500E+02  8.262922E+00  1.228369E+01
 4.870000E+02  8.189376E+00  1.221224E+01
 4.872500E+02  8.115820E+00  1.214077E+01
 4.875000E+02  8.042255E+00  1.206930E+01
 4.877500E+02  7.968679E+00  1.199782E+01
 4.880000E+02  7.895093E+00  1.192633E+01
 4.882500E+02  7.821497E+00  1.185483E+01
 4.885000E+02  7.747892E+00  1.178332E+01
 4.887500E+02  7.674277E+00  1.171180E+01
 4.890000E+02  7.600651E+00  1.164027E+01
 4.892500E+02  7.527016E+00  1.156873E+01
 4.895000E+02  7.453371E+00  1.149718E+01
 4.897500E+02  7.379716E+00  1.142562E+01
 4.900000E+02  7.306051E+00  1.135405E+01
 4.902500E+02  7.232376E+00  1.128247E+01
 4.905000E+02  7.158691E+00  1.121088E+01
 4.907500E+02  7.084997E+00  1.113928E+01
 4.910000E+02  7.011292E+00  1.106767E+01
 4.912500E+02  6.937578E+00  1.099605E+01
 4.915000E+02  6.863854E+00  1.092442E+01
 4.917500E+02  6.790120E+00  1.085278E+01
 4.920000E+02  6.716376E+00  1.078113E+01
 4.922500E+02  6.642622E+00  1.070947E+01
 4.925000E+02  6.568858E+00  1.063780E+01
 4.927500E+02  6.495085E+00  1.056612E+01
 4.930000E+02  6.421301E+00  1.049443E+01
 4.932500E+02  6.347508E+00  1.042273E+01
 4.935000E+02  6.273705E+00  1.035103E+01
 4.937500E+02  6.199892E+00  1.027931E+01
 4.940000E+02  6.126069E+00  1.020758E+01
 4.942500E+02  6.052237E+00  1.013584E+01
 4.945000E+02  5.978394E+00  1.006409E+01
 4.947500E+02  5.904542E+00  9.992335E+00
 4.950000E+02  5.830680E+00  9.920567E+00
 4.952500E+02  5.756807E+00  9.848789E+00
 4.955000E+02  5.682926E+00  9.777002E+00
 4.957500E+02  5.609034E+00  9.705205E+00
 4.960000E+02  5.535132E+00  9.633397E+00
 4.962500E+02  5.461221E+00  9.561580E+00
 4.965000E+02  5.387300E+00  9.489753E+00
 4.967500E+02  5.313369E+00  9.417917E+00
 4.970000E+02  5.239428E+00  9.346070E+00
 4.972500E+02  5.165477E+00  9.274214E+00
 4.975000E+02  5.091517E+00  9.202347E+00
 4.977500E+02  5.017547E+00  9.130471E+00
 4.980000E+02  4.943567E+00  9.058585E+00
 4.982500E+02  4.869577E+00  8.986690E+00
 4.985000E+02  4.795577E+00  8.914784E+00
 4.987500E+02  4.721568E+00  8.842869E+00
 4.990000E+02  4.647548E+00  8.770943E+00
 4.992500E+02  4.573519E+00  8.699008E+00
 4.995000E+02  4.499480E+00  8.627064E+00
 4.997500E+02  4.425432E+00  8.555109E+00
 5.000000E+02  4.351373E+00  8.483145E+00
