#         T/K          U/kJ          H/kJ      S/J*K^-1
 2.500000E+02  9.228129E+01  9.228554E+01  1.387278E+02
 2.502500E+02  9.230225E+01  9.230649E+01  1.388116E+02
 2.505000E+02  9.232325E+01  9.232749E+01  1.388955E+02
 2.507500E+02  9.234425E+01  9.234849E+01  1.389792E+02
 2.510000E+02  9.236525E+01  9.236950E+01  1.390630E+02
 2.512500E+02  9.238625E+01  9.239050E+01  1.391466E+02
 2.515000E+02  9.240725E+01  9.241150E+01  1.392301E+02
 2.517500E+02  9.242826E+01  9.243250E+01  1.393136E+02
 2.520000E+02  9.244926E+01  9.245351E+01  1.393970E+02
 2.522500E+02  9.247026E+01  9.247451E+01  1.394803E+02
 2.525000E+02  9.249127E+01  9.249552E+01  1.395635E+02
 2.527500E+02  9.251227E+01  9.251652E+01  1.396467E+02
 2.530000E+02  9.253328E+01  9.253752E+01  1.397297E+02
 2.532500E+02  9.255428E+01  9.255853E+01  1.398127E+02
 2.535000E+02  9.257529E+01  9.257954E+01  1.398956E+02
 2.537500E+02  9.259629E+01  9.260054E+01  1.399784E+02
 2.540000E+02  9.261730E+01  9.262155E+01  1.400612E+02
 2.542500E+02  9.263830E+01  9.264255E+01  1.401438E+02
 2.545000E+02  9.265930E+01  9.266356E+01  1.402264E+02
 2.547500E+02  9.268031E+01  9.268456E+01  1.403089E+02
 2.550000E+02  9.270131E+01  9.270557E+01  1.403913E+02
 2.552500E+02  9.272232E+01  9.272657E+01  1.404737E+02
 2.555000E+02  9.274332E+01  9.274757E+01  1.405559E+02
 2.557500E+02  9.276432E+01  9.276858E+01  1.406381E+02
 2.560000E+02  9.278533E+01  9.278958E+01  1.407201E+02
 2.562500E+02  9.280633E+01  9.281058E+01  1.408021E+02
 2.565000E+02  9.282733E+01  9.283158E+01  1.408841E+02
 2.567500E+02  9.284833E+01  9.285259E+01  1.409659E+02
 2.570000E+02  9.286933E+01  9.287359E+01  1.410477E+02
 2.572500E+02  9.289033E+01  9.289459E+01  1.411293E+02
 2.575000E+02  9.291133E+01  9.291558E+01  1.412109E+02
 2.577500E+02  9.293233E+01  9.293658E+01  1.412924E+02
 2.580000E+02  9.295333E+01  9.295758E+01  1.413738E+02
 2.582500E+02  9.297432E+01  9.297858E+01  1.414552E+02
 2.585000E+02  9.299532E+01  9.299957E+01  1.415364E+02
 2.587500E+02  9.301631E+01  9.302057E+01  1.416176E+02
 2.590000E+02  9.303730E+01  9.304156E+01  1.416987E+02
 2.592500E+02  9.305830E+01  9.306255E+01  1.417797E+02
 2.595000E+02  9.307929E+01  9.308354E+01  1.418607E+02
 2.597500E+02  9.310028E+01  9.310453E+01  1.419415E+02
 2.600000E+02  9.312126E+01  9.312552E+01  1.420223E+02
 2.602500E+02  9.314225E+01  9.314651E+01  1.421030E+02
 2.605000E+02  9.316324E+01  9.316749E+01  1.421836E+02
 2.607500E+02  9.318422E+01  9.318848E+01  1.422641E+02
 2.610000E+02  9.320520E+01  9.320946E+01  1.423445E+02
 2.612500E+02  9.322618E+01  9.323044E+01  1.424249E+02
 2.615000E+02  9.324716E+01  9.325142E+01  1.425051E+02
 2.617500E+02  9.326814E+01  9.327240E+01  1.425853E+02
 2.620000E+02  9.328912E+01  9.329338E+01  1.426654E+02
 2.622500E+02  9.331010E+01  9.331435E+01  1.427454E+02
 2.625000E+02  9.333107E+01  9.333533E+01  1.428254E+02
 2.627500E+02  9.335204E+01  9.335630E+01  1.429052E+02
 2.630000E+02  9.337301E+01  9.337727E+01  1.429850E+02
 2.632500E+02  9.339398E+01  9.339824E+01  1.430647E+02
 2.635000E+02  9.341495E+01  9.341921E+01  1.431443E+02
 2.637500E+02  9.343591E+01  9.344017E+01  1.432238E+02
 2.640000E+02  9.345688E+01  9.346114E+01  1.433033E+02
 2.642500E+02  9.347784E+01  9.348210E+01  1.433826E+02
 2.645000E+02  9.349880E+01  9.350306E+01  1.434619E+02
 2.647500E+02  9.351976E+01  9.352402E+01  1.435411E+02
 2.650000E+02  9.354071E+01  9.354497E+01  1.436202E+02
 2.652500E+02  9.356167E+01  9.356593E+01  1.436993E+02
 2.655000E+02  9.358262E+01  9.358688E+01  1.437782E+02
 2.657500E+02  9.360357E+01  9.360783E+01  1.438571E+02
 2.660000E+02  9.362452E+01  9.362878E+01  1.439359E+02
 2.662500E+02  9.364547E+01  9.364973E+01  1.440146E+02
 2.665000E+02  9.366641E+01  9.367067E+01  1.440932E+02
 2.667500E+02  9.368735E+01  9.369162E+01  1.441718E+02
 2.670000E+02  9.370829E+01  9.371256E+01  1.442503E+02
 2.672500E+02  9.372923E+01  9.373350E+01  1.443286E+02
 2.675000E+02  9.375017E+01  9.375443E+01  1.444069E+02
 2.677500E+02  9.377110E+01  9.377537E+01  1.444852E+02
 2.680000E+02  9.379204E+01  9.379630E+01  1.445633E+02
 2.682500E+02  9.381297E+01  9.381723E+01  1.446414E+02
 2.685000E+02  9.383389E+01  9.383816E+01  1.447194E+02
 2.687500E+02  9.385482E+01  9.385909E+01  1.447973E+02
 2.690000E+02  9.387574E+01  9.388001E+01  1.448751E+02
 2.692500E+02  9.389667E+01  9.390093E+01  1.449528E+02
 2.695000E+02  9.391759E+01  9.392185E+01  1.450305E+02
 2.697500E+02  9.393850E+01  9.394277E+01  1.451081E+02
 2.700000E+02  9.395942E+01  9.396369E+01  1.451856E+02
 2.702500E+02  9.398033E+01  9.398460E+01  1.452630E+02
 2.705000E+02  9.400125E+01  9.400551E+01  1.453403E+02
 2.707500E+02  9.402215E+01  9.402642E+01  1.454176E+02
 2.710000E+02  9.404306E+01  9.404733E+01  1.454948E+02
 2.712500E+02  9.406397E+01  9.406824E+01  1.455719E+02
 2.715000E+02  9.408487E+01  9.408914E+01  1.456489E+02
 2.717500E+02  9.410577E+01  9.411004E+01  1.457259E+02
 2.720000E+02  9.412667E+01  9.413094E+01  1.458027E+02
 2.722500E+02  9.414757E+01  9.415183E+01  1.458795E+02
 2.725000E+02  9.416846E+01  9.417273E+01  1.459562E+02
 2.727500E+02  9.418935E+01  9.419362E+01  1.460329E+02
 2.730000E+02  9.421024E+01  9.421451E+01  1.461094E+02
 2.732500E+02  9.423113E+01  9.423540E+01  1.461859E+02
 2.735000E+02  9.425202E+01  9.425629E+01  1.462623E+02
 2.737500E+02  9.427290E+01  9.427717E+01  1.463386E+02
 2.740000E+02  9.429378E+01  9.429805E+01  1.464149E+02
 2.742500E+02  9.431466E+01  9.431893E+01  1.464911E+02
 2.745000E+02  9.433554E+01  9.433981E+01  1.465672E+02
 2.747500E+02  9.435642E+01  9.436069E+01  1.466432E+02
 2.750000E+02  9.437729E+01  9.438156E+01  1.467191E+02
 2.752500E+02  9.439816E+01  9.440243E+01  1.467950E+02
 2.755000E+02  9.441903E+01  9.442330E+01  1.468708E+02
 2.757500E+02  9.443990E+01  9.444417E+01  1.469465E+02
 2.760000E+02  9.446076E+01  9.446504E+01  1.470221E+02
 2.762500E+02  9.448163E+01  9.448590E+01  1.470977E+02
 2.765000E+02  9.450249E+01  9.450676E+01  1.471732E+02
 2.767500E+02  9.452335E+01  9.452762E+01  1.472486E+02
 2.770000E+02  9.454421E+01  9.454848E+01  1.473239E+02
 2.772500E+02  9.456506E+01  9.456934E+01  1.473992E+02
 2.775000E+02  9.458592E+01  9.459019E+01  1.474743E+02
 2.777500E+02  9.460677E+01  9.461104E+01  1.475494E+02
 2.780000E+02  9.462762E+01  9.463190E+01  1.476245E+02
 2.782500E+02  9.464847E+01  9.465274E+01  1.476994E+02
 2.785000E+02  9.466932E+01  9.467359E+01  1.477743E+02
 2.787500E+02  9.469016E+01  9.469444E+01  1.478492E+02
 2.790000E+02  9.471100E+01  9.471528E+01  1.479239E+02
 2.792500E+02  9.473185E+01  9.473612E+01  1.479986E+02
 2.795000E+02  9.475269E+01  9.475696E+01  1.480732E+02
 2.797500E+02  9.477352E+01  9.477780E+01  1.481477E+02
 2.800000E+02  9.479436E+01  9.479864E+01  1.482221E+02
 2.802500E+02  9.481520E+01  9.481948E+01  1.482965E+02
 2.805000E+02  9.483603E+01  9.484031E+01  1.483708E+02
 2.807500E+02  9.485686E+01  9.486114E+01  1.484451E+02
 2.810000E+02  9.487769E+01  9.488197E+01  1.485192E+02
 2.812500E+02  9.489852E+01  9.490280E+01  1.485933E+02
 2.815000E+02  9.491935E+01  9.492363E+01  1.486673E+02
 2.817500E+02  9.494018E+01  9.494446E+01  1.487413E+02
 2.820000E+02  9.496100E+01  9.496528E+01  1.488152E+02
 2.822500E+02  9.498183E+01  9.498611E+01  1.488890E+02
 2.825000E+02  9.500265E+01  9.500693E+01  1.489627E+02
 2.827500E+02  9.502347E+01  9.502775E+01  1.490364E+02
 2.830000E+02  9.504429E+01  9.504857E+01  1.491100E+02
 2.832500E+02  9.506511E+01  9.506939E+01  1.491835E+02
 2.835000E+02  9.508593E+01  9.509021E+01  1.492570E+02
 2.837500E+02  9.510674E+01  9.511102E+01  1.493304E+02
 2.840000E+02  9.512756E+01  9.513184E+01  1.494037E+02
 2.842500E+02  9.514837E+01  9.515265E+01  1.494770E+02
 2.845000E+02  9.516918E+01  9.517347E+01  1.495502E+02
 2.847500E+02  9.519000E+01  9.519428E+01  1.496233E+02
 2.850000E+02  9.521081E+01  9.521509E+01  1.496963E+02
 2.852500E+02  9.523162E+01  9.523590E+01  1.497693E+02
 2.855000E+02  9.525243E+01  9.525671E+01  1.498423E+02
 2.857500E+02  9.527324E+01  9.527752E+01  1.499151E+02
 2.860000E+02  9.529405E+01  9.529833E+01  1.499879E+02
 2.862500E+02  9.531485E+01  9.531914E+01  1.500606E+02
 2.865000E+02  9.533566E+01  9.533995E+01  1.501333E+02
 2.867500E+02  9.535647E+01  9.536075E+01  1.502059E+02
 2.870000E+02  9.537727E+01  9.538156E+01  1.502784E+02
 2.872500E+02  9.539808E+01  9.540236E+01  1.503509E+02
 2.875000E+02  9.541888E+01  9.542317E+01  1.504233E+02
 2.877500E+02  9.543969E+01  9.544397E+01  1.504956E+02
 2.880000E+02  9.546049E+01  9.546478E+01  1.505679E+02
 2.882500E+02  9.548129E+01  9.548558E+01  1.506401E+02
 2.885000E+02  9.550210E+01  9.550639E+01  1.507122E+02
 2.887500E+02  9.552290E+01  9.552719E+01  1.507843E+02
 2.890000E+02  9.554370E+01  9.554799E+01  1.508563E+02
 2.892500E+02  9.556451E+01  9.556880E+01  1.509282E+02
 2.895000E+02  9.558531E+01  9.558960E+01  1.510001E+02
 2.897500E+02  9.560611E+01  9.561040E+01  1.510720E+02
 2.900000E+02  9.562692E+01  9.563120E+01  1.511437E+02
 2.902500E+02  9.564772E+01  9.565201E+01  1.512154E+02
 2.905000E+02  9.566852E+01  9.567281E+01  1.512871E+02
 2.907500E+02  9.568933E+01  9.569361E+01  1.513587E+02
 2.910000E+02  9.571013E+01  9.571442E+01  1.514302E+02
 2.912500E+02  9.573093E+01  9.573522E+01  1.515016E+02
 2.915000E+02  9.575174E+01  9.575603E+01  1.515730E+02
 2.917500E+02  9.577254E+01  9.577683E+01  1.516444E+02
 2.920000E+02  9.579335E+01  9.579764E+01  1.517157E+02
 2.922500E+02  9.581415E+01  9.581844E+01  1.517869E+02
 2.925000E+02  9.583496E+01  9.583925E+01  1.518581E+02
 2.927500E+02  9.585577E+01  9.586006E+01  1.519292E+02
 2.930000E+02  9.587657E+01  9.588087E+01  1.520002E+02
 2.932500E+02  9.589738E+01  9.590168E+01  1.520712E+02
 2.935000E+02  9.591819E+01  9.592249E+01  1.521421E+02
 2.937500E+02  9.593900E+01  9.594330E+01  1.522130E+02
 2.940000E+02  9.595981E+01  9.596411E+01  1.522838E+02
 2.942500E+02  9.598063E+01  9.598492E+01  1.523546E+02
 2.945000E+02  9.600144E+01  9.600573E+01  1.524253E+02
 2.947500E+02  9.602225E+01  9.602655E+01  1.524959E+02
 2.950000E+02  9.604307E+01  9.604736E+01  1.525665E+02
 2.952500E+02  9.606389E+01  9.606818E+01  1.526371E+02
 2.955000E+02  9.608471E+01  9.608900E+01  1.527076E+02
 2.957500E+02  9.610553E+01  9.610982E+01  1.527780E+02
 2.960000E+02  9.612635E+01  9.613064E+01  1.528484E+02
 2.962500E+02  9.614717E+01  9.615147E+01  1.529187E+02
 2.965000E+02  9.616800E+01  9.617229E+01  1.529889E+02
 2.967500E+02  9.618882E+01  9.619312E+01  1.530592E+02
 2.970000E+02  9.620965E+01  9.621395E+01  1.531293E+02
 2.972500E+02  9.623048E+01  9.623478E+01  1.531994E+02
 2.975000E+02  9.625131E+01  9.625561E+01  1.532695E+02
 2.977500E+02  9.627215E+01  9.627644E+01  1.533395E+02
 2.980000E+02  9.629298E+01  9.629728E+01  1.534094E+02
 2.982500E+02  9.631382E+01  9.631812E+01  1.534793E+02
 2.985000E+02  9.633466E+01  9.633896E+01  1.535492E+02
 2.987500E+02  9.635550E+01  9.635980E+01  1.536190E+02
 2.990000E+02  9.637635E+01  9.638064E+01  1.536887E+02
 2.992500E+02  9.639719E+01  9.640149E+01  1.537584E+02
 2.995000E+02  9.641804E+01  9.642234E+01  1.538280E+02
 2.997500E+02  9.643889E+01  9.644319E+01  1.538976E+02
 3.000000E+02  9.645975E+01  9.646405E+01  1.539672E+02
 3.002500E+02  9.648060E+01  9.648490E+01  1.540367E+02
 3.005000E+02  9.650146E+01  9.650576E+01  1.541061E+02
 3.007500E+02  9.652233E+01  9.652663E+01  1.541755E+02
 3.010000E+02  9.654319E+01  9.654749E+01  1.542449E+02
 3.012500E+02  9.656406E+01  9.656836E+01  1.543142E+02
 3.015000E+02  9.658493E+01  9.658923E+01  1.543834E+02
 3.017500E+02  9.660581E+01  9.661011E+01  1.544526E+02
 3.020000E+02  9.662669E+01  9.663099E+01  1.545218E+02
 3.022500E+02  9.664757E+01  9.665187E+01  1.545909E+02
 3.025000E+02  9.666845E+01  9.667275E+01  1.546600E+02
 3.027500E+02  9.668934E+01  9.669364E+01  1.547290E+02
 3.030000E+02  9.671023E+01  9.671453E+01  1.547980E+02
 3.032500E+02  9.673112E+01  9.673543E+01  1.548669E+02
 3.035000E+02  9.675202E+01  9.675633E+01  1.549358E+02
 3.037500E+02  9.677293E+01  9.677723E+01  1.550046E+02
 3.040000E+02  9.679383E+01  9.679814E+01  1.550734E+02
 3.042500E+02  9.681474E+01  9.681905E+01  1.551422E+02
 3.045000E+02  9.683565E+01  9.683996E+01  1.552109E+02
 3.047500E+02  9.685657E+01  9.686088E+01  1.552796E+02
 3.050000E+02  9.687749E+01  9.688180E+01  1.553482E+02
 3.052500E+02  9.689842E+01  9.690273E+01  1.554168E+02
 3.055000E+02  9.691935E+01  9.692366E+01  1.554853E+02
 3.057500E+02  9.694029E+01  9.694459E+01  1.555538E+02
 3.060000E+02  9.696122E+01  9.696553E+01  1.556223E+02
 3.062500E+02  9.698217E+01  9.698647E+01  1.556907E+02
 3.065000E+02  9.700312E+01  9.700742E+01  1.557591E+02
 3.067500E+02  9.702407E+01  9.702838E+01  1.558274E+02
 3.070000E+02  9.704503E+01  9.704933E+01  1.558957E+02
 3.072500E+02  9.706599E+01  9.707030E+01  1.559640E+02
 3.075000E+02  9.708696E+01  9.709126E+01  1.560322E+02
 3.077500E+02  9.710793E+01  9.711224E+01  1.561004E+02
 3.080000E+02  9.712891E+01  9.713322E+01  1.561685E+02
 3.082500E+02  9.714989E+01  9.715420E+01  1.562366E+02
 3.085000E+02  9.717088E+01  9.717519E+01  1.563046E+02
 3.087500E+02  9.719187E+01  9.719618E+01  1.563727E+02
 3.090000E+02  9.721287E+01  9.721718E+01  1.564407E+02
 3.092500E+02  9.723387E+01  9.723818E+01  1.565086E+02
 3.095000E+02  9.725488E+01  9.725919E+01  1.565765E+02
 3.097500E+02  9.727590E+01  9.728021E+01  1.566444E+02
 3.100000E+02  9.729692E+01  9.730123E+01  1.567122E+02
 3.102500E+02  9.731795E+01  9.732226E+01  1.567800E+02
 3.105000E+02  9.733898E+01  9.734329E+01  1.568478E+02
 3.107500E+02  9.736002E+01  9.736433E+01  1.569155E+02
 3.110000E+02  9.738106E+01  9.738537E+01  1.569832E+02
 3.112500E+02  9.740211E+01  9.740643E+01  1.570509E+02
 3.115000E+02  9.742317E+01  9.742748E+01  1.571185E+02
 3.117500E+02  9.744423E+01  9.744855E+01  1.571861E+02
 3.120000E+02  9.746530E+01  9.746962E+01  1.572537E+02
 3.122500E+02  9.748638E+01  9.749069E+01  1.573212E+02
 3.125000E+02  9.750746E+01  9.751178E+01  1.573887E+02
 3.127500E+02  9.752855E+01  9.753287E+01  1.574561E+02
 3.130000E+02  9.754965E+01  9.755396E+01  1.575236E+02
 3.132500E+02  9.757075E+01  9.757507E+01  1.575910E+02
 3.135000E+02  9.759186E+01  9.759618E+01  1.576583E+02
 3.137500E+02  9.761298E+01  9.761730E+01  1.577257E+02
 3.140000E+02  9.763411E+01  9.763842E+01  1.577930E+02
 3.142500E+02  9.765524E+01  9.765955E+01  1.578603E+02
 3.145000E+02  9.767638E+01  9.768069E+01  1.579275E+02
 3.147500E+02  9.769752E+01  9.770184E+01  1.579947E+02
 3.150000E+02  9.771868E+01  9.772299E+01  1.580619E+02
 3.152500E+02  9.773984E+01  9.774416E+01  1.581290E+02
 3.155000E+02  9.776101E+01  9.776533E+01  1.581962E+02
 3.157500E+02  9.778219E+01  9.778650E+01  1.582633E+02
 3.160000E+02  9.780337E+01  9.780769E+01  1.583303E+02
 3.162500E+02  9.782456E+01  9.782888E+01  1.583974E+02
 3.165000E+02  9.784576E+01  9.785008E+01  1.584644E+02
 3.167500E+02  9.786697E+01  9.787129E+01  1.585314E+02
 3.170000E+02  9.788819E+01  9.789251E+01  1.585983E+02
 3.172500E+02  9.790942E+01  9.791373E+01  1.586653E+02
 3.175000E+02  9.793065E+01  9.793497E+01  1.587322E+02
 3.177500E+02  9.795189E+01  9.795621E+01  1.587990E+02
 3.180000E+02  9.797314E+01  9.797746E+01  1.588659E+02
 3.182500E+02  9.799440E+01  9.799872E+01  1.589327E+02
 3.185000E+02  9.801567E+01  9.801999E+01  1.589995E+02
 3.187500E+02  9.803695E+01  9.804127E+01  1.590663E+02
 3.190000E+02  9.805823E+01  9.806255E+01  1.591331E+02
 3.192500E+02  9.807953E+01  9.808385E+01  1.591998E+02
 3.195000E+02  9.810083E+01  9.810515E+01  1.592665E+02
 3.197500E+02  9.812214E+01  9.812647E+01  1.593332E+02
 3.200000E+02  9.814347E+01  9.814779E+01  1.593998E+02
 3.202500E+02  9.816480E+01  9.816912E+01  1.594665E+02
 3.205000E+02  9.818614E+01  9.819046E+01  1.595331E+02
 3.207500E+02  9.820749E+01  9.821181E+01  1.595997E+02
 3.210000E+02  9.822885E+01  9.823318E+01  1.596663E+02
 3.212500E+02  9.825022E+01  9.825455E+01  1.597328E+02
 3.215000E+02  9.827160E+01  9.827593E+01  1.597993E+02
 3.217500E+02  9.829299E+01  9.829732E+01  1.598658E+02
 3.220000E+02  9.831439E+01  9.831872E+01  1.599323E+02
 3.222500E+02  9.833580E+01  9.834013E+01  1.599988E+02
 3.225000E+02  9.835722E+01  9.836155E+01  1.600652E+02
 3.227500E+02  9.837866E+01  9.838298E+01  1.601317E+02
 3.230000E+02  9.840010E+01  9.840442E+01  1.601981E+02
 3.232500E+02  9.842155E+01  9.842587E+01  1.602645E+02
 3.235000E+02  9.844301E+01  9.844734E+01  1.603308E+02
 3.237500E+02  9.846449E+01  9.846881E+01  1.603972E+02
 3.240000E+02  9.848597E+01  9.849030E+01  1.604635E+02
 3.242500E+02  9.850746E+01  9.851179E+01  1.605299E+02
 3.245000E+02  9.852897E+01  9.853330E+01  1.605962E+02
 3.247500E+02  9.855049E+01  9.855481E+01  1.606624E+02
 3.250000E+02  9.857202E+01  9.857634E+01  1.607287E+02
 3.252500E+02  9.859355E+01  9.859788E+01  1.607950E+02
 3.255000E+02  9.861511E+01  9.861943E+01  1.608612E+02
 3.257500E+02  9.863667E+01  9.864100E+01  1.609274E+02
 3.260000E+02  9.865824E+01  9.866257E+01  1.609936E+02
 3.262500E+02  9.867983E+01  9.868416E+01  1.610598E+02
 3.265000E+02  9.870142E+01  9.870575E+01  1.611260E+02
 3.267500E+02  9.872303E+01  9.872736E+01  1.611921E+02
 3.270000E+02  9.874466E+01  9.874898E+01  1.612583E+02
 3.272500E+02  9.876629E+01  9.877062E+01  1.613244E+02
 3.275000E+02  9.878793E+01  9.879226E+01  1.613905E+02
 3.277500E+02  9.880959E+01  9.881392E+01  1.614566E+02
 3.280000E+02  9.883126E+01  9.883559E+01  1.615227E+02
 3.282500E+02  9.885294E+01  9.885727E+01  1.615888E+02
 3.285000E+02  9.887464E+01  9.887897E+01  1.616549E+02
 3.287500E+02  9.889635E+01  9.890068E+01  1.617209E+02
 3.290000E+02  9.891807E+01  9.892240E+01  1.617870E+02
 3.292500E+02  9.893980E+01  9.894413E+01  1.618530E+02
 3.295000E+02  9.896154E+01  9.896588E+01  1.619190E+02
 3.297500E+02  9.898330E+01  9.898764E+01  1.619850E+02
 3.300000E+02  9.900508E+01  9.900941E+01  1.620510E+02
 3.302500E+02  9.902686E+01  9.903119E+01  1.621170E+02
 3.305000E+02  9.904866E+01  9.905299E+01  1.621830E+02
 3.307500E+02  9.907047E+01  9.907480E+01  1.622490E+02
 3.310000E+02  9.909230E+01  9.909663E+01  1.623150E+02
 3.312500E+02  9.911414E+01  9.911847E+01  1.623809E+02
 3.315000E+02  9.913599E+01  9.914032E+01  1.624469E+02
 3.317500E+02  9.915785E+01  9.916219E+01  1.625128E+02
 3.320000E+02  9.917973E+01  9.918407E+01  1.625787E+02
 3.322500E+02  9.920163E+01  9.920596E+01  1.626446E+02
 3.325000E+02  9.922354E+01  9.922787E+01  1.627106E+02
 3.327500E+02  9.924546E+01  9.924980E+01  1.627765E+02
 3.330000E+02  9.926740E+01  9.927173E+01  1.628424E+02
 3.332500E+02  9.928935E+01  9.929368E+01  1.629083E+02
 3.335000E+02  9.931131E+01  9.931565E+01  1.629742E+02
 3.337500E+02  9.933329E+01  9.933763E+01  1.630400E+02
 3.340000E+02  9.935529E+01  9.935963E+01  1.631059E+02
 3.342500E+02  9.937730E+01  9.938164E+01  1.631718E+02
 3.345000E+02  9.939932E+01  9.940366E+01  1.632377E+02
 3.347500E+02  9.942136E+01  9.942570E+01  1.633035E+02
 3.350000E+02  9.944342E+01  9.944776E+01  1.633694E+02
 3.352500E+02  9.946549E+01  9.946983E+01  1.634352E+02
 3.355000E+02  9.948757E+01  9.949191E+01  1.635011E+02
 3.357500E+02  9.950967E+01  9.951401E+01  1.635670E+02
 3.360000E+02  9.953179E+01  9.953613E+01  1.636328E+02
 3.362500E+02  9.955392E+01  9.955826E+01  1.636986E+02
 3.365000E+02  9.957607E+01  9.958041E+01  1.637645E+02
 3.367500E+02  9.959823E+01  9.960257E+01  1.638303E+02
 3.370000E+02  9.962041E+01  9.962475E+01  1.638962E+02
 3.372500E+02  9.964261E+01  9.964695E+01  1.639620E+02
 3.375000E+02  9.966482E+01  9.966916E+01  1.640278E+02
 3.377500E+02  9.968704E+01  9.969139E+01  1.640937E+02
 3.380000E+02  9.970929E+01  9.971363E+01  1.641595E+02
 3.382500E+02  9.973155E+01  9.973589E+01  1.642253E+02
 3.385000E+02  9.975382E+01  9.975817E+01  1.642912E+02
 3.387500E+02  9.977612E+01  9.978046E+01  1.643570E+02
 3.390000E+02  9.979843E+01  9.980277E+01  1.644228E+02
 3.392500E+02  9.982075E+01  9.982510E+01  1.644887E+02
 3.395000E+02  9.984310E+01  9.984744E+01  1.645545E+02
 3.397500E+02  9.986546E+01  9.986980E+01  1.646204E+02
 3.400000E+02  9.988783E+01  9.989218E+01  1.646862E+02
 3.402500E+02  9.991023E+01  9.991457E+01  1.647520E+02
 3.405000E+02  9.993264E+01  9.993698E+01  1.648179E+02
 3.407500E+02  9.995507E+01  9.995941E+01  1.648837E+02
 3.410000E+02  9.997751E+01  9.998186E+01  1.649496E+02
 3.412500E+02  9.999998E+01  1.000043E+02  1.650154E+02
 3.415000E+02  1.000225E+02  1.000268E+02  1.650813E+02
 3.417500E+02  1.000450E+02  1.000493E+02  1.651472E+02
 3.420000E+02  1.000675E+02  1.000718E+02  1.652130E+02
 3.422500E+02  1.000900E+02  1.000944E+02  1.652789E+02
 3.425000E+02  1.001126E+02  1.001169E+02  1.653448E+02
 3.427500E+02  1.001351E+02  1.001395E+02  1.654106E+02
 3.430000E+02  1.001577E+02  1.001621E+02  1.654765E+02
 3.432500E+02  1.001803E+02  1.001847E+02  1.655424E+02
 3.435000E+02  1.002030E+02  1.002073E+02  1.656083E+02
 3.437500E+02  1.002256E+02  1.002300E+02  1.656742E+02
 3.440000E+02  1.002483E+02  1.002526E+02  1.657401E+02
 3.442500E+02  1.002710E+02  1.002753E+02  1.658060E+02
 3.445000E+02  1.002937E+02  1.002980E+02  1.658720E+02
 3.447500E+02  1.003164E+02  1.003207E+02  1.659379E+02
 3.450000E+02  1.003391E+02  1.003435E+02  1.660038E+02
 3.452500E+02  1.003619E+02  1.003662E+02  1.660698E+02
 3.455000E+02  1.003847E+02  1.003890E+02  1.661357E+02
 3.457500E+02  1.004075E+02  1.004118E+02  1.662017E+02
 3.460000E+02  1.004303E+02  1.004346E+02  1.662677E+02
 3.462500E+02  1.004531E+02  1.004575E+02  1.663336E+02
 3.465000E+02  1.004760E+02  1.004803E+02  1.663996E+02
 3.467500E+02  1.004988E+02  1.005032E+02  1.664656E+02
 3.470000E+02  1.005217E+02  1.005261E+02  1.665316E+02
 3.472500E+02  1.005447E+02  1.005490E+02  1.665976E+02
 3.475000E+02  1.005676E+02  1.005719E+02  1.666637E+02
 3.477500E+02  1.005905E+02  1.005949E+02  1.667297E+02
 3.480000E+02  1.006135E+02  1.006179E+02  1.667958E+02
 3.482500E+02  1.006365E+02  1.006409E+02  1.668618E+02
 3.485000E+02  1.006595E+02  1.006639E+02  1.669279E+02
 3.487500E+02  1.006826E+02  1.006869E+02  1.669940E+02
 3.490000E+02  1.007056E+02  1.007100E+02  1.670601E+02
 3.492500E+02  1.007287E+02  1.007331E+02  1.671262E+02
 3.495000E+02  1.007518E+02  1.007562E+02  1.671923E+02
 3.497500E+02  1.007749E+02  1.007793E+02  1.672584E+02
 3.500000E+02  1.007981E+02  1.008024E+02  1.673246E+02
 3.502500E+02  1.008212E+02  1.008256E+02  1.673907E+02
 3.505000E+02  1.008444E+02  1.008488E+02  1.674569E+02
 3.507500E+02  1.008676E+02  1.008720E+02  1.675231E+02
 3.510000E+02  1.008909E+02  1.008952E+02  1.675893E+02
 3.512500E+02  1.009141E+02  1.009185E+02  1.676555E+02
 3.515000E+02  1.009374E+02  1.009417E+02  1.677218E+02
 3.517500E+02  1.009607E+02  1.009650E+02  1.677880E+02
 3.520000E+02  1.009840E+02  1.009883E+02  1.678543E+02
 3.522500E+02  1.010073E+02  1.010117E+02  1.679205E+02
 3.525000E+02  1.010307E+02  1.010350E+02  1.679868E+02
 3.527500E+02  1.010541E+02  1.010584E+02  1.680531E+02
 3.530000E+02  1.010775E+02  1.010818E+02  1.681195E+02
 3.532500E+02  1.011009E+02  1.011053E+02  1.681858E+02
 3.535000E+02  1.011243E+02  1.011287E+02  1.682522E+02
 3.537500E+02  1.011478E+02  1.011522E+02  1.683185E+02
 3.540000E+02  1.011713E+02  1.011757E+02  1.683849E+02
 3.542500E+02  1.011948E+02  1.011992E+02  1.684513E+02
 3.545000E+02  1.012184E+02  1.012227E+02  1.685178E+02
 3.547500E+02  1.012419E+02  1.012463E+02  1.685842E+02
 3.550000E+02  1.012655E+02  1.012699E+02  1.686507E+02
 3.552500E+02  1.012891E+02  1.012935E+02  1.687172E+02
 3.555000E+02  1.013128E+02  1.013171E+02  1.687837E+02
 3.557500E+02  1.013364E+02  1.013408E+02  1.688502E+02
 3.560000E+02  1.013601E+02  1.013645E+02  1.689167E+02
 3.562500E+02  1.013838E+02  1.013882E+02  1.689833E+02
 3.565000E+02  1.014075E+02  1.014119E+02  1.690499E+02
 3.567500E+02  1.014313E+02  1.014356E+02  1.691165E+02
 3.570000E+02  1.014551E+02  1.014594E+02  1.691831E+02
 3.572500E+02  1.014789E+02  1.014832E+02  1.692497E+02
 3.575000E+02  1.015027E+02  1.015070E+02  1.693164E+02
 3.577500E+02  1.015265E+02  1.015309E+02  1.693831E+02
 3.580000E+02  1.015504E+02  1.015548E+02  1.694498E+02
 3.582500E+02  1.015743E+02  1.015787E+02  1.695165E+02
 3.585000E+02  1.015982E+02  1.016026E+02  1.695832E+02
 3.587500E+02  1.016222E+02  1.016265E+02  1.696500E+02
 3.590000E+02  1.016461E+02  1.016505E+02  1.697168E+02
 3.592500E+02  1.016701E+02  1.016745E+02  1.697836E+02
 3.595000E+02  1.016941E+02  1.016985E+02  1.698505E+02
 3.597500E+02  1.017182E+02  1.017226E+02  1.699173E+02
 3.600000E+02  1.017423E+02  1.017466E+02  1.699842E+02
 3.602500E+02  1.017663E+02  1.017707E+02  1.700511E+02
 3.605000E+02  1.017905E+02  1.017948E+02  1.701180E+02
 3.607500E+02  1.018146E+02  1.018190E+02  1.701850E+02
 3.610000E+02  1.018388E+02  1.018432E+02  1.702520E+02
 3.612500E+02  1.018630E+02  1.018674E+02  1.703190E+02
 3.615000E+02  1.018872E+02  1.018916E+02  1.703860E+02
 3.617500E+02  1.019115E+02  1.019158E+02  1.704531E+02
 3.620000E+02  1.019357E+02  1.019401E+02  1.705202E+02
 3.622500E+02  1.019600E+02  1.019644E+02  1.705873E+02
 3.625000E+02  1.019844E+02  1.019887E+02  1.706544E+02
 3.627500E+02  1.020087E+02  1.020131E+02  1.707216E+02
 3.630000E+02  1.020331E+02  1.020375E+02  1.707887E+02
 3.632500E+02  1.020575E+02  1.020619E+02  1.708559E+02
 3.635000E+02  1.020819E+02  1.020863E+02  1.709232E+02
 3.637500E+02  1.021064E+02  1.021108E+02  1.709905E+02
 3.640000E+02  1.021309E+02  1.021352E+02  1.710577E+02
 3.642500E+02  1.021554E+02  1.021598E+02  1.711251E+02
 3.645000E+02  1.021799E+02  1.021843E+02  1.711924E+02
 3.647500E+02  1.022045E+02  1.022089E+02  1.712598E+02
 3.650000E+02  1.022291E+02  1.022335E+02  1.713272E+02
 3.652500E+02  1.022537E+02  1.022581E+02  1.713946E+02
 3.655000E+02  1.022784E+02  1.022827E+02  1.714621E+02
 3.657500E+02  1.023030E+02  1.023074E+02  1.715296E+02
 3.660000E+02  1.023277E+02  1.023321E+02  1.715971E+02
 3.662500E+02  1.023525E+02  1.023568E+02  1.716646E+02
 3.665000E+02  1.023772E+02  1.023816E+02  1.717322E+02
 3.667500E+02  1.024020E+02  1.024064E+02  1.717998E+02
 3.670000E+02  1.024268E+02  1.024312E+02  1.718675E+02
 3.672500E+02  1.024517E+02  1.024560E+02  1.719351E+02
 3.675000E+02  1.024765E+02  1.024809E+02  1.720028E+02
 3.677500E+02  1.025014E+02  1.025058E+02  1.720705E+02
 3.680000E+02  1.025264E+02  1.025307E+02  1.721383E+02
 3.682500E+02  1.025513E+02  1.025557E+02  1.722061E+02
 3.685000E+02  1.025763E+02  1.025807E+02  1.722739E+02
 3.687500E+02  1.026013E+02  1.026057E+02  1.723418E+02
 3.690000E+02  1.026263E+02  1.026307E+02  1.724096E+02
 3.692500E+02  1.026514E+02  1.026558E+02  1.724776E+02
 3.695000E+02  1.026765E+02  1.026809E+02  1.725455E+02
 3.697500E+02  1.027016E+02  1.027060E+02  1.726135E+02
 3.700000E+02  1.027268E+02  1.027312E+02  1.726815E+02
 3.702500E+02  1.027520E+02  1.027564E+02  1.727496E+02
 3.705000E+02  1.027772E+02  1.027816E+02  1.728177E+02
 3.707500E+02  1.028024E+02  1.028068E+02  1.728858E+02
 3.710000E+02  1.028277E+02  1.028321E+02  1.729539E+02
 3.712500E+02  1.028530E+02  1.028574E+02  1.730221E+02
 3.715000E+02  1.028784E+02  1.028827E+02  1.730903E+02
 3.717500E+02  1.029037E+02  1.029081E+02  1.731586E+02
 3.720000E+02  1.029291E+02  1.029335E+02  1.732268E+02
 3.722500E+02  1.029545E+02  1.029589E+02  1.732951E+02
 3.725000E+02  1.029800E+02  1.029844E+02  1.733635E+02
 3.727500E+02  1.030055E+02  1.030098E+02  1.734319E+02
 3.730000E+02  1.030310E+02  1.030354E+02  1.735003E+02
 3.732500E+02  1.030565E+02  1.030609E+02  1.735688E+02
 3.735000E+02  1.030821E+02  1.030865E+02  1.736372E+02
 3.737500E+02  1.031077E+02  1.031121E+02  1.737058E+02
 3.740000E+02  1.031333E+02  1.031377E+02  1.737743E+02
 3.742500E+02  1.031590E+02  1.031634E+02  1.738429E+02
 3.745000E+02  1.031847E+02  1.031891E+02  1.739116E+02
 3.747500E+02  1.032104E+02  1.032148E+02  1.739802E+02
 3.750000E+02  1.032362E+02  1.032405E+02  1.740489E+02
 3.752500E+02  1.032619E+02  1.032663E+02  1.741177E+02
 3.755000E+02  1.032878E+02  1.032922E+02  1.741865E+02
 3.757500E+02  1.033136E+02  1.033180E+02  1.742553E+02
 3.760000E+02  1.033395E+02  1.033439E+02  1.743241E+02
 3.762500E+02  1.033654E+02  1.033698E+02  1.743930E+02
 3.765000E+02  1.033913E+02  1.033957E+02  1.744620E+02
 3.767500E+02  1.034173E+02  1.034217E+02  1.745309E+02
 3.770000E+02  1.034433E+02  1.034477E+02  1.745999E+02
 3.772500E+02  1.034694E+02  1.034738E+02  1.746690E+02
 3.775000E+02  1.034954E+02  1.034998E+02  1.747381E+02
 3.777500E+02  1.035215E+02  1.035259E+02  1.748072E+02
 3.780000E+02  1.035477E+02  1.035521E+02  1.748763E+02
 3.782500E+02  1.035738E+02  1.035782E+02  1.749455E+02
 3.785000E+02  1.036000E+02  1.036044E+02  1.750148E+02
 3.787500E+02  1.036263E+02  1.036307E+02  1.750840E+02
 3.790000E+02  1.036525E+02  1.036569E+02  1.751534E+02
 3.792500E+02  1.036788E+02  1.036832E+02  1.752227E+02
 3.795000E+02  1.037051E+02  1.037095E+02  1.752921E+02
 3.797500E+02  1.037315E+02  1.037359E+02  1.753615E+02
 3.800000E+02  1.037579E+02  1.037623E+02  1.754310E+02
 3.802500E+02  1.037843E+02  1.037887E+02  1.755005E+02
 3.805000E+02  1.038108E+02  1.038152E+02  1.755701E+02
 3.807500E+02  1.038373E+02  1.038417E+02  1.756397E+02
 3.810000E+02  1.038638E+02  1.038682E+02  1.757093E+02
 3.812500E+02  1.038903E+02  1.038947E+02  1.757790E+02
 3.815000E+02  1.039169E+02  1.039213E+02  1.758487E+02
 3.817500E+02  1.039436E+02  1.039480E+02  1.759185E+02
 3.820000E+02  1.039702E+02  1.039746E+02  1.759883E+02
 3.822500E+02  1.039969E+02  1.040013E+02  1.760581E+02
 3.825000E+02  1.040236E+02  1.040280E+02  1.761280E+02
 3.827500E+02  1.040504E+02  1.040548E+02  1.761979E+02
 3.830000E+02  1.040772E+02  1.040816E+02  1.762679E+02
 3.832500E+02  1.041040E+02  1.041084E+02  1.763379E+02
 3.835000E+02  1.041308E+02  1.041352E+02  1.764080E+02
 3.837500E+02  1.041577E+02  1.041621E+02  1.764781E+02
 3.840000E+02  1.041847E+02  1.041891E+02  1.765482E+02
 3.842500E+02  1.042116E+02  1.042160E+02  1.766184E+02
 3.845000E+02  1.042386E+02  1.042430E+02  1.766886E+02
 3.847500E+02  1.042656E+02  1.042700E+02  1.767589E+02
 3.850000E+02  1.042927E+02  1.042971E+02  1.768292E+02
 3.852500E+02  1.043198E+02  1.043242E+02  1.768995E+02
 3.855000E+02  1.043469E+02  1.043513E+02  1.769699E+02
 3.857500E+02  1.043741E+02  1.043785E+02  1.770404E+02
 3.860000E+02  1.044013E+02  1.044057E+02  1.771109E+02
 3.862500E+02  1.044285E+02  1.044329E+02  1.771814E+02
 3.865000E+02  1.044558E+02  1.044602E+02  1.772519E+02
 3.867500E+02  1.044831E+02  1.044875E+02  1.773226E+02
 3.870000E+02  1.045104E+02  1.045148E+02  1.773932E+02
 3.872500E+02  1.045378E+02  1.045422E+02  1.774639E+02
 3.875000E+02  1.045652E+02  1.045696E+02  1.775347E+02
 3.877500E+02  1.045926E+02  1.045970E+02  1.776055E+02
 3.880000E+02  1.046201E+02  1.046245E+02  1.776763E+02
 3.882500E+02  1.046476E+02  1.046520E+02  1.777472E+02
 3.885000E+02  1.046752E+02  1.046796E+02  1.778181E+02
 3.887500E+02  1.047027E+02  1.047071E+02  1.778891E+02
 3.890000E+02  1.047304E+02  1.047348E+02  1.779601E+02
 3.892500E+02  1.047580E+02  1.047624E+02  1.780312E+02
 3.895000E+02  1.047857E+02  1.047901E+02  1.781023E+02
 3.897500E+02  1.048134E+02  1.048178E+02  1.781734E+02
 3.900000E+02  1.048412E+02  1.048456E+02  1.782446E+02
 3.902500E+02  1.048690E+02  1.048734E+02  1.783159E+02
 3.905000E+02  1.048968E+02  1.049012E+02  1.783871E+02
 3.907500E+02  1.049247E+02  1.049291E+02  1.784585E+02
 3.910000E+02  1.049526E+02  1.049570E+02  1.785299E+02
 3.912500E+02  1.049805E+02  1.049849E+02  1.786013E+02
 3.915000E+02  1.050085E+02  1.050129E+02  1.786727E+02
 3.917500E+02  1.050365E+02  1.050409E+02  1.787443E+02
 3.920000E+02  1.050645E+02  1.050689E+02  1.788158E+02
 3.922500E+02  1.050926E+02  1.050970E+02  1.788874E+02
 3.925000E+02  1.051207E+02  1.051251E+02  1.789591E+02
 3.927500E+02  1.051489E+02  1.051533E+02  1.790308E+02
 3.930000E+02  1.051770E+02  1.051815E+02  1.791025E+02
 3.932500E+02  1.052053E+02  1.052097E+02  1.791743E+02
 3.935000E+02  1.052335E+02  1.052380E+02  1.792462E+02
 3.937500E+02  1.052618E+02  1.052662E+02  1.793181E+02
 3.940000E+02  1.052902E+02  1.052946E+02  1.793900E+02
 3.942500E+02  1.053185E+02  1.053230E+02  1.794620E+02
 3.945000E+02  1.053469E+02  1.053514E+02  1.795340E+02
 3.947500E+02  1.053754E+02  1.053798E+02  1.796061E+02
 3.950000E+02  1.054039E+02  1.054083E+02  1.796782E+02
 3.952500E+02  1.054324E+02  1.054368E+02  1.797504E+02
 3.955000E+02  1.054609E+02  1.054653E+02  1.798226E+02
 3.957500E+02  1.054895E+02  1.054939E+02  1.798949E+02
 3.960000E+02  1.055181E+02  1.055226E+02  1.799672E+02
 3.962500E+02  1.055468E+02  1.055512E+02  1.800395E+02
 3.965000E+02  1.055755E+02  1.055799E+02  1.801120E+02
 3.967500E+02  1.056042E+02  1.056087E+02  1.801844E+02
 3.970000E+02  1.056330E+02  1.056374E+02  1.802569E+02
 3.972500E+02  1.056618E+02  1.056663E+02  1.803295E+02
 3.975000E+02  1.056907E+02  1.056951E+02  1.804020E+02
 3.977500E+02  1.057196E+02  1.057240E+02  1.804747E+02
 3.980000E+02  1.057485E+02  1.057529E+02  1.805474E+02
 3.982500E+02  1.057774E+02  1.057819E+02  1.806201E+02
 3.985000E+02  1.058064E+02  1.058109E+02  1.806929E+02
 3.987500E+02  1.058355E+02  1.058399E+02  1.807657E+02
 3.990000E+02  1.058645E+02  1.058690E+02  1.808386E+02
 3.992500E+02  1.058936E+02  1.058981E+02  1.809115E+02
 3.995000E+02  1.059228E+02  1.059272E+02  1.809845E+02
 3.997500E+02  1.059520E+02  1.059564E+02  1.810575E+02
 4.000000E+02  1.059812E+02  1.059856E+02  1.811306E+02
 4.002500E+02  1.060104E+02  1.060149E+02  1.812037E+02
 4.005000E+02  1.060397E+02  1.060442E+02  1.812769E+02
 4.007500E+02  1.060691E+02  1.060735E+02  1.813501E+02
 4.010000E+02  1.060984E+02  1.061029E+02  1.814234E+02
 4.012500E+02  1.061278E+02  1.061323E+02  1.814967E+02
 4.015000E+02  1.061573E+02  1.061617E+02  1.815700E+02
 4.017500E+02  1.061868E+02  1.061912E+02  1.816435E+02
 4.020000E+02  1.062163E+02  1.062207E+02  1.817169E+02
 4.022500E+02  1.062458E+02  1.062503E+02  1.817904E+02
 4.025000E+02  1.062754E+02  1.062799E+02  1.818640E+02
 4.027500E+02  1.063051E+02  1.063095E+02  1.819375E+02
 4.030000E+02  1.063347E+02  1.063392E+02  1.820112E+02
 4.032500E+02  1.063644E+02  1.063689E+02  1.820849E+02
 4.035000E+02  1.063942E+02  1.063986E+02  1.821586E+02
 4.037500E+02  1.064240E+02  1.064284E+02  1.822324E+02
 4.040000E+02  1.064538E+02  1.064582E+02  1.823062E+02
 4.042500E+02  1.064836E+02  1.064881E+02  1.823801E+02
 4.045000E+02  1.065135E+02  1.065180E+02  1.824540E+02
 4.047500E+02  1.065435E+02  1.065479E+02  1.825280E+02
 4.050000E+02  1.065734E+02  1.065779E+02  1.826020E+02
 4.052500E+02  1.066034E+02  1.066079E+02  1.826761E+02
 4.055000E+02  1.066335E+02  1.066379E+02  1.827502E+02
 4.057500E+02  1.066636E+02  1.066680E+02  1.828244E+02
 4.060000E+02  1.066937E+02  1.066981E+02  1.828986E+02
 4.062500E+02  1.067238E+02  1.067283E+02  1.829728E+02
 4.065000E+02  1.067540E+02  1.067585E+02  1.830471E+02
 4.067500E+02  1.067843E+02  1.067887E+02  1.831215E+02
 4.070000E+02  1.068145E+02  1.068190E+02  1.831959E+02
 4.072500E+02  1.068448E+02  1.068493E+02  1.832703E+02
 4.075000E+02  1.068752E+02  1.068796E+02  1.833448E+02
 4.077500E+02  1.069056E+02  1.069100E+02  1.834194E+02
 4.080000E+02  1.069360E+02  1.069404E+02  1.834939E+02
 4.082500E+02  1.069664E+02  1.069709E+02  1.835686E+02
 4.085000E+02  1.069969E+02  1.070014E+02  1.836432E+02
 4.087500E+02  1.070275E+02  1.070319E+02  1.837180E+02
 4.090000E+02  1.070580E+02  1.070625E+02  1.837927E+02
 4.092500E+02  1.070886E+02  1.070931E+02  1.838675E+02
 4.095000E+02  1.071193E+02  1.071237E+02  1.839424E+02
 4.097500E+02  1.071500E+02  1.071544E+02  1.840173E+02
 4.100000E+02  1.071807E+02  1.071851E+02  1.840922E+02
 4.102500E+02  1.072114E+02  1.072159E+02  1.841672E+02
 4.105000E+02  1.072422E+02  1.072467E+02  1.842423E+02
 4.107500E+02  1.072731E+02  1.072775E+02  1.843174E+02
 4.110000E+02  1.073039E+02  1.073084E+02  1.843925E+02
 4.112500E+02  1.073348E+02  1.073393E+02  1.844677E+02
 4.115000E+02  1.073658E+02  1.073702E+02  1.845429E+02
 4.117500E+02  1.073968E+02  1.074012E+02  1.846181E+02
 4.120000E+02  1.074278E+02  1.074322E+02  1.846934E+02
 4.122500E+02  1.074588E+02  1.074633E+02  1.847688E+02
 4.125000E+02  1.074899E+02  1.074944E+02  1.848442E+02
 4.127500E+02  1.075211E+02  1.075255E+02  1.849196E+02
 4.130000E+02  1.075522E+02  1.075567E+02  1.849951E+02
 4.132500E+02  1.075834E+02  1.075879E+02  1.850706E+02
 4.135000E+02  1.076147E+02  1.076191E+02  1.851462E+02
 4.137500E+02  1.076459E+02  1.076504E+02  1.852218E+02
 4.140000E+02  1.076772E+02  1.076817E+02  1.852975E+02
 4.142500E+02  1.077086E+02  1.077130E+02  1.853732E+02
 4.145000E+02  1.077400E+02  1.077444E+02  1.854489E+02
 4.147500E+02  1.077714E+02  1.077759E+02  1.855247E+02
 4.150000E+02  1.078029E+02  1.078073E+02  1.856005E+02
 4.152500E+02  1.078343E+02  1.078388E+02  1.856764E+02
 4.155000E+02  1.078659E+02  1.078703E+02  1.857523E+02
 4.157500E+02  1.078974E+02  1.079019E+02  1.858283E+02
 4.160000E+02  1.079290E+02  1.079335E+02  1.859042E+02
 4.162500E+02  1.079607E+02  1.079651E+02  1.859803E+02
 4.165000E+02  1.079924E+02  1.079968E+02  1.860564E+02
 4.167500E+02  1.080241E+02  1.080285E+02  1.861325E+02
 4.170000E+02  1.080558E+02  1.080603E+02  1.862086E+02
 4.172500E+02  1.080876E+02  1.080921E+02  1.862848E+02
 4.175000E+02  1.081194E+02  1.081239E+02  1.863611E+02
 4.177500E+02  1.081513E+02  1.081557E+02  1.864373E+02
 4.180000E+02  1.081832E+02  1.081876E+02  1.865136E+02
 4.182500E+02  1.082151E+02  1.082196E+02  1.865900E+02
 4.185000E+02  1.082470E+02  1.082515E+02  1.866664E+02
 4.187500E+02  1.082790E+02  1.082835E+02  1.867428E+02
 4.190000E+02  1.083111E+02  1.083155E+02  1.868193E+02
 4.192500E+02  1.083431E+02  1.083476E+02  1.868958E+02
 4.195000E+02  1.083752E+02  1.083797E+02  1.869724E+02
 4.197500E+02  1.084074E+02  1.084118E+02  1.870489E+02
 4.200000E+02  1.084396E+02  1.084440E+02  1.871256E+02
 4.202500E+02  1.084718E+02  1.084762E+02  1.872022E+02
 4.205000E+02  1.085040E+02  1.085085E+02  1.872789E+02
 4.207500E+02  1.085363E+02  1.085407E+02  1.873556E+02
 4.210000E+02  1.085686E+02  1.085731E+02  1.874324E+02
 4.212500E+02  1.086009E+02  1.086054E+02  1.875092E+02
 4.215000E+02  1.086333E+02  1.086378E+02  1.875861E+02
 4.217500E+02  1.086657E+02  1.086702E+02  1.876629E+02
 4.220000E+02  1.086982E+02  1.087026E+02  1.877398E+02
 4.222500E+02  1.087306E+02  1.087351E+02  1.878168E+02
 4.225000E+02  1.087632E+02  1.087676E+02  1.878938E+02
 4.227500E+02  1.087957E+02  1.088002E+02  1.879708E+02
 4.230000E+02  1.088283E+02  1.088328E+02  1.880478E+02
 4.232500E+02  1.088609E+02  1.088654E+02  1.881249E+02
 4.235000E+02  1.088935E+02  1.088980E+02  1.882020E+02
 4.237500E+02  1.089262E+02  1.089307E+02  1.882792E+02
 4.240000E+02  1.089589E+02  1.089634E+02  1.883564E+02
 4.242500E+02  1.089917E+02  1.089962E+02  1.884336E+02
 4.245000E+02  1.090245E+02  1.090289E+02  1.885108E+02
 4.247500E+02  1.090573E+02  1.090618E+02  1.885881E+02
 4.250000E+02  1.090901E+02  1.090946E+02  1.886654E+02
 4.252500E+02  1.091230E+02  1.091275E+02  1.887427E+02
 4.255000E+02  1.091559E+02  1.091604E+02  1.888201E+02
 4.257500E+02  1.091888E+02  1.091933E+02  1.888975E+02
 4.260000E+02  1.092218E+02  1.092263E+02  1.889749E+02
 4.262500E+02  1.092548E+02  1.092593E+02  1.890523E+02
 4.265000E+02  1.092879E+02  1.092923E+02  1.891298E+02
 4.267500E+02  1.093209E+02  1.093254E+02  1.892073E+02
 4.270000E+02  1.093540E+02  1.093585E+02  1.892849E+02
 4.272500E+02  1.093871E+02  1.093916E+02  1.893624E+02
 4.275000E+02  1.094203E+02  1.094248E+02  1.894400E+02
 4.277500E+02  1.094535E+02  1.094580E+02  1.895176E+02
 4.280000E+02  1.094867E+02  1.094912E+02  1.895953E+02
 4.282500E+02  1.095200E+02  1.095245E+02  1.896730E+02
 4.285000E+02  1.095533E+02  1.095577E+02  1.897506E+02
 4.287500E+02  1.095866E+02  1.095910E+02  1.898284E+02
 4.290000E+02  1.096199E+02  1.096244E+02  1.899061E+02
 4.292500E+02  1.096533E+02  1.096578E+02  1.899839E+02
 4.295000E+02  1.096867E+02  1.096912E+02  1.900617E+02
 4.297500E+02  1.097201E+02  1.097246E+02  1.901395E+02
 4.300000E+02  1.097536E+02  1.097581E+02  1.902173E+02
 4.302500E+02  1.097871E+02  1.097915E+02  1.902952E+02
 4.305000E+02  1.098206E+02  1.098251E+02  1.903730E+02
 4.307500E+02  1.098541E+02  1.098586E+02  1.904509E+02
 4.310000E+02  1.098877E+02  1.098922E+02  1.905289E+02
 4.312500E+02  1.099213E+02  1.099258E+02  1.906068E+02
 4.315000E+02  1.099549E+02  1.099594E+02  1.906848E+02
 4.317500E+02  1.099886E+02  1.099931E+02  1.907627E+02
 4.320000E+02  1.100223E+02  1.100267E+02  1.908407E+02
 4.322500E+02  1.100560E+02  1.100605E+02  1.909187E+02
 4.325000E+02  1.100897E+02  1.100942E+02  1.909968E+02
 4.327500E+02  1.101235E+02  1.101280E+02  1.910748E+02
 4.330000E+02  1.101573E+02  1.101618E+02  1.911529E+02
 4.332500E+02  1.437864E+02  1.473584E+02  2.770165E+02
 4.335000E+02  1.438026E+02  1.473767E+02  2.770587E+02
 4.337500E+02  1.438188E+02  1.473950E+02  2.771009E+02
 4.340000E+02  1.438351E+02  1.474133E+02  2.771431E+02
 4.342500E+02  1.438513E+02  1.474316E+02  2.771853E+02
 4.345000E+02  1.438675E+02  1.474499E+02  2.772275E+02
 4.347500E+02  1.438837E+02  1.474683E+02  2.772697E+02
 4.350000E+02  1.439000E+02  1.474866E+02  2.773119E+02
 4.352500E+02  1.439162E+02  1.475049E+02  2.773540E+02
 4.355000E+02  1.439324E+02  1.475233E+02  2.773961E+02
 4.357500E+02  1.439487E+02  1.475416E+02  2.774383E+02
 4.360000E+02  1.439649E+02  1.475600E+02  2.774804E+02
 4.362500E+02  1.439812E+02  1.475783E+02  2.775225E+02
 4.365000E+02  1.439975E+02  1.475967E+02  2.775646E+02
 4.367500E+02  1.440137E+02  1.476151E+02  2.776066E+02
 4.370000E+02  1.440300E+02  1.476334E+02  2.776487E+02
 4.372500E+02  1.440463E+02  1.476518E+02  2.776907E+02
 4.375000E+02  1.440626E+02  1.476702E+02  2.777328E+02
 4.377500E+02  1.440789E+02  1.476886E+02  2.777748E+02
 4.380000E+02  1.440952E+02  1.477070E+02  2.778168E+02
 4.382500E+02  1.441115E+02  1.477254E+02  2.778588E+02
 4.385000E+02  1.441278E+02  1.477438E+02  2.779008E+02
 4.387500E+02  1.441441E+02  1.477622E+02  2.779428E+02
 4.390000E+02  1.441604E+02  1.477806E+02  2.779847E+02
 4.392500E+02  1.441767E+02  1.477991E+02  2.780267E+02
 4.395000E+02  1.441931E+02  1.478175E+02  2.780686E+02
 4.397500E+02  1.442094E+02  1.478359E+02  2.781105E+02
 4.400000E+02  1.442257E+02  1.478543E+02  2.781524E+02
 4.402500E+02  1.442421E+02  1.478728E+02  2.781943E+02
 4.405000E+02  1.442584E+02  1.478912E+02  2.782362E+02
 4.407500E+02  1.442748E+02  1.479097E+02  2.782781E+02
 4.410000E+02  1.442911E+02  1.479281E+02  2.783200E+02
 4.412500E+02  1.443075E+02  1.479466E+02  2.783618E+02
 4.415000E+02  1.443239E+02  1.479651E+02  2.784037E+02
 4.417500E+02  1.443402E+02  1.479835E+02  2.784455E+02
 4.420000E+02  1.443566E+02  1.480020E+02  2.784873E+02
 4.422500E+02  1.443730E+02  1.480205E+02  2.785291E+02
 4.425000E+02  1.443894E+02  1.480390E+02  2.785709E+02
 4.427500E+02  1.444058E+02  1.480575E+02  2.786127E+02
 4.430000E+02  1.444222E+02  1.480760E+02  2.786544E+02
 4.432500E+02  1.444386E+02  1.480945E+02  2.786962E+02
 4.435000E+02  1.444550E+02  1.481130E+02  2.787379E+02
 4.437500E+02  1.444714E+02  1.481315E+02  2.787797E+02
 4.440000E+02  1.444878E+02  1.481500E+02  2.788214E+02
 4.442500E+02  1.445042E+02  1.481685E+02  2.788631E+02
 4.445000E+02  1.445207E+02  1.481871E+02  2.789048E+02
 4.447500E+02  1.445371E+02  1.482056E+02  2.789465E+02
 4.450000E+02  1.445535E+02  1.482241E+02  2.789881E+02
 4.452500E+02  1.445700E+02  1.482427E+02  2.790298E+02
 4.455000E+02  1.445864E+02  1.482612E+02  2.790714E+02
 4.457500E+02  1.446029E+02  1.482798E+02  2.791131E+02
 4.460000E+02  1.446193E+02  1.482983E+02  2.791547E+02
 4.462500E+02  1.446358E+02  1.483169E+02  2.791963E+02
 4.465000E+02  1.446523E+02  1.483355E+02  2.792379E+02
 4.467500E+02  1.446687E+02  1.483540E+02  2.792795E+02
 4.470000E+02  1.446852E+02  1.483726E+02  2.793210E+02
 4.472500E+02  1.447017E+02  1.483912E+02  2.793626E+02
 4.475000E+02  1.447182E+02  1.484098E+02  2.794042E+02
 4.477500E+02  1.447347E+02  1.484284E+02  2.794457E+02
 4.480000E+02  1.447512E+02  1.484470E+02  2.794872E+02
 4.482500E+02  1.447677E+02  1.484656E+02  2.795287E+02
 4.485000E+02  1.447842E+02  1.484842E+02  2.795702E+02
 4.487500E+02  1.448007E+02  1.485028E+02  2.796117E+02
 4.490000E+02  1.448172E+02  1.485214E+02  2.796532E+02
 4.492500E+02  1.448338E+02  1.485400E+02  2.796947E+02
 4.495000E+02  1.448503E+02  1.485587E+02  2.797361E+02
 4.497500E+02  1.448668E+02  1.485773E+02  2.797776E+02
 4.500000E+02  1.448834E+02  1.485959E+02  2.798190E+02
 4.502500E+02  1.448999E+02  1.486146E+02  2.798604E+02
 4.505000E+02  1.449165E+02  1.486332E+02  2.799018E+02
 4.507500E+02  1.449330E+02  1.486519E+02  2.799432E+02
 4.510000E+02  1.449496E+02  1.486705E+02  2.799846E+02
 4.512500E+02  1.449661E+02  1.486892E+02  2.800260E+02
 4.515000E+02  1.449827E+02  1.487079E+02  2.800673E+02
 4.517500E+02  1.449993E+02  1.487265E+02  2.801087E+02
 4.520000E+02  1.450159E+02  1.487452E+02  2.801500E+02
 4.522500E+02  1.450324E+02  1.487639E+02  2.801913E+02
 4.525000E+02  1.450490E+02  1.487826E+02  2.802326E+02
 4.527500E+02  1.450656E+02  1.488013E+02  2.802739E+02
 4.530000E+02  1.450822E+02  1.488200E+02  2.803152E+02
 4.532500E+02  1.450988E+02  1.488387E+02  2.803565E+02
 4.535000E+02  1.451154E+02  1.488574E+02  2.803978E+02
 4.537500E+02  1.451321E+02  1.488761E+02  2.804390E+02
 4.540000E+02  1.451487E+02  1.488948E+02  2.804802E+02
 4.542500E+02  1.451653E+02  1.489136E+02  2.805215E+02
 4.545000E+02  1.451819E+02  1.489323E+02  2.805627E+02
 4.547500E+02  1.451986E+02  1.489510E+02  2.806039E+02
 4.550000E+02  1.452152E+02  1.489697E+02  2.806451E+02
 4.552500E+02  1.452319E+02  1.489885E+02  2.806863E+02
 4.555000E+02  1.452485E+02  1.490072E+02  2.807274E+02
 4.557500E+02  1.452652E+02  1.490260E+02  2.807686E+02
 4.560000E+02  1.452818E+02  1.490448E+02  2.808098E+02
 4.562500E+02  1.452985E+02  1.490635E+02  2.808509E+02
 4.565000E+02  1.453152E+02  1.490823E+02  2.808920E+02
 4.567500E+02  1.453318E+02  1.491011E+02  2.809331E+02
 4.570000E+02  1.453485E+02  1.491198E+02  2.809742E+02
 4.572500E+02  1.453652E+02  1.491386E+02  2.810153E+02
 4.575000E+02  1.453819E+02  1.491574E+02  2.810564E+02
 4.577500E+02  1.453986E+02  1.491762E+02  2.810975E+02
 4.580000E+02  1.454153E+02  1.491950E+02  2.811385E+02
 4.582500E+02  1.454320E+02  1.492138E+02  2.811795E+02
 4.585000E+02  1.454487E+02  1.492326E+02  2.812206E+02
 4.587500E+02  1.454654E+02  1.492514E+02  2.812616E+02
 4.590000E+02  1.454821E+02  1.492702E+02  2.813026E+02
 4.592500E+02  1.454989E+02  1.492891E+02  2.813436E+02
 4.595000E+02  1.455156E+02  1.493079E+02  2.813846E+02
 4.597500E+02  1.455323E+02  1.493267E+02  2.814256E+02
 4.600000E+02  1.455491E+02  1.493456E+02  2.814665E+02
 4.602500E+02  1.455658E+02  1.493644E+02  2.815075E+02
 4.605000E+02  1.455826E+02  1.493832E+02  2.815484E+02
 4.607500E+02  1.455993E+02  1.494021E+02  2.815893E+02
 4.610000E+02  1.456161E+02  1.494209E+02  2.816303E+02
 4.612500E+02  1.456328E+02  1.494398E+02  2.816712E+02
 4.615000E+02  1.456496E+02  1.494587E+02  2.817120E+02
 4.617500E+02  1.456664E+02  1.494775E+02  2.817529E+02
 4.620000E+02  1.456832E+02  1.494964E+02  2.817938E+02
 4.622500E+02  1.456999E+02  1.495153E+02  2.818347E+02
 4.625000E+02  1.457167E+02  1.495342E+02  2.818755E+02
 4.627500E+02  1.457335E+02  1.495531E+02  2.819163E+02
 4.630000E+02  1.457503E+02  1.495720E+02  2.819572E+02
 4.632500E+02  1.457671E+02  1.495909E+02  2.819980E+02
 4.635000E+02  1.457839E+02  1.496098E+02  2.820388E+02
 4.637500E+02  1.458008E+02  1.496287E+02  2.820796E+02
 4.640000E+02  1.458176E+02  1.496476E+02  2.821203E+02
 4.642500E+02  1.458344E+02  1.496665E+02  2.821611E+02
 4.645000E+02  1.458512E+02  1.496855E+02  2.822019E+02
 4.647500E+02  1.458681E+02  1.497044E+02  2.822426E+02
 4.650000E+02  1.458849E+02  1.497233E+02  2.822833E+02
 4.652500E+02  1.459017E+02  1.497423E+02  2.823241E+02
 4.655000E+02  1.459186E+02  1.497612E+02  2.823648E+02
 4.657500E+02  1.459354E+02  1.497802E+02  2.824055E+02
 4.660000E+02  1.459523E+02  1.497991E+02  2.824462E+02
 4.662500E+02  1.459692E+02  1.498181E+02  2.824868E+02
 4.665000E+02  1.459860E+02  1.498370E+02  2.825275E+02
 4.667500E+02  1.460029E+02  1.498560E+02  2.825681E+02
 4.670000E+02  1.460198E+02  1.498750E+02  2.826088E+02
 4.672500E+02  1.460367E+02  1.498940E+02  2.826494E+02
 4.675000E+02  1.460536E+02  1.499130E+02  2.826900E+02
 4.677500E+02  1.460705E+02  1.499319E+02  2.827306E+02
 4.680000E+02  1.460874E+02  1.499509E+02  2.827712E+02
 4.682500E+02  1.461043E+02  1.499699E+02  2.828118E+02
 4.685000E+02  1.461212E+02  1.499889E+02  2.828524E+02
 4.687500E+02  1.461381E+02  1.500079E+02  2.828930E+02
 4.690000E+02  1.461550E+02  1.500270E+02  2.829335E+02
 4.692500E+02  1.461719E+02  1.500460E+02  2.829741E+02
 4.695000E+02  1.461888E+02  1.500650E+02  2.830146E+02
 4.697500E+02  1.462058E+02  1.500840E+02  2.830551E+02
 4.700000E+02  1.462227E+02  1.501031E+02  2.830956E+02
 4.702500E+02  1.462396E+02  1.501221E+02  2.831361E+02
 4.705000E+02  1.462566E+02  1.501411E+02  2.831766E+02
 4.707500E+02  1.462735E+02  1.501602E+02  2.832171E+02
 4.710000E+02  1.462905E+02  1.501792E+02  2.832575E+02
 4.712500E+02  1.463075E+02  1.501983E+02  2.832980E+02
 4.715000E+02  1.463244E+02  1.502174E+02  2.833384E+02
 4.717500E+02  1.463414E+02  1.502364E+02  2.833788E+02
 4.720000E+02  1.463584E+02  1.502555E+02  2.834193E+02
 4.722500E+02  1.463754E+02  1.502746E+02  2.834597E+02
 4.725000E+02  1.463923E+02  1.502937E+02  2.835001E+02
 4.727500E+02  1.464093E+02  1.503127E+02  2.835405E+02
 4.730000E+02  1.464263E+02  1.503318E+02  2.835808E+02
 4.732500E+02  1.464433E+02  1.503509E+02  2.836212E+02
 4.735000E+02  1.464603E+02  1.503700E+02  2.836615E+02
 4.737500E+02  1.464773E+02  1.503891E+02  2.837019E+02
 4.740000E+02  1.464944E+02  1.504083E+02  2.837422E+02
 4.742500E+02  1.465114E+02  1.504274E+02  2.837825E+02
 4.745000E+02  1.465284E+02  1.504465E+02  2.838228E+02
 4.747500E+02  1.465454E+02  1.504656E+02  2.838631E+02
 4.750000E+02  1.465625E+02  1.504847E+02  2.839034E+02
 4.752500E+02  1.465795E+02  1.505039E+02  2.839437E+02
 4.755000E+02  1.465965E+02  1.505230E+02  2.839839E+02
 4.757500E+02  1.466136E+02  1.505422E+02  2.840242E+02
 4.760000E+02  1.466307E+02  1.505613E+02  2.840644E+02
 4.762500E+02  1.466477E+02  1.505805E+02  2.841047E+02
 4.765000E+02  1.466648E+02  1.505996E+02  2.841449E+02
 4.767500E+02  1.466818E+02  1.506188E+02  2.841851E+02
 4.770000E+02  1.466989E+02  1.506380E+02  2.842253E+02
 4.772500E+02  1.467160E+02  1.506571E+02  2.842655E+02
 4.775000E+02  1.467331E+02  1.506763E+02  2.843056E+02
 4.777500E+02  1.467502E+02  1.506955E+02  2.843458E+02
 4.780000E+02  1.467673E+02  1.507147E+02  2.843860E+02
 4.782500E+02  1.467844E+02  1.507339E+02  2.844261E+02
 4.785000E+02  1.468015E+02  1.507531E+02  2.844662E+02
 4.787500E+02  1.468186E+02  1.507723E+02  2.845064E+02
 4.790000E+02  1.468357E+02  1.507915E+02  2.845465E+02
 4.792500E+02  1.468528E+02  1.508107E+02  2.845866E+02
 4.795000E+02  1.468699E+02  1.508299E+02  2.846266E+02
 4.797500E+02  1.468870E+02  1.508491E+02  2.846667E+02
 4.800000E+02  1.469042E+02  1.508684E+02  2.847068E+02
 4.802500E+02  1.469213E+02  1.508876E+02  2.847468E+02
 4.805000E+02  1.469384E+02  1.509068E+02  2.847869E+02
 4.807500E+02  1.469556E+02  1.509261E+02  2.848269E+02
 4.810000E+02  1.469727E+02  1.509453E+02  2.848669E+02
 4.812500E+02  1.469899E+02  1.509646E+02  2.849070E+02
 4.815000E+02  1.470070E+02  1.509838E+02  2.849470E+02
 4.817500E+02  1.470242E+02  1.510031E+02  2.849869E+02
 4.820000E+02  1.470414E+02  1.510223E+02  2.850269E+02
 4.822500E+02  1.470586E+02  1.510416E+02  2.850669E+02
 4.825000E+02  1.470757E+02  1.510609E+02  2.851068E+02
 4.827500E+02  1.470929E+02  1.510802E+02  2.851468E+02
 4.830000E+02  1.471101E+02  1.510994E+02  2.851867E+02
 4.832500E+02  1.471273E+02  1.511187E+02  2.852266E+02
 4.835000E+02  1.471445E+02  1.511380E+02  2.852666E+02
 4.837500E+02  1.471617E+02  1.511573E+02  2.853065E+02
 4.840000E+02  1.471789E+02  1.511766E+02  2.853464E+02
 4.842500E+02  1.471961E+02  1.511959E+02  2.853862E+02
 4.845000E+02  1.472133E+02  1.512152E+02  2.854261E+02
 4.847500E+02  1.472306E+02  1.512346E+02  2.854660E+02
 4.850000E+02  1.472478E+02  1.512539E+02  2.855058E+02
 4.852500E+02  1.472650E+02  1.512732E+02  2.855456E+02
 4.855000E+02  1.472823E+02  1.512925E+02  2.855855E+02
 4.857500E+02  1.472995E+02  1.513119E+02  2.856253E+02
 4.860000E+02  1.473167E+02  1.513312E+02  2.856651E+02
 4.862500E+02  1.473340E+02  1.513506E+02  2.857049E+02
 4.865000E+02  1.473512E+02  1.513699E+02  2.857447E+02
 4.867500E+02  1.473685E+02  1.513893E+02  2.857845E+02
 4.870000E+02  1.473858E+02  1.514086E+02  2.858242E+02
 4.872500E+02  1.474030E+02  1.514280E+02  2.858640E+02
 4.875000E+02  1.474203E+02  1.514474E+02  2.859037E+02
 4.877500E+02  1.474376E+02  1.514667E+02  2.859434E+02
 4.880000E+02  1.474549E+02  1.514861E+02  2.859832E+02
 4.882500E+02  1.474722E+02  1.515055E+02  2.860229E+02
 4.885000E+02  1.474895E+02  1.515249E+02  2.860626E+02
 4.887500E+02  1.475068E+02  1.515443E+02  2.861023E+02
 4.890000E+02  1.475241E+02  1.515637E+02  2.861419E+02
 4.892500E+02  1.475414E+02  1.515831E+02  2.861816E+02
 4.895000E+02  1.475587E+02  1.516025E+02  2.862213E+02
 4.897500E+02  1.475760E+02  1.516219E+02  2.862609E+02
 4.900000E+02  1.475933E+02  1.516413E+02  2.863005E+02
 4.902500E+02  1.476106E+02  1.516607E+02  2.863402E+02
 4.905000E+02  1.476280E+02  1.516802E+02  2.863798E+02
 4.907500E+02  1.476453E+02  1.516996E+02  2.864194E+02
 4.910000E+02  1.476626E+02  1.517190E+02  2.864590E+02
 4.912500E+02  1.476800E+02  1.517385E+02  2.864986E+02
 4.915000E+02  1.476973E+02  1.517579E+02  2.865381E+02
 4.917500E+02  1.477147E+02  1.517774E+02  2.865777E+02
 4.920000E+02  1.477321E+02  1.517968E+02  2.866172E+02
 4.922500E+02  1.477494E+02  1.518163E+02  2.866568E+02
 4.925000E+02  1.477668E+02  1.518357E+02  2.866963E+02
 4.927500E+02  1.477842E+02  1.518552E+02  2.867358E+02
 4.930000E+02  1.478015E+02  1.518747E+02  2.867753E+02
 4.932500E+02  1.478189E+02  1.518941E+02  2.868148E+02
 4.935000E+02  1.478363E+02  1.519136E+02  2.868543E+02
 4.937500E+02  1.478537E+02  1.519331E+02  2.868938E+02
 4.940000E+02  1.478711E+02  1.519526E+02  2.869333E+02
 4.942500E+02  1.478885E+02  1.519721E+02  2.869727E+02
 4.945000E+02  1.479059E+02  1.519916E+02  2.870122E+02
 4.947500E+02  1.479233E+02  1.520111E+02  2.870516E+02
 4.950000E+02  1.479407E+02  1.520306E+02  2.870910E+02
 4.952500E+02  1.479582E+02  1.520501E+02  2.871304E+02
 4.955000E+02  1.479756E+02  1.520697E+02  2.871698E+02
 4.957500E+02  1.479930E+02  1.520892E+02  2.872092E+02
 4.960000E+02  1.480104E+02  1.521087E+02  2.872486E+02
 4.962500E+02  1.480279E+02  1.521282E+02  2.872880E+02
 4.965000E+02  1.480453E+02  1.521478E+02  2.873273E+02
 4.967500E+02  1.480628E+02  1.521673E+02  2.873667E+02
 4.970000E+02  1.480802E+02  1.521869E+02  2.874060E+02
 4.972500E+02  1.480977E+02  1.522064E+02  2.874454E+02
 4.975000E+02  1.481151E+02  1.522260E+02  2.874847E+02
 4.977500E+02  1.481326E+02  1.522455E+02  2.875240E+02
 4.980000E+02  1.481501E+02  1.522651E+02  2.875633E+02
 4.982500E+02  1.481676E+02  1.522847E+02  2.876026E+02
 4.985000E+02  1.481850E+02  1.523043E+02  2.876419E+02
 4.987500E+02  1.482025E+02  1.523238E+02  2.876811E+02
 4.990000E+02  1.482200E+02  1.523434E+02  2.877204E+02
 4.992500E+02  1.482375E+02  1.523630E+02  2.877596E+02
 4.995000E+02  1.482550E+02  1.523826E+02  2.877989E+02
 4.997500E+02  1.482725E+02  1.524022E+02  2.878381E+02
 5.000000E+02  1.482900E+02  1.524218E+02  2.878773E+02
