#         T/K        V/dm^3  V(excl)/dm^3    alpha/K^-1        status
 2.500000E+02  4.190581E-02  4.063577E-02  2.419986E-04                                 112
 2.502500E+02  4.190835E-02  4.063577E-02  2.424811E-04                                 112
 2.505000E+02  4.191089E-02  4.063577E-02  2.430501E-04                                 112
 2.507500E+02  4.191344E-02  4.063577E-02  2.432071E-04                                 112
 2.510000E+02  4.191599E-02  4.063577E-02  2.433619E-04                                 112
 2.512500E+02  4.191854E-02  4.063577E-02  2.435150E-04                                 112
 2.515000E+02  4.192109E-02  4.063577E-02  2.436662E-04                                 112
 2.517500E+02  4.192365E-02  4.063577E-02  2.438158E-04                                 112
 2.520000E+02  4.192620E-02  4.063577E-02  2.439635E-04                                 112
 2.522500E+02  4.192876E-02  4.063577E-02  2.441096E-04                                 112
 2.525000E+02  4.193132E-02  4.063577E-02  2.442539E-04                                 112
 2.527500E+02  4.193388E-02  4.063577E-02  2.443964E-04                                 112
 2.530000E+02  4.193645E-02  4.063577E-02  2.445373E-04                                 112
 2.532500E+02  4.193901E-02  4.063577E-02  2.446764E-04                                 112
 2.535000E+02  4.194158E-02  4.063577E-02  2.448138E-04                                 112
 2.537500E+02  4.194415E-02  4.063577E-02  2.449495E-04                                 112
 2.540000E+02  4.194671E-02  4.063577E-02  2.450835E-04                                 112
 2.542500E+02  4.194929E-02  4.063577E-02  2.452159E-04                                 112
 2.545000E+02  4.195186E-02  4.063577E-02  2.453465E-04                                 112
 2.547500E+02  4.195443E-02  4.063577E-02  2.454755E-04                                 112
 2.550000E+02  4.195701E-02  4.063577E-02  2.456028E-04                                 112
 2.552500E+02  4.195958E-02  4.063577E-02  2.457285E-04                                 112
 2.555000E+02  4.196216E-02  4.063577E-02  2.458525E-04                                 112
 2.557500E+02  4.196474E-02  4.063577E-02  2.459748E-04                                 112
 2.560000E+02  4.196732E-02  4.063577E-02  2.460955E-04                                 112
 2.562500E+02  4.196991E-02  4.063577E-02  2.462147E-04                                 112
 2.565000E+02  4.197249E-02  4.063577E-02  2.463321E-04                                 112
 2.567500E+02  4.197508E-02  4.063577E-02  2.464480E-04                                 112
 2.570000E+02  4.197766E-02  4.063577E-02  2.465623E-04                                 112
 2.572500E+02  4.198025E-02  4.063577E-02  2.466750E-04                                 112
 2.575000E+02  4.198284E-02  4.063577E-02  2.467861E-04                                 112
 2.577500E+02  4.198543E-02  4.063577E-02  2.468957E-04                                 112
 2.580000E+02  4.198802E-02  4.063577E-02  2.470036E-04                                 112
 2.582500E+02  4.199062E-02  4.063577E-02  2.471101E-04                                 112
 2.585000E+02  4.199321E-02  4.063577E-02  2.472150E-04                                 112
 2.587500E+02  4.199581E-02  4.063577E-02  2.473183E-04                                 112
 2.590000E+02  4.199840E-02  4.063577E-02  2.474201E-04                                 112
 2.592500E+02  4.200100E-02  4.063577E-02  2.475205E-04                                 112
 2.595000E+02  4.200360E-02  4.063577E-02  2.476193E-04                                 112
 2.597500E+02  4.200620E-02  4.063577E-02  2.477166E-04                                 112
 2.600000E+02  4.200881E-02  4.063577E-02  2.478124E-04                                 112
 2.602500E+02  4.201141E-02  4.063577E-02  2.479068E-04                                 112
 2.605000E+02  4.201401E-02  4.063577E-02  2.479997E-04                                 112
 2.607500E+02  4.201662E-02  4.063577E-02  2.480912E-04                                 112
 2.610000E+02  4.201923E-02  4.063577E-02  2.481812E-04                                 112
 2.612500E+02  4.202183E-02  4.063577E-02  2.482697E-04                                 112
 2.615000E+02  4.202444E-02  4.063577E-02  2.483569E-04                                 112
 2.617500E+02  4.202705E-02  4.063577E-02  2.484427E-04                                 112
 2.620000E+02  4.202966E-02  4.063577E-02  2.485270E-04                                 112
 2.622500E+02  4.203227E-02  4.063577E-02  2.486100E-04                                 112
 2.625000E+02  4.203489E-02  4.063577E-02  2.486916E-04                                 112
 2.627500E+02  4.203750E-02  4.063577E-02  2.487718E-04                                 112
 2.630000E+02  4.204012E-02  4.063577E-02  2.488507E-04                                 112
 2.632500E+02  4.204273E-02  4.063577E-02  2.489282E-04                                 112
 2.635000E+02  4.204535E-02  4.063577E-02  2.490045E-04                                 112
 2.637500E+02  4.204797E-02  4.063577E-02  2.490794E-04                                 112
 2.640000E+02  4.205059E-02  4.063577E-02  2.491529E-04                                 112
 2.642500E+02  4.205321E-02  4.063577E-02  2.492252E-04                                 112
 2.645000E+02  4.205583E-02  4.063577E-02  2.492963E-04                                 112
 2.647500E+02  4.205845E-02  4.063577E-02  2.493660E-04                                 112
 2.650000E+02  4.206107E-02  4.063577E-02  2.494345E-04                                 112
 2.652500E+02  4.206369E-02  4.063577E-02  2.495017E-04                                 112
 2.655000E+02  4.206632E-02  4.063577E-02  2.495677E-04                                 112
 2.657500E+02  4.206894E-02  4.063577E-02  2.496325E-04                                 112
 2.660000E+02  4.207157E-02  4.063577E-02  2.496961E-04                                 112
 2.662500E+02  4.207419E-02  4.063577E-02  2.497585E-04                                 112
 2.665000E+02  4.207682E-02  4.063577E-02  2.498197E-04                                 112
 2.667500E+02  4.207945E-02  4.063577E-02  2.498797E-04                                 112
 2.670000E+02  4.208208E-02  4.063577E-02  2.499386E-04                                 112
 2.672500E+02  4.208471E-02  4.063577E-02  2.499963E-04                                 112
 2.675000E+02  4.208734E-02  4.063577E-02  2.500529E-04                                 112
 2.677500E+02  4.208997E-02  4.063577E-02  2.501084E-04                                 112
 2.680000E+02  4.209260E-02  4.063577E-02  2.501628E-04                                 112
 2.682500E+02  4.209524E-02  4.063577E-02  2.502160E-04                                 112
 2.685000E+02  4.209787E-02  4.063577E-02  2.502682E-04                                 112
 2.687500E+02  4.210050E-02  4.063577E-02  2.503194E-04                                 112
 2.690000E+02  4.210314E-02  4.063577E-02  2.503694E-04                                 112
 2.692500E+02  4.210578E-02  4.063577E-02  2.504185E-04                                 112
 2.695000E+02  4.210841E-02  4.063577E-02  2.504665E-04                                 112
 2.697500E+02  4.211105E-02  4.063577E-02  2.505134E-04                                 112
 2.700000E+02  4.211369E-02  4.063577E-02  2.505594E-04                                 112
 2.702500E+02  4.211632E-02  4.063577E-02  2.506044E-04                                 112
 2.705000E+02  4.211896E-02  4.063577E-02  2.506484E-04                                 112
 2.707500E+02  4.212160E-02  4.063577E-02  2.506915E-04                                 112
 2.710000E+02  4.212424E-02  4.063577E-02  2.507336E-04                                 112
 2.712500E+02  4.212688E-02  4.063577E-02  2.507748E-04                                 112
 2.715000E+02  4.212953E-02  4.063577E-02  2.508150E-04                                 112
 2.717500E+02  4.213217E-02  4.063577E-02  2.508544E-04                                 112
 2.720000E+02  4.213481E-02  4.063577E-02  2.508928E-04                                 112
 2.722500E+02  4.213745E-02  4.063577E-02  2.509304E-04                                 112
 2.725000E+02  4.214010E-02  4.063577E-02  2.509671E-04                                 112
 2.727500E+02  4.214274E-02  4.063577E-02  2.510029E-04                                 112
 2.730000E+02  4.214539E-02  4.063577E-02  2.510379E-04                                 112
 2.732500E+02  4.214803E-02  4.063577E-02  2.510721E-04                                 112
 2.735000E+02  4.215068E-02  4.063577E-02  2.511055E-04                                 112
 2.737500E+02  4.215332E-02  4.063577E-02  2.511381E-04                                 112
 2.740000E+02  4.215597E-02  4.063577E-02  2.511699E-04                                 112
 2.742500E+02  4.215862E-02  4.063577E-02  2.512009E-04                                 112
 2.745000E+02  4.216127E-02  4.063577E-02  2.512311E-04                                 112
 2.747500E+02  4.216391E-02  4.063577E-02  2.512607E-04                                 112
 2.750000E+02  4.216656E-02  4.063577E-02  2.512894E-04                                 112
 2.752500E+02  4.216921E-02  4.063577E-02  2.513175E-04                                 112
 2.755000E+02  4.217186E-02  4.063577E-02  2.513449E-04                                 112
 2.757500E+02  4.217451E-02  4.063577E-02  2.513716E-04                                 112
 2.760000E+02  4.217716E-02  4.063577E-02  2.513976E-04                                 112
 2.762500E+02  4.217981E-02  4.063577E-02  2.514229E-04                                 112
 2.765000E+02  4.218246E-02  4.063577E-02  2.514476E-04                                 112
 2.767500E+02  4.218512E-02  4.063577E-02  2.514717E-04                                 112
 2.770000E+02  4.218777E-02  4.063577E-02  2.514952E-04                                 112
 2.772500E+02  4.219042E-02  4.063577E-02  2.515180E-04                                 112
 2.775000E+02  4.219307E-02  4.063577E-02  2.515403E-04                                 112
 2.777500E+02  4.219573E-02  4.063577E-02  2.515620E-04                                 112
 2.780000E+02  4.219838E-02  4.063577E-02  2.515831E-04                                 112
 2.782500E+02  4.220104E-02  4.063577E-02  2.516037E-04                                 112
 2.785000E+02  4.220369E-02  4.063577E-02  2.516237E-04                                 112
 2.787500E+02  4.220635E-02  4.063577E-02  2.516432E-04                                 112
 2.790000E+02  4.220900E-02  4.063577E-02  2.516623E-04                                 112
 2.792500E+02  4.221166E-02  4.063577E-02  2.516808E-04                                 112
 2.795000E+02  4.221431E-02  4.063577E-02  2.516988E-04                                 112
 2.797500E+02  4.221697E-02  4.063577E-02  2.517164E-04                                 112
 2.800000E+02  4.221963E-02  4.063577E-02  2.517336E-04                                 112
 2.802500E+02  4.222228E-02  4.063577E-02  2.517502E-04                                 112
 2.805000E+02  4.222494E-02  4.063577E-02  2.517665E-04                                 112
 2.807500E+02  4.222760E-02  4.063577E-02  2.517824E-04                                 112
 2.810000E+02  4.223026E-02  4.063577E-02  2.517979E-04                                 112
 2.812500E+02  4.223292E-02  4.063577E-02  2.518130E-04                                 112
 2.815000E+02  4.223557E-02  4.063577E-02  2.518277E-04                                 112
 2.817500E+02  4.223823E-02  4.063577E-02  2.518421E-04                                 112
 2.820000E+02  4.224089E-02  4.063577E-02  2.518561E-04                                 112
 2.822500E+02  4.224355E-02  4.063577E-02  2.518698E-04                                 112
 2.825000E+02  4.224621E-02  4.063577E-02  2.518832E-04                                 112
 2.827500E+02  4.224887E-02  4.063577E-02  2.518963E-04                                 112
 2.830000E+02  4.225153E-02  4.063577E-02  2.519091E-04                                 112
 2.832500E+02  4.225420E-02  4.063577E-02  2.519217E-04                                 112
 2.835000E+02  4.225686E-02  4.063577E-02  2.519339E-04                                 112
 2.837500E+02  4.225952E-02  4.063577E-02  2.519460E-04                                 112
 2.840000E+02  4.226218E-02  4.063577E-02  2.519578E-04                                 112
 2.842500E+02  4.226484E-02  4.063577E-02  2.519694E-04                                 112
 2.845000E+02  4.226751E-02  4.063577E-02  2.519808E-04                                 112
 2.847500E+02  4.227017E-02  4.063577E-02  2.519920E-04                                 112
 2.850000E+02  4.227283E-02  4.063577E-02  2.520031E-04                                 112
 2.852500E+02  4.227549E-02  4.063577E-02  2.520139E-04                                 112
 2.855000E+02  4.227816E-02  4.063577E-02  2.520247E-04                                 112
 2.857500E+02  4.228082E-02  4.063577E-02  2.520353E-04                                 112
 2.860000E+02  4.228349E-02  4.063577E-02  2.520458E-04                                 112
 2.862500E+02  4.228615E-02  4.063577E-02  2.520561E-04                                 112
 2.865000E+02  4.228882E-02  4.063577E-02  2.520664E-04                                 112
 2.867500E+02  4.229148E-02  4.063577E-02  2.520766E-04                                 112
 2.870000E+02  4.229415E-02  4.063577E-02  2.520867E-04                                 112
 2.872500E+02  4.229681E-02  4.063577E-02  2.520968E-04                                 112
 2.875000E+02  4.229948E-02  4.063577E-02  2.521069E-04                                 112
 2.877500E+02  4.230214E-02  4.063577E-02  2.521169E-04                                 112
 2.880000E+02  4.230481E-02  4.063577E-02  2.521269E-04                                 112
 2.882500E+02  4.230748E-02  4.063577E-02  2.521369E-04                                 112
 2.885000E+02  4.231014E-02  4.063577E-02  2.521469E-04                                 112
 2.887500E+02  4.231281E-02  4.063577E-02  2.521569E-04                                 112
 2.890000E+02  4.231548E-02  4.063577E-02  2.521670E-04                                 112
 2.892500E+02  4.231815E-02  4.063577E-02  2.521771E-04                                 112
 2.895000E+02  4.232081E-02  4.063577E-02  2.521873E-04                                 112
 2.897500E+02  4.232348E-02  4.063577E-02  2.521976E-04                                 112
 2.900000E+02  4.232615E-02  4.063577E-02  2.522080E-04                                 112
 2.902500E+02  4.232882E-02  4.063577E-02  2.522184E-04                                 112
 2.905000E+02  4.233149E-02  4.063577E-02  2.522290E-04                                 112
 2.907500E+02  4.233416E-02  4.063577E-02  2.522397E-04                                 112
 2.910000E+02  4.233683E-02  4.063577E-02  2.522506E-04                                 112
 2.912500E+02  4.233950E-02  4.063577E-02  2.522616E-04                                 112
 2.915000E+02  4.234217E-02  4.063577E-02  2.522728E-04                                 112
 2.917500E+02  4.234484E-02  4.063577E-02  2.522842E-04                                 112
 2.920000E+02  4.234751E-02  4.063577E-02  2.522957E-04                                 112
 2.922500E+02  4.235018E-02  4.063577E-02  2.523075E-04                                 112
 2.925000E+02  4.235285E-02  4.063577E-02  2.523195E-04                                 112
 2.927500E+02  4.235552E-02  4.063577E-02  2.523317E-04                                 112
 2.930000E+02  4.235820E-02  4.063577E-02  2.523442E-04                                 112
 2.932500E+02  4.236087E-02  4.063577E-02  2.523569E-04                                 112
 2.935000E+02  4.236354E-02  4.063577E-02  2.523699E-04                                 112
 2.937500E+02  4.236621E-02  4.063577E-02  2.523831E-04                                 112
 2.940000E+02  4.236889E-02  4.063577E-02  2.523967E-04                                 112
 2.942500E+02  4.237156E-02  4.063577E-02  2.524105E-04                                 112
 2.945000E+02  4.237424E-02  4.063577E-02  2.524247E-04                                 112
 2.947500E+02  4.237691E-02  4.063577E-02  2.524392E-04                                 112
 2.950000E+02  4.237958E-02  4.063577E-02  2.524541E-04                                 112
 2.952500E+02  4.238226E-02  4.063577E-02  2.524693E-04                                 112
 2.955000E+02  4.238493E-02  4.063577E-02  2.524849E-04                                 112
 2.957500E+02  4.238761E-02  4.063577E-02  2.525008E-04                                 112
 2.960000E+02  4.239029E-02  4.063577E-02  2.525172E-04                                 112
 2.962500E+02  4.239296E-02  4.063577E-02  2.525339E-04                                 112
 2.965000E+02  4.239564E-02  4.063577E-02  2.525511E-04                                 112
 2.967500E+02  4.239832E-02  4.063577E-02  2.525686E-04                                 112
 2.970000E+02  4.240099E-02  4.063577E-02  2.525867E-04                                 112
 2.972500E+02  4.240367E-02  4.063577E-02  2.526051E-04                                 112
 2.975000E+02  4.240635E-02  4.063577E-02  2.526241E-04                                 112
 2.977500E+02  4.240903E-02  4.063577E-02  2.526435E-04                                 112
 2.980000E+02  4.241171E-02  4.063577E-02  2.526634E-04                                 112
 2.982500E+02  4.241438E-02  4.063577E-02  2.526837E-04                                 112
 2.985000E+02  4.241706E-02  4.063577E-02  2.527046E-04                                 112
 2.987500E+02  4.241974E-02  4.063577E-02  2.527260E-04                                 112
 2.990000E+02  4.242242E-02  4.063577E-02  2.527480E-04                                 112
 2.992500E+02  4.242511E-02  4.063577E-02  2.527705E-04                                 112
 2.995000E+02  4.242779E-02  4.063577E-02  2.527935E-04                                 112
 2.997500E+02  4.243047E-02  4.063577E-02  2.528171E-04                                 112
 3.000000E+02  4.243315E-02  4.063577E-02  2.528413E-04                                 112
 3.002500E+02  4.243583E-02  4.063577E-02  2.528660E-04                                 112
 3.005000E+02  4.243852E-02  4.063577E-02  2.528914E-04                                 112
 3.007500E+02  4.244120E-02  4.063577E-02  2.529173E-04                                 112
 3.010000E+02  4.244388E-02  4.063577E-02  2.529439E-04                                 112
 3.012500E+02  4.244657E-02  4.063577E-02  2.529711E-04                                 112
 3.015000E+02  4.244925E-02  4.063577E-02  2.529990E-04                                 112
 3.017500E+02  4.245194E-02  4.063577E-02  2.530275E-04                                 112
 3.020000E+02  4.245462E-02  4.063577E-02  2.530567E-04                                 112
 3.022500E+02  4.245731E-02  4.063577E-02  2.530865E-04                                 112
 3.025000E+02  4.245999E-02  4.063577E-02  2.531171E-04                                 112
 3.027500E+02  4.246268E-02  4.063577E-02  2.531483E-04                                 112
 3.030000E+02  4.246537E-02  4.063577E-02  2.531802E-04                                 112
 3.032500E+02  4.246806E-02  4.063577E-02  2.532129E-04                                 112
 3.035000E+02  4.247075E-02  4.063577E-02  2.532462E-04                                 112
 3.037500E+02  4.247344E-02  4.063577E-02  2.532804E-04                                 112
 3.040000E+02  4.247612E-02  4.063577E-02  2.533152E-04                                 112
 3.042500E+02  4.247881E-02  4.063577E-02  2.533508E-04                                 112
 3.045000E+02  4.248151E-02  4.063577E-02  2.533872E-04                                 112
 3.047500E+02  4.248420E-02  4.063577E-02  2.534244E-04                                 112
 3.050000E+02  4.248689E-02  4.063577E-02  2.534624E-04                                 112
 3.052500E+02  4.248958E-02  4.063577E-02  2.535011E-04                                 112
 3.055000E+02  4.249227E-02  4.063577E-02  2.535407E-04                                 112
 3.057500E+02  4.249497E-02  4.063577E-02  2.535811E-04                                 112
 3.060000E+02  4.249766E-02  4.063577E-02  2.536223E-04                                 112
 3.062500E+02  4.250036E-02  4.063577E-02  2.536644E-04                                 112
 3.065000E+02  4.250305E-02  4.063577E-02  2.537073E-04                                 112
 3.067500E+02  4.250575E-02  4.063577E-02  2.537510E-04                                 112
 3.070000E+02  4.250845E-02  4.063577E-02  2.537957E-04                                 112
 3.072500E+02  4.251114E-02  4.063577E-02  2.538412E-04                                 112
 3.075000E+02  4.251384E-02  4.063577E-02  2.538876E-04                                 112
 3.077500E+02  4.251654E-02  4.063577E-02  2.539349E-04                                 112
 3.080000E+02  4.251924E-02  4.063577E-02  2.539832E-04                                 112
 3.082500E+02  4.252194E-02  4.063577E-02  2.540323E-04                                 112
 3.085000E+02  4.252464E-02  4.063577E-02  2.540824E-04                                 112
 3.087500E+02  4.252734E-02  4.063577E-02  2.541334E-04                                 112
 3.090000E+02  4.253004E-02  4.063577E-02  2.541853E-04                                 112
 3.092500E+02  4.253275E-02  4.063577E-02  2.542383E-04                                 112
 3.095000E+02  4.253545E-02  4.063577E-02  2.542922E-04                                 112
 3.097500E+02  4.253816E-02  4.063577E-02  2.543470E-04                                 112
 3.100000E+02  4.254086E-02  4.063577E-02  2.544029E-04                                 112
 3.102500E+02  4.254357E-02  4.063577E-02  2.544597E-04                                 112
 3.105000E+02  4.254627E-02  4.063577E-02  2.545176E-04                                 112
 3.107500E+02  4.254898E-02  4.063577E-02  2.545764E-04                                 112
 3.110000E+02  4.255169E-02  4.063577E-02  2.546363E-04                                 112
 3.112500E+02  4.255440E-02  4.063577E-02  2.546973E-04                                 112
 3.115000E+02  4.255711E-02  4.063577E-02  2.547592E-04                                 112
 3.117500E+02  4.255982E-02  4.063577E-02  2.548222E-04                                 112
 3.120000E+02  4.256253E-02  4.063577E-02  2.548863E-04                                 112
 3.122500E+02  4.256524E-02  4.063577E-02  2.549515E-04                                 112
 3.125000E+02  4.256796E-02  4.063577E-02  2.550177E-04                                 112
 3.127500E+02  4.257067E-02  4.063577E-02  2.550850E-04                                 112
 3.130000E+02  4.257339E-02  4.063577E-02  2.551534E-04                                 112
 3.132500E+02  4.257610E-02  4.063577E-02  2.552229E-04                                 112
 3.135000E+02  4.257882E-02  4.063577E-02  2.552936E-04                                 112
 3.137500E+02  4.258154E-02  4.063577E-02  2.553653E-04                                 112
 3.140000E+02  4.258426E-02  4.063577E-02  2.554382E-04                                 112
 3.142500E+02  4.258698E-02  4.063577E-02  2.555122E-04                                 112
 3.145000E+02  4.258970E-02  4.063577E-02  2.555874E-04                                 112
 3.147500E+02  4.259242E-02  4.063577E-02  2.556638E-04                                 112
 3.150000E+02  4.259514E-02  4.063577E-02  2.557413E-04                                 112
 3.152500E+02  4.259787E-02  4.063577E-02  2.558199E-04                                 112
 3.155000E+02  4.260059E-02  4.063577E-02  2.558998E-04                                 112
 3.157500E+02  4.260332E-02  4.063577E-02  2.559809E-04                                 112
 3.160000E+02  4.260604E-02  4.063577E-02  2.560631E-04                                 112
 3.162500E+02  4.260877E-02  4.063577E-02  2.561466E-04                                 112
 3.165000E+02  4.261150E-02  4.063577E-02  2.562313E-04                                 112
 3.167500E+02  4.261423E-02  4.063577E-02  2.563172E-04                                 112
 3.170000E+02  4.261696E-02  4.063577E-02  2.564043E-04                                 112
 3.172500E+02  4.261969E-02  4.063577E-02  2.564927E-04                                 112
 3.175000E+02  4.262243E-02  4.063577E-02  2.565824E-04                                 112
 3.177500E+02  4.262516E-02  4.063577E-02  2.566733E-04                                 112
 3.180000E+02  4.262790E-02  4.063577E-02  2.567654E-04                                 112
 3.182500E+02  4.263064E-02  4.063577E-02  2.568589E-04                                 112
 3.185000E+02  4.263337E-02  4.063577E-02  2.569536E-04                                 112
 3.187500E+02  4.263611E-02  4.063577E-02  2.570497E-04                                 112
 3.190000E+02  4.263885E-02  4.063577E-02  2.571470E-04                                 112
 3.192500E+02  4.264160E-02  4.063577E-02  2.572456E-04                                 112
 3.195000E+02  4.264434E-02  4.063577E-02  2.573456E-04                                 112
 3.197500E+02  4.264708E-02  4.063577E-02  2.574468E-04                                 112
 3.200000E+02  4.264983E-02  4.063577E-02  2.575495E-04                                 112
 3.202500E+02  4.265257E-02  4.063577E-02  2.576534E-04                                 112
 3.205000E+02  4.265532E-02  4.063577E-02  2.577587E-04                                 112
 3.207500E+02  4.265807E-02  4.063577E-02  2.578654E-04                                 112
 3.210000E+02  4.266082E-02  4.063577E-02  2.579734E-04                                 112
 3.212500E+02  4.266357E-02  4.063577E-02  2.580828E-04                                 112
 3.215000E+02  4.266633E-02  4.063577E-02  2.581936E-04                                 112
 3.217500E+02  4.266908E-02  4.063577E-02  2.583057E-04                                 112
 3.220000E+02  4.267184E-02  4.063577E-02  2.584193E-04                                 112
 3.222500E+02  4.267460E-02  4.063577E-02  2.585343E-04                                 112
 3.225000E+02  4.267736E-02  4.063577E-02  2.586506E-04                                 112
 3.227500E+02  4.268012E-02  4.063577E-02  2.587684E-04                                 112
 3.230000E+02  4.268288E-02  4.063577E-02  2.588877E-04                                 112
 3.232500E+02  4.268564E-02  4.063577E-02  2.590083E-04                                 112
 3.235000E+02  4.268841E-02  4.063577E-02  2.591304E-04                                 112
 3.237500E+02  4.269117E-02  4.063577E-02  2.592540E-04                                 112
 3.240000E+02  4.269394E-02  4.063577E-02  2.593790E-04                                 112
 3.242500E+02  4.269671E-02  4.063577E-02  2.595054E-04                                 112
 3.245000E+02  4.269948E-02  4.063577E-02  2.596334E-04                                 112
 3.247500E+02  4.270225E-02  4.063577E-02  2.597628E-04                                 112
 3.250000E+02  4.270503E-02  4.063577E-02  2.598937E-04                                 112
 3.252500E+02  4.270780E-02  4.063577E-02  2.600261E-04                                 112
 3.255000E+02  4.271058E-02  4.063577E-02  2.601600E-04                                 112
 3.257500E+02  4.271336E-02  4.063577E-02  2.602954E-04                                 112
 3.260000E+02  4.271614E-02  4.063577E-02  2.604324E-04                                 112
 3.262500E+02  4.271892E-02  4.063577E-02  2.605708E-04                                 112
 3.265000E+02  4.272170E-02  4.063577E-02  2.607108E-04                                 112
 3.267500E+02  4.272449E-02  4.063577E-02  2.608524E-04                                 112
 3.270000E+02  4.272728E-02  4.063577E-02  2.609954E-04                                 112
 3.272500E+02  4.273006E-02  4.063577E-02  2.611401E-04                                 112
 3.275000E+02  4.273285E-02  4.063577E-02  2.612863E-04                                 112
 3.277500E+02  4.273565E-02  4.063577E-02  2.614340E-04                                 112
 3.280000E+02  4.273844E-02  4.063577E-02  2.615833E-04                                 112
 3.282500E+02  4.274124E-02  4.063577E-02  2.617342E-04                                 112
 3.285000E+02  4.274403E-02  4.063577E-02  2.618868E-04                                 112
 3.287500E+02  4.274683E-02  4.063577E-02  2.620408E-04                                 112
 3.290000E+02  4.274964E-02  4.063577E-02  2.621965E-04                                 112
 3.292500E+02  4.275244E-02  4.063577E-02  2.623539E-04                                 112
 3.295000E+02  4.275524E-02  4.063577E-02  2.625128E-04                                 112
 3.297500E+02  4.275805E-02  4.063577E-02  2.626733E-04                                 112
 3.300000E+02  4.276086E-02  4.063577E-02  2.628355E-04                                 112
 3.302500E+02  4.276367E-02  4.063577E-02  2.629993E-04                                 112
 3.305000E+02  4.276648E-02  4.063577E-02  2.631648E-04                                 112
 3.307500E+02  4.276930E-02  4.063577E-02  2.633319E-04                                 112
 3.310000E+02  4.277211E-02  4.063577E-02  2.635007E-04                                 112
 3.312500E+02  4.277493E-02  4.063577E-02  2.636712E-04                                 112
 3.315000E+02  4.277775E-02  4.063577E-02  2.638433E-04                                 112
 3.317500E+02  4.278058E-02  4.063577E-02  2.640171E-04                                 112
 3.320000E+02  4.278340E-02  4.063577E-02  2.641926E-04                                 112
 3.322500E+02  4.278623E-02  4.063577E-02  2.643697E-04                                 112
 3.325000E+02  4.278906E-02  4.063577E-02  2.645486E-04                                 112
 3.327500E+02  4.279189E-02  4.063577E-02  2.647292E-04                                 112
 3.330000E+02  4.279472E-02  4.063577E-02  2.649115E-04                                 112
 3.332500E+02  4.279756E-02  4.063577E-02  2.650955E-04                                 112
 3.335000E+02  4.280039E-02  4.063577E-02  2.652813E-04                                 112
 3.337500E+02  4.280323E-02  4.063577E-02  2.654688E-04                                 112
 3.340000E+02  4.280607E-02  4.063577E-02  2.656580E-04                                 112
 3.342500E+02  4.280892E-02  4.063577E-02  2.658490E-04                                 112
 3.345000E+02  4.281176E-02  4.063577E-02  2.660417E-04                                 112
 3.347500E+02  4.281461E-02  4.063577E-02  2.662362E-04                                 112
 3.350000E+02  4.281746E-02  4.063577E-02  2.664325E-04                                 112
 3.352500E+02  4.282032E-02  4.063577E-02  2.666305E-04                                 112
 3.355000E+02  4.282317E-02  4.063577E-02  2.668303E-04                                 112
 3.357500E+02  4.282603E-02  4.063577E-02  2.670319E-04                                 112
 3.360000E+02  4.282889E-02  4.063577E-02  2.672353E-04                                 112
 3.362500E+02  4.283175E-02  4.063577E-02  2.674405E-04                                 112
 3.365000E+02  4.283462E-02  4.063577E-02  2.676475E-04                                 112
 3.367500E+02  4.283749E-02  4.063577E-02  2.678563E-04                                 112
 3.370000E+02  4.284036E-02  4.063577E-02  2.680670E-04                                 112
 3.372500E+02  4.284323E-02  4.063577E-02  2.682794E-04                                 112
 3.375000E+02  4.284610E-02  4.063577E-02  2.684937E-04                                 112
 3.377500E+02  4.284898E-02  4.063577E-02  2.687099E-04                                 112
 3.380000E+02  4.285186E-02  4.063577E-02  2.689279E-04                                 112
 3.382500E+02  4.285474E-02  4.063577E-02  2.691477E-04                                 112
 3.385000E+02  4.285763E-02  4.063577E-02  2.693694E-04                                 112
 3.387500E+02  4.286051E-02  4.063577E-02  2.695930E-04                                 112
 3.390000E+02  4.286340E-02  4.063577E-02  2.698184E-04                                 112
 3.392500E+02  4.286630E-02  4.063577E-02  2.700457E-04                                 112
 3.395000E+02  4.286919E-02  4.063577E-02  2.702749E-04                                 112
 3.397500E+02  4.287209E-02  4.063577E-02  2.705060E-04                                 112
 3.400000E+02  4.287499E-02  4.063577E-02  2.707390E-04                                 112
 3.402500E+02  4.287789E-02  4.063577E-02  2.709739E-04                                 112
 3.405000E+02  4.288080E-02  4.063577E-02  2.712107E-04                                 112
 3.407500E+02  4.288371E-02  4.063577E-02  2.714494E-04                                 112
 3.410000E+02  4.288662E-02  4.063577E-02  2.716901E-04                                 112
 3.412500E+02  4.288953E-02  4.063577E-02  2.719327E-04                                 112
 3.415000E+02  4.289245E-02  4.063577E-02  2.721772E-04                                 112
 3.417500E+02  4.289537E-02  4.063577E-02  2.724236E-04                                 112
 3.420000E+02  4.289829E-02  4.063577E-02  2.726721E-04                                 112
 3.422500E+02  4.290122E-02  4.063577E-02  2.729224E-04                                 112
 3.425000E+02  4.290415E-02  4.063577E-02  2.731747E-04                                 112
 3.427500E+02  4.290708E-02  4.063577E-02  2.734290E-04                                 112
 3.430000E+02  4.291001E-02  4.063577E-02  2.736853E-04                                 112
 3.432500E+02  4.291295E-02  4.063577E-02  2.739435E-04                                 112
 3.435000E+02  4.291589E-02  4.063577E-02  2.742038E-04                                 112
 3.437500E+02  4.291884E-02  4.063577E-02  2.744660E-04                                 112
 3.440000E+02  4.292178E-02  4.063577E-02  2.747302E-04                                 112
 3.442500E+02  4.292473E-02  4.063577E-02  2.749965E-04                                 112
 3.445000E+02  4.292768E-02  4.063577E-02  2.752647E-04                                 112
 3.447500E+02  4.293064E-02  4.063577E-02  2.755349E-04                                 112
 3.450000E+02  4.293360E-02  4.063577E-02  2.758072E-04                                 112
 3.452500E+02  4.293656E-02  4.063577E-02  2.760815E-04                                 112
 3.455000E+02  4.293953E-02  4.063577E-02  2.763579E-04                                 112
 3.457500E+02  4.294249E-02  4.063577E-02  2.766363E-04                                 112
 3.460000E+02  4.294547E-02  4.063577E-02  2.769167E-04                                 112
 3.462500E+02  4.294844E-02  4.063577E-02  2.771992E-04                                 112
 3.465000E+02  4.295142E-02  4.063577E-02  2.774837E-04                                 112
 3.467500E+02  4.295440E-02  4.063577E-02  2.777704E-04                                 112
 3.470000E+02  4.295738E-02  4.063577E-02  2.780590E-04                                 112
 3.472500E+02  4.296037E-02  4.063577E-02  2.783498E-04                                 112
 3.475000E+02  4.296336E-02  4.063577E-02  2.786427E-04                                 112
 3.477500E+02  4.296636E-02  4.063577E-02  2.789376E-04                                 112
 3.480000E+02  4.296936E-02  4.063577E-02  2.792346E-04                                 112
 3.482500E+02  4.297236E-02  4.063577E-02  2.795338E-04                                 112
 3.485000E+02  4.297536E-02  4.063577E-02  2.798350E-04                                 112
 3.487500E+02  4.297837E-02  4.063577E-02  2.801384E-04                                 112
 3.490000E+02  4.298138E-02  4.063577E-02  2.804439E-04                                 112
 3.492500E+02  4.298440E-02  4.063577E-02  2.807515E-04                                 112
 3.495000E+02  4.298742E-02  4.063577E-02  2.810612E-04                                 112
 3.497500E+02  4.299044E-02  4.063577E-02  2.813731E-04                                 112
 3.500000E+02  4.299346E-02  4.063577E-02  2.816871E-04                                 112
 3.502500E+02  4.299649E-02  4.063577E-02  2.820033E-04                                 112
 3.505000E+02  4.299953E-02  4.063577E-02  2.823216E-04                                 112
 3.507500E+02  4.300256E-02  4.063577E-02  2.826421E-04                                 112
 3.510000E+02  4.300560E-02  4.063577E-02  2.829648E-04                                 112
 3.512500E+02  4.300865E-02  4.063577E-02  2.832896E-04                                 112
 3.515000E+02  4.301170E-02  4.063577E-02  2.836166E-04                                 112
 3.517500E+02  4.301475E-02  4.063577E-02  2.839458E-04                                 112
 3.520000E+02  4.301780E-02  4.063577E-02  2.842772E-04                                 112
 3.522500E+02  4.302086E-02  4.063577E-02  2.846108E-04                                 112
 3.525000E+02  4.302392E-02  4.063577E-02  2.849466E-04                                 112
 3.527500E+02  4.302699E-02  4.063577E-02  2.852846E-04                                 112
 3.530000E+02  4.303006E-02  4.063577E-02  2.856248E-04                                 112
 3.532500E+02  4.303314E-02  4.063577E-02  2.859673E-04                                 112
 3.535000E+02  4.303621E-02  4.063577E-02  2.863119E-04                                 112
 3.537500E+02  4.303930E-02  4.063577E-02  2.866588E-04                                 112
 3.540000E+02  4.304238E-02  4.063577E-02  2.870079E-04                                 112
 3.542500E+02  4.304547E-02  4.063577E-02  2.873593E-04                                 112
 3.545000E+02  4.304857E-02  4.063577E-02  2.877129E-04                                 112
 3.547500E+02  4.305167E-02  4.063577E-02  2.880688E-04                                 112
 3.550000E+02  4.305477E-02  4.063577E-02  2.884269E-04                                 112
 3.552500E+02  4.305788E-02  4.063577E-02  2.887873E-04                                 112
 3.555000E+02  4.306099E-02  4.063577E-02  2.891500E-04                                 112
 3.557500E+02  4.306410E-02  4.063577E-02  2.895149E-04                                 112
 3.560000E+02  4.306722E-02  4.063577E-02  2.898822E-04                                 112
 3.562500E+02  4.307034E-02  4.063577E-02  2.902517E-04                                 112
 3.565000E+02  4.307347E-02  4.063577E-02  2.906235E-04                                 112
 3.567500E+02  4.307660E-02  4.063577E-02  2.909976E-04                                 112
 3.570000E+02  4.307974E-02  4.063577E-02  2.913740E-04                                 112
 3.572500E+02  4.308288E-02  4.063577E-02  2.917527E-04                                 112
 3.575000E+02  4.308602E-02  4.063577E-02  2.921338E-04                                 112
 3.577500E+02  4.308917E-02  4.063577E-02  2.925171E-04                                 112
 3.580000E+02  4.309233E-02  4.063577E-02  2.929028E-04                                 112
 3.582500E+02  4.309548E-02  4.063577E-02  2.932909E-04                                 112
 3.585000E+02  4.309865E-02  4.063577E-02  2.936812E-04                                 112
 3.587500E+02  4.310181E-02  4.063577E-02  2.940739E-04                                 112
 3.590000E+02  4.310498E-02  4.063577E-02  2.944690E-04                                 112
 3.592500E+02  4.310816E-02  4.063577E-02  2.948664E-04                                 112
 3.595000E+02  4.311134E-02  4.063577E-02  2.952661E-04                                 112
 3.597500E+02  4.311452E-02  4.063577E-02  2.956683E-04                                 112
 3.600000E+02  4.311771E-02  4.063577E-02  2.960728E-04                                 112
 3.602500E+02  4.312091E-02  4.063577E-02  2.964796E-04                                 112
 3.605000E+02  4.312410E-02  4.063577E-02  2.968889E-04                                 112
 3.607500E+02  4.312731E-02  4.063577E-02  2.973005E-04                                 112
 3.610000E+02  4.313052E-02  4.063577E-02  2.977145E-04                                 112
 3.612500E+02  4.313373E-02  4.063577E-02  2.981310E-04                                 112
 3.615000E+02  4.313695E-02  4.063577E-02  2.985498E-04                                 112
 3.617500E+02  4.314017E-02  4.063577E-02  2.989710E-04                                 112
 3.620000E+02  4.314339E-02  4.063577E-02  2.993947E-04                                 112
 3.622500E+02  4.314663E-02  4.063577E-02  2.998207E-04                                 112
 3.625000E+02  4.314986E-02  4.063577E-02  3.002492E-04                                 112
 3.627500E+02  4.315310E-02  4.063577E-02  3.006801E-04                                 112
 3.630000E+02  4.315635E-02  4.063577E-02  3.011135E-04                                 112
 3.632500E+02  4.315960E-02  4.063577E-02  3.015492E-04                                 112
 3.635000E+02  4.316286E-02  4.063577E-02  3.019875E-04                                 112
 3.637500E+02  4.316612E-02  4.063577E-02  3.024281E-04                                 112
 3.640000E+02  4.316938E-02  4.063577E-02  3.028712E-04                                 112
 3.642500E+02  4.317266E-02  4.063577E-02  3.033168E-04                                 112
 3.645000E+02  4.317593E-02  4.063577E-02  3.037649E-04                                 112
 3.647500E+02  4.317921E-02  4.063577E-02  3.042154E-04                                 112
 3.650000E+02  4.318250E-02  4.063577E-02  3.046683E-04                                 112
 3.652500E+02  4.318579E-02  4.063577E-02  3.051238E-04                                 112
 3.655000E+02  4.318909E-02  4.063577E-02  3.055817E-04                                 112
 3.657500E+02  4.319239E-02  4.063577E-02  3.060421E-04                                 112
 3.660000E+02  4.319570E-02  4.063577E-02  3.065050E-04                                 112
 3.662500E+02  4.319901E-02  4.063577E-02  3.069705E-04                                 112
 3.665000E+02  4.320233E-02  4.063577E-02  3.074384E-04                                 112
 3.667500E+02  4.320565E-02  4.063577E-02  3.079088E-04                                 112
 3.670000E+02  4.320898E-02  4.063577E-02  3.083817E-04                                 112
 3.672500E+02  4.321231E-02  4.063577E-02  3.088571E-04                                 112
 3.675000E+02  4.321565E-02  4.063577E-02  3.093351E-04                                 112
 3.677500E+02  4.321900E-02  4.063577E-02  3.098155E-04                                 112
 3.680000E+02  4.322235E-02  4.063577E-02  3.102985E-04                                 112
 3.682500E+02  4.322570E-02  4.063577E-02  3.107840E-04                                 112
 3.685000E+02  4.322907E-02  4.063577E-02  3.112721E-04                                 112
 3.687500E+02  4.323243E-02  4.063577E-02  3.117627E-04                                 112
 3.690000E+02  4.323580E-02  4.063577E-02  3.122559E-04                                 112
 3.692500E+02  4.323918E-02  4.063577E-02  3.128960E-04                                 112
 3.695000E+02  4.324257E-02  4.063577E-02  3.133951E-04                                 112
 3.697500E+02  4.324596E-02  4.063577E-02  3.137524E-04                                 112
 3.700000E+02  4.324935E-02  4.063577E-02  3.142557E-04                                 112
 3.702500E+02  4.325275E-02  4.063577E-02  3.147617E-04                                 112
 3.705000E+02  4.325616E-02  4.063577E-02  3.152702E-04                                 112
 3.707500E+02  4.325957E-02  4.063577E-02  3.157813E-04                                 112
 3.710000E+02  4.326299E-02  4.063577E-02  3.162950E-04                                 112
 3.712500E+02  4.326641E-02  4.063577E-02  3.168112E-04                                 112
 3.715000E+02  4.326984E-02  4.063577E-02  3.173301E-04                                 112
 3.717500E+02  4.327328E-02  4.063577E-02  3.178515E-04                                 112
 3.720000E+02  4.327672E-02  4.063577E-02  3.183755E-04                                 112
 3.722500E+02  4.328017E-02  4.063577E-02  3.189021E-04                                 112
 3.725000E+02  4.328362E-02  4.063577E-02  3.194313E-04                                 112
 3.727500E+02  4.328708E-02  4.063577E-02  3.199632E-04                                 112
 3.730000E+02  4.329055E-02  4.063577E-02  3.204976E-04                                 112
 3.732500E+02  4.329402E-02  4.063577E-02  3.210346E-04                                 112
 3.735000E+02  4.329750E-02  4.063577E-02  3.215743E-04                                 112
 3.737500E+02  4.330098E-02  4.063577E-02  3.221166E-04                                 112
 3.740000E+02  4.330447E-02  4.063577E-02  3.226615E-04                                 112
 3.742500E+02  4.330797E-02  4.063577E-02  3.232090E-04                                 112
 3.745000E+02  4.331147E-02  4.063577E-02  3.237591E-04                                 112
 3.747500E+02  4.331498E-02  4.063577E-02  3.243119E-04                                 112
 3.750000E+02  4.331849E-02  4.063577E-02  3.248673E-04                                 112
 3.752500E+02  4.332201E-02  4.063577E-02  3.254254E-04                                 112
 3.755000E+02  4.332554E-02  4.063577E-02  3.259861E-04                                 112
 3.757500E+02  4.332908E-02  4.063577E-02  3.265494E-04                                 112
 3.760000E+02  4.333262E-02  4.063577E-02  3.271154E-04                                 112
 3.762500E+02  4.333616E-02  4.063577E-02  3.276840E-04                                 112
 3.765000E+02  4.333972E-02  4.063577E-02  3.282553E-04                                 112
 3.767500E+02  4.334328E-02  4.063577E-02  3.288293E-04                                 112
 3.770000E+02  4.334684E-02  4.063577E-02  3.294059E-04                                 112
 3.772500E+02  4.335042E-02  4.063577E-02  3.299851E-04                                 112
 3.775000E+02  4.335400E-02  4.063577E-02  3.305671E-04                                 112
 3.777500E+02  4.335758E-02  4.063577E-02  3.311517E-04                                 112
 3.780000E+02  4.336118E-02  4.063577E-02  3.317389E-04                                 112
 3.782500E+02  4.336477E-02  4.063577E-02  3.323288E-04                                 112
 3.785000E+02  4.336838E-02  4.063577E-02  3.329214E-04                                 112
 3.787500E+02  4.337199E-02  4.063577E-02  3.335167E-04                                 112
 3.790000E+02  4.337561E-02  4.063577E-02  3.341147E-04                                 112
 3.792500E+02  4.337924E-02  4.063577E-02  3.347153E-04                                 112
 3.795000E+02  4.338287E-02  4.063577E-02  3.353186E-04                                 112
 3.797500E+02  4.338651E-02  4.063577E-02  3.359246E-04                                 112
 3.800000E+02  4.339016E-02  4.063577E-02  3.365333E-04                                 112
 3.802500E+02  4.339381E-02  4.063577E-02  3.371447E-04                                 112
 3.805000E+02  4.339748E-02  4.063577E-02  3.377587E-04                                 112
 3.807500E+02  4.340114E-02  4.063577E-02  3.383755E-04                                 112
 3.810000E+02  4.340482E-02  4.063577E-02  3.389949E-04                                 112
 3.812500E+02  4.340850E-02  4.063577E-02  3.396171E-04                                 112
 3.815000E+02  4.341219E-02  4.063577E-02  3.402419E-04                                 112
 3.817500E+02  4.341589E-02  4.063577E-02  3.408694E-04                                 112
 3.820000E+02  4.341959E-02  4.063577E-02  3.414996E-04                                 112
 3.822500E+02  4.342330E-02  4.063577E-02  3.421325E-04                                 112
 3.825000E+02  4.342702E-02  4.063577E-02  3.427682E-04                                 112
 3.827500E+02  4.343074E-02  4.063577E-02  3.434065E-04                                 112
 3.830000E+02  4.343447E-02  4.063577E-02  3.440475E-04                                 112
 3.832500E+02  4.343821E-02  4.063577E-02  3.446912E-04                                 112
 3.835000E+02  4.344196E-02  4.063577E-02  3.453376E-04                                 112
 3.837500E+02  4.344572E-02  4.063577E-02  3.459868E-04                                 112
 3.840000E+02  4.344948E-02  4.063577E-02  3.466386E-04                                 112
 3.842500E+02  4.345325E-02  4.063577E-02  3.472931E-04                                 112
 3.845000E+02  4.345702E-02  4.063577E-02  3.479504E-04                                 112
 3.847500E+02  4.346081E-02  4.063577E-02  3.486103E-04                                 112
 3.850000E+02  4.346460E-02  4.063577E-02  3.492729E-04                                 112
 3.852500E+02  4.346840E-02  4.063577E-02  3.499383E-04                                 112
 3.855000E+02  4.347220E-02  4.063577E-02  3.506063E-04                                 112
 3.857500E+02  4.347602E-02  4.063577E-02  3.512771E-04                                 112
 3.860000E+02  4.347984E-02  4.063577E-02  3.519505E-04                                 112
 3.862500E+02  4.348367E-02  4.063577E-02  3.526267E-04                                 112
 3.865000E+02  4.348751E-02  4.063577E-02  3.533056E-04                                 112
 3.867500E+02  4.349135E-02  4.063577E-02  3.539871E-04                                 112
 3.870000E+02  4.349520E-02  4.063577E-02  3.546714E-04                                 112
 3.872500E+02  4.349906E-02  4.063577E-02  3.553584E-04                                 112
 3.875000E+02  4.350293E-02  4.063577E-02  3.560480E-04                                 112
 3.877500E+02  4.350681E-02  4.063577E-02  3.567404E-04                                 112
 3.880000E+02  4.351069E-02  4.063577E-02  3.574354E-04                                 112
 3.882500E+02  4.351459E-02  4.063577E-02  3.581332E-04                                 112
 3.885000E+02  4.351849E-02  4.063577E-02  3.588336E-04                                 112
 3.887500E+02  4.352239E-02  4.063577E-02  3.595368E-04                                 112
 3.890000E+02  4.352631E-02  4.063577E-02  3.602426E-04                                 112
 3.892500E+02  4.353023E-02  4.063577E-02  3.609511E-04                                 112
 3.895000E+02  4.353417E-02  4.063577E-02  3.616623E-04                                 112
 3.897500E+02  4.353811E-02  4.063577E-02  3.623762E-04                                 112
 3.900000E+02  4.354205E-02  4.063577E-02  3.630927E-04                                 112
 3.902500E+02  4.354601E-02  4.063577E-02  3.638120E-04                                 112
 3.905000E+02  4.354998E-02  4.063577E-02  3.645339E-04                                 112
 3.907500E+02  4.355395E-02  4.063577E-02  3.652585E-04                                 112
 3.910000E+02  4.355793E-02  4.063577E-02  3.659857E-04                                 112
 3.912500E+02  4.356192E-02  4.063577E-02  3.667157E-04                                 112
 3.915000E+02  4.356592E-02  4.063577E-02  3.674483E-04                                 112
 3.917500E+02  4.356992E-02  4.063577E-02  3.681835E-04                                 112
 3.920000E+02  4.357394E-02  4.063577E-02  3.689214E-04                                 112
 3.922500E+02  4.357796E-02  4.063577E-02  3.696620E-04                                 112
 3.925000E+02  4.358199E-02  4.063577E-02  3.704052E-04                                 112
 3.927500E+02  4.358603E-02  4.063577E-02  3.711510E-04                                 112
 3.930000E+02  4.359008E-02  4.063577E-02  3.718995E-04                                 112
 3.932500E+02  4.359414E-02  4.063577E-02  3.726507E-04                                 112
 3.935000E+02  4.359820E-02  4.063577E-02  3.734045E-04                                 112
 3.937500E+02  4.360228E-02  4.063577E-02  3.741609E-04                                 112
 3.940000E+02  4.360636E-02  4.063577E-02  3.749199E-04                                 112
 3.942500E+02  4.361045E-02  4.063577E-02  3.756815E-04                                 112
 3.945000E+02  4.361455E-02  4.063577E-02  3.764458E-04                                 112
 3.947500E+02  4.361866E-02  4.063577E-02  3.772126E-04                                 112
 3.950000E+02  4.362278E-02  4.063577E-02  3.779821E-04                                 112
 3.952500E+02  4.362691E-02  4.063577E-02  3.787542E-04                                 112
 3.955000E+02  4.363104E-02  4.063577E-02  3.795289E-04                                 112
 3.957500E+02  4.363519E-02  4.063577E-02  3.803061E-04                                 112
 3.960000E+02  4.363934E-02  4.063577E-02  3.810859E-04                                 112
 3.962500E+02  4.364350E-02  4.063577E-02  3.818683E-04                                 112
 3.965000E+02  4.364767E-02  4.063577E-02  3.826533E-04                                 112
 3.967500E+02  4.365185E-02  4.063577E-02  3.834408E-04                                 112
 3.970000E+02  4.365604E-02  4.063577E-02  3.842309E-04                                 112
 3.972500E+02  4.366024E-02  4.063577E-02  3.850235E-04                                 112
 3.975000E+02  4.366445E-02  4.063577E-02  3.858187E-04                                 112
 3.977500E+02  4.366866E-02  4.063577E-02  3.866164E-04                                 112
 3.980000E+02  4.367289E-02  4.063577E-02  3.874167E-04                                 112
 3.982500E+02  4.367712E-02  4.063577E-02  3.882194E-04                                 112
 3.985000E+02  4.368137E-02  4.063577E-02  3.890247E-04                                 112
 3.987500E+02  4.368562E-02  4.063577E-02  3.898324E-04                                 112
 3.990000E+02  4.368988E-02  4.063577E-02  3.906427E-04                                 112
 3.992500E+02  4.369415E-02  4.063577E-02  3.914554E-04                                 112
 3.995000E+02  4.369843E-02  4.063577E-02  3.922706E-04                                 112
 3.997500E+02  4.370272E-02  4.063577E-02  3.930883E-04                                 112
 4.000000E+02  4.370702E-02  4.063577E-02  3.939084E-04                                 112
 4.002500E+02  4.371133E-02  4.063577E-02  3.947310E-04                                 112
 4.005000E+02  4.371565E-02  4.063577E-02  3.955560E-04                                 112
 4.007500E+02  4.371998E-02  4.063577E-02  3.963835E-04                                 112
 4.010000E+02  4.372431E-02  4.063577E-02  3.972133E-04                                 112
 4.012500E+02  4.372866E-02  4.063577E-02  3.980456E-04                                 112
 4.015000E+02  4.373302E-02  4.063577E-02  3.988803E-04                                 112
 4.017500E+02  4.373738E-02  4.063577E-02  3.997173E-04                                 112
 4.020000E+02  4.374176E-02  4.063577E-02  4.005567E-04                                 112
 4.022500E+02  4.374614E-02  4.063577E-02  4.013985E-04                                 112
 4.025000E+02  4.375054E-02  4.063577E-02  4.022427E-04                                 112
 4.027500E+02  4.375494E-02  4.063577E-02  4.030892E-04                                 112
 4.030000E+02  4.375936E-02  4.063577E-02  4.039380E-04                                 112
 4.032500E+02  4.376378E-02  4.063577E-02  4.047891E-04                                 112
 4.035000E+02  4.376821E-02  4.063577E-02  4.056426E-04                                 112
 4.037500E+02  4.377266E-02  4.063577E-02  4.064983E-04                                 112
 4.040000E+02  4.377711E-02  4.063577E-02  4.073563E-04                                 112
 4.042500E+02  4.378157E-02  4.063577E-02  4.082166E-04                                 112
 4.045000E+02  4.378605E-02  4.063577E-02  4.090791E-04                                 112
 4.047500E+02  4.379053E-02  4.063577E-02  4.099439E-04                                 112
 4.050000E+02  4.379502E-02  4.063577E-02  4.108108E-04                                 112
 4.052500E+02  4.379953E-02  4.063577E-02  4.116800E-04                                 112
 4.055000E+02  4.380404E-02  4.063577E-02  4.125514E-04                                 112
 4.057500E+02  4.380856E-02  4.063577E-02  4.134250E-04                                 112
 4.060000E+02  4.381309E-02  4.063577E-02  4.143008E-04                                 112
 4.062500E+02  4.381764E-02  4.063577E-02  4.151787E-04                                 112
 4.065000E+02  4.382219E-02  4.063577E-02  4.160587E-04                                 112
 4.067500E+02  4.382675E-02  4.063577E-02  4.169408E-04                                 112
 4.070000E+02  4.383133E-02  4.063577E-02  4.178251E-04                                 112
 4.072500E+02  4.383591E-02  4.063577E-02  4.187114E-04                                 112
 4.075000E+02  4.384050E-02  4.063577E-02  4.195998E-04                                 112
 4.077500E+02  4.384511E-02  4.063577E-02  4.204903E-04                                 112
 4.080000E+02  4.384972E-02  4.063577E-02  4.213828E-04                                 112
 4.082500E+02  4.385435E-02  4.063577E-02  4.222773E-04                                 112
 4.085000E+02  4.385898E-02  4.063577E-02  4.231739E-04                                 112
 4.087500E+02  4.386363E-02  4.063577E-02  4.240724E-04                                 112
 4.090000E+02  4.386828E-02  4.063577E-02  4.249728E-04                                 112
 4.092500E+02  4.387295E-02  4.063577E-02  4.258753E-04                                 112
 4.095000E+02  4.387762E-02  4.063577E-02  4.267796E-04                                 112
 4.097500E+02  4.388231E-02  4.063577E-02  4.276859E-04                                 112
 4.100000E+02  4.388701E-02  4.063577E-02  4.285940E-04                                 112
 4.102500E+02  4.389172E-02  4.063577E-02  4.295040E-04                                 112
 4.105000E+02  4.389643E-02  4.063577E-02  4.304159E-04                                 112
 4.107500E+02  4.390116E-02  4.063577E-02  4.313296E-04                                 112
 4.110000E+02  4.390590E-02  4.063577E-02  4.322451E-04                                 112
 4.112500E+02  4.391065E-02  4.063577E-02  4.331624E-04                                 112
 4.115000E+02  4.391541E-02  4.063577E-02  4.340814E-04                                 112
 4.117500E+02  4.392018E-02  4.063577E-02  4.350022E-04                                 112
 4.120000E+02  4.392497E-02  4.063577E-02  4.359247E-04                                 112
 4.122500E+02  4.392976E-02  4.063577E-02  4.368490E-04                                 112
 4.125000E+02  4.393456E-02  4.063577E-02  4.377749E-04                                 112
 4.127500E+02  4.393937E-02  4.063577E-02  4.387024E-04                                 112
 4.130000E+02  4.394420E-02  4.063577E-02  4.396316E-04                                 112
 4.132500E+02  4.394903E-02  4.063577E-02  4.405624E-04                                 112
 4.135000E+02  4.395388E-02  4.063577E-02  4.414948E-04                                 112
 4.137500E+02  4.395874E-02  4.063577E-02  4.424287E-04                                 112
 4.140000E+02  4.396360E-02  4.063577E-02  4.433642E-04                                 112
 4.142500E+02  4.396848E-02  4.063577E-02  4.443012E-04                                 112
 4.145000E+02  4.397337E-02  4.063577E-02  4.452396E-04                                 112
 4.147500E+02  4.397827E-02  4.063577E-02  4.461796E-04                                 112
 4.150000E+02  4.398318E-02  4.063577E-02  4.471209E-04                                 112
 4.152500E+02  4.398811E-02  4.063577E-02  4.480637E-04                                 112
 4.155000E+02  4.399304E-02  4.063577E-02  4.490078E-04                                 112
 4.157500E+02  4.399798E-02  4.063577E-02  4.499533E-04                                 112
 4.160000E+02  4.400294E-02  4.063577E-02  4.509002E-04                                 112
 4.162500E+02  4.400790E-02  4.063577E-02  4.518483E-04                                 112
 4.165000E+02  4.401288E-02  4.063577E-02  4.527977E-04                                 112
 4.167500E+02  4.401787E-02  4.063577E-02  4.537484E-04                                 112
 4.170000E+02  4.402287E-02  4.063577E-02  4.547002E-04                                 112
 4.172500E+02  4.402788E-02  4.063577E-02  4.556533E-04                                 112
 4.175000E+02  4.403290E-02  4.063577E-02  4.566075E-04                                 112
 4.177500E+02  4.403793E-02  4.063577E-02  4.575628E-04                                 112
 4.180000E+02  4.404297E-02  4.063577E-02  4.585193E-04                                 112
 4.182500E+02  4.404803E-02  4.063577E-02  4.594768E-04                                 112
 4.185000E+02  4.405309E-02  4.063577E-02  4.604353E-04                                 112
 4.187500E+02  4.405817E-02  4.063577E-02  4.613949E-04                                 112
 4.190000E+02  4.406325E-02  4.063577E-02  4.623554E-04                                 112
 4.192500E+02  4.406835E-02  4.063577E-02  4.633169E-04                                 112
 4.195000E+02  4.407346E-02  4.063577E-02  4.642792E-04                                 112
 4.197500E+02  4.407858E-02  4.063577E-02  4.652425E-04                                 112
 4.200000E+02  4.408372E-02  4.063577E-02  4.662066E-04                                 112
 4.202500E+02  4.408886E-02  4.063577E-02  4.671715E-04                                 112
 4.205000E+02  4.409402E-02  4.063577E-02  4.681372E-04                                 112
 4.207500E+02  4.409918E-02  4.063577E-02  4.691036E-04                                 112
 4.210000E+02  4.410436E-02  4.063577E-02  4.700708E-04                                 112
 4.212500E+02  4.410955E-02  4.063577E-02  4.710386E-04                                 112
 4.215000E+02  4.411475E-02  4.063577E-02  4.720071E-04                                 112
 4.217500E+02  4.411996E-02  4.063577E-02  4.729762E-04                                 112
 4.220000E+02  4.412518E-02  4.063577E-02  4.739458E-04                                 112
 4.222500E+02  4.413042E-02  4.063577E-02  4.749160E-04                                 112
 4.225000E+02  4.413566E-02  4.063577E-02  4.758867E-04                                 112
 4.227500E+02  4.414092E-02  4.063577E-02  4.768579E-04                                 112
 4.230000E+02  4.414619E-02  4.063577E-02  4.778294E-04                                 112
 4.232500E+02  4.415146E-02  4.063577E-02  4.788014E-04                                 112
 4.235000E+02  4.415676E-02  4.063577E-02  4.797737E-04                                 112
 4.237500E+02  4.416206E-02  4.063577E-02  4.807464E-04                                 112
 4.240000E+02  4.416737E-02  4.063577E-02  4.817193E-04                                 112
 4.242500E+02  4.417270E-02  4.063577E-02  4.826924E-04                                 112
 4.245000E+02  4.417803E-02  4.063577E-02  4.836658E-04                                 112
 4.247500E+02  4.418338E-02  4.063577E-02  4.846393E-04                                 112
 4.250000E+02  4.418874E-02  4.063577E-02  4.856129E-04                                 112
 4.252500E+02  4.419411E-02  4.063577E-02  4.865866E-04                                 112
 4.255000E+02  4.419949E-02  4.063577E-02  4.875603E-04                                 112
 4.257500E+02  4.420488E-02  4.063577E-02  4.885341E-04                                 112
 4.260000E+02  4.421029E-02  4.063577E-02  4.895078E-04                                 112
 4.262500E+02  4.421570E-02  4.063577E-02  4.904814E-04                                 112
 4.265000E+02  4.422113E-02  4.063577E-02  4.914549E-04                                 112
 4.267500E+02  4.422657E-02  4.063577E-02  4.924282E-04                                 112
 4.270000E+02  4.423202E-02  4.063577E-02  4.934013E-04                                 112
 4.272500E+02  4.423748E-02  4.063577E-02  4.943741E-04                                 112
 4.275000E+02  4.424296E-02  4.063577E-02  4.953467E-04                                 112
 4.277500E+02  4.424844E-02  4.063577E-02  4.963189E-04                                 112
 4.280000E+02  4.425394E-02  4.063577E-02  4.972907E-04                                 112
 4.282500E+02  4.425944E-02  4.063577E-02  4.982621E-04                                 112
 4.285000E+02  4.426496E-02  4.063577E-02  4.992331E-04                                 112
 4.287500E+02  4.427049E-02  4.063577E-02  5.002035E-04                                 112
 4.290000E+02  4.427603E-02  4.063577E-02  5.011733E-04                                 112
 4.292500E+02  4.428159E-02  4.063577E-02  5.021426E-04                                 112
 4.295000E+02  4.428715E-02  4.063577E-02  5.031112E-04                                 112
 4.297500E+02  4.429273E-02  4.063577E-02  5.040791E-04                                 112
 4.300000E+02  4.429832E-02  4.063577E-02  5.050462E-04                                 112
 4.302500E+02  4.430392E-02  4.063577E-02  5.060126E-04                                 112
 4.305000E+02  4.430953E-02  4.063577E-02  5.069781E-04                                 112
 4.307500E+02  4.431515E-02  4.063577E-02  5.079428E-04                                 112
 4.310000E+02  4.432078E-02  4.063577E-02  5.089065E-04                                 112
 4.312500E+02  4.432642E-02  4.063577E-02  5.098692E-04                                 112
 4.315000E+02  4.433208E-02  4.063577E-02  5.108310E-04                                 112
 4.317500E+02  4.433775E-02  4.063577E-02  5.117916E-04                                 112
 4.320000E+02  4.434343E-02  4.063577E-02  5.127511E-04                                 112
 4.322500E+02  4.434912E-02  4.063577E-02  5.137095E-04                                 112
 4.325000E+02  4.435482E-02  4.063577E-02  5.146666E-04                                 112
 4.327500E+02  4.436053E-02  4.063577E-02  5.156225E-04                                 112
 4.330000E+02  4.436625E-02  4.063577E-02  1.587144E+03                                 112
 4.332500E+02  3.525219E+01  4.063577E-02  1.998659E+00                                 111
 4.335000E+02  3.527291E+01  4.063577E-02  2.350462E-03                                 111
 4.337500E+02  3.529364E+01  4.063577E-02  2.349047E-03                                 111
 4.340000E+02  3.531437E+01  4.063577E-02  2.347633E-03                                 111
 4.342500E+02  3.533509E+01  4.063577E-02  2.346222E-03                                 111
 4.345000E+02  3.535582E+01  4.063577E-02  2.344812E-03                                 111
 4.347500E+02  3.537654E+01  4.063577E-02  2.343404E-03                                 111
 4.350000E+02  3.539727E+01  4.063577E-02  2.341998E-03                                 111
 4.352500E+02  3.541799E+01  4.063577E-02  2.340593E-03                                 111
 4.355000E+02  3.543872E+01  4.063577E-02  2.339190E-03                                 111
 4.357500E+02  3.545944E+01  4.063577E-02  2.337790E-03                                 111
 4.360000E+02  3.548017E+01  4.063577E-02  2.336390E-03                                 111
 4.362500E+02  3.550089E+01  4.063577E-02  2.334993E-03                                 111
 4.365000E+02  3.552161E+01  4.063577E-02  2.333597E-03                                 111
 4.367500E+02  3.554234E+01  4.063577E-02  2.332203E-03                                 111
 4.370000E+02  3.556306E+01  4.063577E-02  2.330811E-03                                 111
 4.372500E+02  3.558378E+01  4.063577E-02  2.329420E-03                                 111
 4.375000E+02  3.560450E+01  4.063577E-02  2.328031E-03                                 111
 4.377500E+02  3.562523E+01  4.063577E-02  2.326644E-03                                 111
 4.380000E+02  3.564595E+01  4.063577E-02  2.325259E-03                                 111
 4.382500E+02  3.566667E+01  4.063577E-02  2.323875E-03                                 111
 4.385000E+02  3.568739E+01  4.063577E-02  2.322493E-03                                 111
 4.387500E+02  3.570811E+01  4.063577E-02  2.321113E-03                                 111
 4.390000E+02  3.572883E+01  4.063577E-02  2.319734E-03                                 111
 4.392500E+02  3.574955E+01  4.063577E-02  2.318357E-03                                 111
 4.395000E+02  3.577027E+01  4.063577E-02  2.316982E-03                                 111
 4.397500E+02  3.579099E+01  4.063577E-02  2.315609E-03                                 111
 4.400000E+02  3.581171E+01  4.063577E-02  2.314237E-03                                 111
 4.402500E+02  3.583243E+01  4.063577E-02  2.312867E-03                                 111
 4.405000E+02  3.585315E+01  4.063577E-02  2.311498E-03                                 111
 4.407500E+02  3.587387E+01  4.063577E-02  2.310132E-03                                 111
 4.410000E+02  3.589458E+01  4.063577E-02  2.308767E-03                                 111
 4.412500E+02  3.591530E+01  4.063577E-02  2.307403E-03                                 111
 4.415000E+02  3.593602E+01  4.063577E-02  2.306041E-03                                 111
 4.417500E+02  3.595674E+01  4.063577E-02  2.304681E-03                                 111
 4.420000E+02  3.597745E+01  4.063577E-02  2.303323E-03                                 111
 4.422500E+02  3.599817E+01  4.063577E-02  2.301966E-03                                 111
 4.425000E+02  3.601889E+01  4.063577E-02  2.300611E-03                                 111
 4.427500E+02  3.603960E+01  4.063577E-02  2.299258E-03                                 111
 4.430000E+02  3.606032E+01  4.063577E-02  2.297906E-03                                 111
 4.432500E+02  3.608104E+01  4.063577E-02  2.296556E-03                                 111
 4.435000E+02  3.610175E+01  4.063577E-02  2.295207E-03                                 111
 4.437500E+02  3.612247E+01  4.063577E-02  2.293860E-03                                 111
 4.440000E+02  3.614318E+01  4.063577E-02  2.292515E-03                                 111
 4.442500E+02  3.616390E+01  4.063577E-02  2.291172E-03                                 111
 4.445000E+02  3.618461E+01  4.063577E-02  2.289830E-03                                 111
 4.447500E+02  3.620532E+01  4.063577E-02  2.288489E-03                                 111
 4.450000E+02  3.622604E+01  4.063577E-02  2.287151E-03                                 111
 4.452500E+02  3.624675E+01  4.063577E-02  2.285814E-03                                 111
 4.455000E+02  3.626746E+01  4.063577E-02  2.284478E-03                                 111
 4.457500E+02  3.628818E+01  4.063577E-02  2.283144E-03                                 111
 4.460000E+02  3.630889E+01  4.063577E-02  2.281812E-03                                 111
 4.462500E+02  3.632960E+01  4.063577E-02  2.280481E-03                                 111
 4.465000E+02  3.635031E+01  4.063577E-02  2.279152E-03                                 111
 4.467500E+02  3.637103E+01  4.063577E-02  2.277825E-03                                 111
 4.470000E+02  3.639174E+01  4.063577E-02  2.276499E-03                                 111
 4.472500E+02  3.641245E+01  4.063577E-02  2.275175E-03                                 111
 4.475000E+02  3.643316E+01  4.063577E-02  2.273852E-03                                 111
 4.477500E+02  3.645387E+01  4.063577E-02  2.272531E-03                                 111
 4.480000E+02  3.647458E+01  4.063577E-02  2.271212E-03                                 111
 4.482500E+02  3.649529E+01  4.063577E-02  2.269894E-03                                 111
 4.485000E+02  3.651600E+01  4.063577E-02  2.268578E-03                                 111
 4.487500E+02  3.653671E+01  4.063577E-02  2.267263E-03                                 111
 4.490000E+02  3.655742E+01  4.063577E-02  2.265950E-03                                 111
 4.492500E+02  3.657813E+01  4.063577E-02  2.264638E-03                                 111
 4.495000E+02  3.659884E+01  4.063577E-02  2.263328E-03                                 111
 4.497500E+02  3.661955E+01  4.063577E-02  2.262020E-03                                 111
 4.500000E+02  3.664026E+01  4.063577E-02  2.260713E-03                                 111
 4.502500E+02  3.666096E+01  4.063577E-02  2.259408E-03                                 111
 4.505000E+02  3.668167E+01  4.063577E-02  2.258104E-03                                 111
 4.507500E+02  3.670238E+01  4.063577E-02  2.256802E-03                                 111
 4.510000E+02  3.672309E+01  4.063577E-02  2.255501E-03                                 111
 4.512500E+02  3.674379E+01  4.063577E-02  2.254202E-03                                 111
 4.515000E+02  3.676450E+01  4.063577E-02  2.252905E-03                                 111
 4.517500E+02  3.678521E+01  4.063577E-02  2.251609E-03                                 111
 4.520000E+02  3.680591E+01  4.063577E-02  2.250314E-03                                 111
 4.522500E+02  3.682662E+01  4.063577E-02  2.249021E-03                                 111
 4.525000E+02  3.684733E+01  4.063577E-02  2.247730E-03                                 111
 4.527500E+02  3.686803E+01  4.063577E-02  2.246440E-03                                 111
 4.530000E+02  3.688874E+01  4.063577E-02  2.245152E-03                                 111
 4.532500E+02  3.690944E+01  4.063577E-02  2.243865E-03                                 111
 4.535000E+02  3.693015E+01  4.063577E-02  2.242580E-03                                 111
 4.537500E+02  3.695085E+01  4.063577E-02  2.241296E-03                                 111
 4.540000E+02  3.697156E+01  4.063577E-02  2.240014E-03                                 111
 4.542500E+02  3.699226E+01  4.063577E-02  2.238733E-03                                 111
 4.545000E+02  3.701296E+01  4.063577E-02  2.237454E-03                                 111
 4.547500E+02  3.703367E+01  4.063577E-02  2.236176E-03                                 111
 4.550000E+02  3.705437E+01  4.063577E-02  2.234900E-03                                 111
 4.552500E+02  3.707507E+01  4.063577E-02  2.233625E-03                                 111
 4.555000E+02  3.709578E+01  4.063577E-02  2.232352E-03                                 111
 4.557500E+02  3.711648E+01  4.063577E-02  2.231080E-03                                 111
 4.560000E+02  3.713718E+01  4.063577E-02  2.229810E-03                                 111
 4.562500E+02  3.715788E+01  4.063577E-02  2.228541E-03                                 111
 4.565000E+02  3.717859E+01  4.063577E-02  2.227274E-03                                 111
 4.567500E+02  3.719929E+01  4.063577E-02  2.226008E-03                                 111
 4.570000E+02  3.721999E+01  4.063577E-02  2.224744E-03                                 111
 4.572500E+02  3.724069E+01  4.063577E-02  2.223481E-03                                 111
 4.575000E+02  3.726139E+01  4.063577E-02  2.222220E-03                                 111
 4.577500E+02  3.728209E+01  4.063577E-02  2.220960E-03                                 111
 4.580000E+02  3.730279E+01  4.063577E-02  2.219702E-03                                 111
 4.582500E+02  3.732349E+01  4.063577E-02  2.218445E-03                                 111
 4.585000E+02  3.734419E+01  4.063577E-02  2.217189E-03                                 111
 4.587500E+02  3.736489E+01  4.063577E-02  2.215935E-03                                 111
 4.590000E+02  3.738559E+01  4.063577E-02  2.214683E-03                                 111
 4.592500E+02  3.740629E+01  4.063577E-02  2.213432E-03                                 111
 4.595000E+02  3.742699E+01  4.063577E-02  2.212182E-03                                 111
 4.597500E+02  3.744769E+01  4.063577E-02  2.210934E-03                                 111
 4.600000E+02  3.746839E+01  4.063577E-02  2.209687E-03                                 111
 4.602500E+02  3.748908E+01  4.063577E-02  2.208442E-03                                 111
 4.605000E+02  3.750978E+01  4.063577E-02  2.207198E-03                                 111
 4.607500E+02  3.753048E+01  4.063577E-02  2.205956E-03                                 111
 4.610000E+02  3.755118E+01  4.063577E-02  2.204715E-03                                 111
 4.612500E+02  3.757187E+01  4.063577E-02  2.203476E-03                                 111
 4.615000E+02  3.759257E+01  4.063577E-02  2.202238E-03                                 111
 4.617500E+02  3.761327E+01  4.063577E-02  2.201001E-03                                 111
 4.620000E+02  3.763397E+01  4.063577E-02  2.199766E-03                                 111
 4.622500E+02  3.765466E+01  4.063577E-02  2.198532E-03                                 111
 4.625000E+02  3.767536E+01  4.063577E-02  2.197300E-03                                 111
 4.627500E+02  3.769605E+01  4.063577E-02  2.196069E-03                                 111
 4.630000E+02  3.771675E+01  4.063577E-02  2.194839E-03                                 111
 4.632500E+02  3.773744E+01  4.063577E-02  2.193611E-03                                 111
 4.635000E+02  3.775814E+01  4.063577E-02  2.192385E-03                                 111
 4.637500E+02  3.777883E+01  4.063577E-02  2.191159E-03                                 111
 4.640000E+02  3.779953E+01  4.063577E-02  2.189936E-03                                 111
 4.642500E+02  3.782022E+01  4.063577E-02  2.188713E-03                                 111
 4.645000E+02  3.784092E+01  4.063577E-02  2.187492E-03                                 111
 4.647500E+02  3.786161E+01  4.063577E-02  2.186272E-03                                 111
 4.650000E+02  3.788231E+01  4.063577E-02  2.185054E-03                                 111
 4.652500E+02  3.790300E+01  4.063577E-02  2.183837E-03                                 111
 4.655000E+02  3.792369E+01  4.063577E-02  2.182622E-03                                 111
 4.657500E+02  3.794439E+01  4.063577E-02  2.181408E-03                                 111
 4.660000E+02  3.796508E+01  4.063577E-02  2.180195E-03                                 111
 4.662500E+02  3.798577E+01  4.063577E-02  2.178984E-03                                 111
 4.665000E+02  3.800646E+01  4.063577E-02  2.177774E-03                                 111
 4.667500E+02  3.802716E+01  4.063577E-02  2.176566E-03                                 111
 4.670000E+02  3.804785E+01  4.063577E-02  2.175358E-03                                 111
 4.672500E+02  3.806854E+01  4.063577E-02  2.174153E-03                                 111
 4.675000E+02  3.808923E+01  4.063577E-02  2.172948E-03                                 111
 4.677500E+02  3.810992E+01  4.063577E-02  2.171745E-03                                 111
 4.680000E+02  3.813061E+01  4.063577E-02  2.170544E-03                                 111
 4.682500E+02  3.815131E+01  4.063577E-02  2.169343E-03                                 111
 4.685000E+02  3.817200E+01  4.063577E-02  2.168144E-03                                 111
 4.687500E+02  3.819269E+01  4.063577E-02  2.166947E-03                                 111
 4.690000E+02  3.821338E+01  4.063577E-02  2.165751E-03                                 111
 4.692500E+02  3.823407E+01  4.063577E-02  2.164556E-03                                 111
 4.695000E+02  3.825476E+01  4.063577E-02  2.163362E-03                                 111
 4.697500E+02  3.827545E+01  4.063577E-02  2.162170E-03                                 111
 4.700000E+02  3.829614E+01  4.063577E-02  2.160979E-03                                 111
 4.702500E+02  3.831683E+01  4.063577E-02  2.159790E-03                                 111
 4.705000E+02  3.833751E+01  4.063577E-02  2.158602E-03                                 111
 4.707500E+02  3.835820E+01  4.063577E-02  2.157415E-03                                 111
 4.710000E+02  3.837889E+01  4.063577E-02  2.156230E-03                                 111
 4.712500E+02  3.839958E+01  4.063577E-02  2.155046E-03                                 111
 4.715000E+02  3.842027E+01  4.063577E-02  2.153863E-03                                 111
 4.717500E+02  3.844096E+01  4.063577E-02  2.152682E-03                                 111
 4.720000E+02  3.846164E+01  4.063577E-02  2.151501E-03                                 111
 4.722500E+02  3.848233E+01  4.063577E-02  2.150323E-03                                 111
 4.725000E+02  3.850302E+01  4.063577E-02  2.149145E-03                                 111
 4.727500E+02  3.852371E+01  4.063577E-02  2.147969E-03                                 111
 4.730000E+02  3.854439E+01  4.063577E-02  2.146794E-03                                 111
 4.732500E+02  3.856508E+01  4.063577E-02  2.145621E-03                                 111
 4.735000E+02  3.858577E+01  4.063577E-02  2.144449E-03                                 111
 4.737500E+02  3.860645E+01  4.063577E-02  2.143278E-03                                 111
 4.740000E+02  3.862714E+01  4.063577E-02  2.142108E-03                                 111
 4.742500E+02  3.864782E+01  4.063577E-02  2.140940E-03                                 111
 4.745000E+02  3.866851E+01  4.063577E-02  2.139773E-03                                 111
 4.747500E+02  3.868919E+01  4.063577E-02  2.138608E-03                                 111
 4.750000E+02  3.870988E+01  4.063577E-02  2.137443E-03                                 111
 4.752500E+02  3.873056E+01  4.063577E-02  2.136280E-03                                 111
 4.755000E+02  3.875125E+01  4.063577E-02  2.135119E-03                                 111
 4.757500E+02  3.877193E+01  4.063577E-02  2.133958E-03                                 111
 4.760000E+02  3.879262E+01  4.063577E-02  2.132799E-03                                 111
 4.762500E+02  3.881330E+01  4.063577E-02  2.131641E-03                                 111
 4.765000E+02  3.883399E+01  4.063577E-02  2.130485E-03                                 111
 4.767500E+02  3.885467E+01  4.063577E-02  2.129330E-03                                 111
 4.770000E+02  3.887535E+01  4.063577E-02  2.128176E-03                                 111
 4.772500E+02  3.889604E+01  4.063577E-02  2.127023E-03                                 111
 4.775000E+02  3.891672E+01  4.063577E-02  2.125872E-03                                 111
 4.777500E+02  3.893740E+01  4.063577E-02  2.124721E-03                                 111
 4.780000E+02  3.895808E+01  4.063577E-02  2.123573E-03                                 111
 4.782500E+02  3.897877E+01  4.063577E-02  2.122425E-03                                 111
 4.785000E+02  3.899945E+01  4.063577E-02  2.121279E-03                                 111
 4.787500E+02  3.902013E+01  4.063577E-02  2.120134E-03                                 111
 4.790000E+02  3.904081E+01  4.063577E-02  2.118990E-03                                 111
 4.792500E+02  3.906150E+01  4.063577E-02  2.117847E-03                                 111
 4.795000E+02  3.908218E+01  4.063577E-02  2.116706E-03                                 111
 4.797500E+02  3.910286E+01  4.063577E-02  2.115566E-03                                 111
 4.800000E+02  3.912354E+01  4.063577E-02  2.114427E-03                                 111
 4.802500E+02  3.914422E+01  4.063577E-02  2.113290E-03                                 111
 4.805000E+02  3.916490E+01  4.063577E-02  2.112154E-03                                 111
 4.807500E+02  3.918558E+01  4.063577E-02  2.111019E-03                                 111
 4.810000E+02  3.920626E+01  4.063577E-02  2.109885E-03                                 111
 4.812500E+02  3.922694E+01  4.063577E-02  2.108753E-03                                 111
 4.815000E+02  3.924762E+01  4.063577E-02  2.107621E-03                                 111
 4.817500E+02  3.926830E+01  4.063577E-02  2.106491E-03                                 111
 4.820000E+02  3.928898E+01  4.063577E-02  2.105363E-03                                 111
 4.822500E+02  3.930966E+01  4.063577E-02  2.104235E-03                                 111
 4.825000E+02  3.933034E+01  4.063577E-02  2.103109E-03                                 111
 4.827500E+02  3.935102E+01  4.063577E-02  2.101984E-03                                 111
 4.830000E+02  3.937170E+01  4.063577E-02  2.100860E-03                                 111
 4.832500E+02  3.939237E+01  4.063577E-02  2.099737E-03                                 111
 4.835000E+02  3.941305E+01  4.063577E-02  2.098616E-03                                 111
 4.837500E+02  3.943373E+01  4.063577E-02  2.097496E-03                                 111
 4.840000E+02  3.945441E+01  4.063577E-02  2.096377E-03                                 111
 4.842500E+02  3.947509E+01  4.063577E-02  2.095259E-03                                 111
 4.845000E+02  3.949576E+01  4.063577E-02  2.094143E-03                                 111
 4.847500E+02  3.951644E+01  4.063577E-02  2.093028E-03                                 111
 4.850000E+02  3.953712E+01  4.063577E-02  2.091914E-03                                 111
 4.852500E+02  3.955780E+01  4.063577E-02  2.090801E-03                                 111
 4.855000E+02  3.957847E+01  4.063577E-02  2.089689E-03                                 111
 4.857500E+02  3.959915E+01  4.063577E-02  2.088579E-03                                 111
 4.860000E+02  3.961983E+01  4.063577E-02  2.087470E-03                                 111
 4.862500E+02  3.964050E+01  4.063577E-02  2.086362E-03                                 111
 4.865000E+02  3.966118E+01  4.063577E-02  2.085255E-03                                 111
 4.867500E+02  3.968185E+01  4.063577E-02  2.084149E-03                                 111
 4.870000E+02  3.970253E+01  4.063577E-02  2.083045E-03                                 111
 4.872500E+02  3.972320E+01  4.063577E-02  2.081942E-03                                 111
 4.875000E+02  3.974388E+01  4.063577E-02  2.080840E-03                                 111
 4.877500E+02  3.976456E+01  4.063577E-02  2.079739E-03                                 111
 4.880000E+02  3.978523E+01  4.063577E-02  2.078640E-03                                 111
 4.882500E+02  3.980590E+01  4.063577E-02  2.077541E-03                                 111
 4.885000E+02  3.982658E+01  4.063577E-02  2.076444E-03                                 111
 4.887500E+02  3.984725E+01  4.063577E-02  2.075348E-03                                 111
 4.890000E+02  3.986793E+01  4.063577E-02  2.074253E-03                                 111
 4.892500E+02  3.988860E+01  4.063577E-02  2.073159E-03                                 111
 4.895000E+02  3.990928E+01  4.063577E-02  2.072067E-03                                 111
 4.897500E+02  3.992995E+01  4.063577E-02  2.070976E-03                                 111
 4.900000E+02  3.995062E+01  4.063577E-02  2.069885E-03                                 111
 4.902500E+02  3.997130E+01  4.063577E-02  2.068796E-03                                 111
 4.905000E+02  3.999197E+01  4.063577E-02  2.067709E-03                                 111
 4.907500E+02  4.001264E+01  4.063577E-02  2.066622E-03                                 111
 4.910000E+02  4.003331E+01  4.063577E-02  2.065537E-03                                 111
 4.912500E+02  4.005399E+01  4.063577E-02  2.064452E-03                                 111
 4.915000E+02  4.007466E+01  4.063577E-02  2.063369E-03                                 111
 4.917500E+02  4.009533E+01  4.063577E-02  2.062287E-03                                 111
 4.920000E+02  4.011600E+01  4.063577E-02  2.061206E-03                                 111
 4.922500E+02  4.013667E+01  4.063577E-02  2.060127E-03                                 111
 4.925000E+02  4.015735E+01  4.063577E-02  2.059048E-03                                 111
 4.927500E+02  4.017802E+01  4.063577E-02  2.057971E-03                                 111
 4.930000E+02  4.019869E+01  4.063577E-02  2.056895E-03                                 111
 4.932500E+02  4.021936E+01  4.063577E-02  2.055820E-03                                 111
 4.935000E+02  4.024003E+01  4.063577E-02  2.054746E-03                                 111
 4.937500E+02  4.026070E+01  4.063577E-02  2.053673E-03                                 111
 4.940000E+02  4.028137E+01  4.063577E-02  2.052601E-03                                 111
 4.942500E+02  4.030204E+01  4.063577E-02  2.051531E-03                                 111
 4.945000E+02  4.032271E+01  4.063577E-02  2.050462E-03                                 111
 4.947500E+02  4.034338E+01  4.063577E-02  2.049393E-03                                 111
 4.950000E+02  4.036405E+01  4.063577E-02  2.048326E-03                                 111
 4.952500E+02  4.038472E+01  4.063577E-02  2.047261E-03                                 111
 4.955000E+02  4.040539E+01  4.063577E-02  2.046196E-03                                 111
 4.957500E+02  4.042606E+01  4.063577E-02  2.045132E-03                                 111
 4.960000E+02  4.044673E+01  4.063577E-02  2.044070E-03                                 111
 4.962500E+02  4.046740E+01  4.063577E-02  2.043008E-03                                 111
 4.965000E+02  4.048807E+01  4.063577E-02  2.041948E-03                                 111
 4.967500E+02  4.050874E+01  4.063577E-02  2.040889E-03                                 111
 4.970000E+02  4.052940E+01  4.063577E-02  2.039831E-03                                 111
 4.972500E+02  4.055007E+01  4.063577E-02  2.038774E-03                                 111
 4.975000E+02  4.057074E+01  4.063577E-02  2.037718E-03                                 111
 4.977500E+02  4.059141E+01  4.063577E-02  2.036663E-03                                 111
 4.980000E+02  4.061208E+01  4.063577E-02  2.035610E-03                                 111
 4.982500E+02  4.063274E+01  4.063577E-02  2.034557E-03                                 111
 4.985000E+02  4.065341E+01  4.063577E-02  2.033506E-03                                 111
 4.987500E+02  4.067408E+01  4.063577E-02  2.032456E-03                                 111
 4.990000E+02  4.069474E+01  4.063577E-02  2.031407E-03                                 111
 4.992500E+02  4.071541E+01  4.063577E-02  2.030359E-03                                 111
 4.995000E+02  4.073608E+01  4.063577E-02  2.029312E-03                                 111
 4.997500E+02  4.075674E+01  4.063577E-02  2.028266E-03                                 111
 5.000000E+02  4.077741E+01  4.063577E-02  2.027230E-03                                 111
