#         T/K          U/kJ          H/kJ      S/J*K^-1
 2.500000E+02  5.725388E+01  5.725701E+01  1.068715E+02
 2.502500E+02  5.726893E+01  5.727205E+01  1.069317E+02
 2.505000E+02  5.728398E+01  5.728710E+01  1.069918E+02
 2.507500E+02  5.729903E+01  5.730215E+01  1.070519E+02
 2.510000E+02  5.731408E+01  5.731721E+01  1.071119E+02
 2.512500E+02  5.732914E+01  5.733226E+01  1.071718E+02
 2.515000E+02  5.734420E+01  5.734732E+01  1.072317E+02
 2.517500E+02  5.735926E+01  5.736238E+01  1.072916E+02
 2.520000E+02  5.737432E+01  5.737745E+01  1.073514E+02
 2.522500E+02  5.738939E+01  5.739251E+01  1.074111E+02
 2.525000E+02  5.740445E+01  5.740758E+01  1.074708E+02
 2.527500E+02  5.741952E+01  5.742265E+01  1.075305E+02
 2.530000E+02  5.743459E+01  5.743772E+01  1.075901E+02
 2.532500E+02  5.744967E+01  5.745279E+01  1.076496E+02
 2.535000E+02  5.746474E+01  5.746787E+01  1.077091E+02
 2.537500E+02  5.747982E+01  5.748294E+01  1.077686E+02
 2.540000E+02  5.749490E+01  5.749802E+01  1.078280E+02
 2.542500E+02  5.750998E+01  5.751310E+01  1.078873E+02
 2.545000E+02  5.752506E+01  5.752818E+01  1.079466E+02
 2.547500E+02  5.754014E+01  5.754327E+01  1.080058E+02
 2.550000E+02  5.755523E+01  5.755835E+01  1.080650E+02
 2.552500E+02  5.757031E+01  5.757344E+01  1.081242E+02
 2.555000E+02  5.758540E+01  5.758853E+01  1.081833E+02
 2.557500E+02  5.760049E+01  5.760362E+01  1.082423E+02
 2.560000E+02  5.761559E+01  5.761871E+01  1.083013E+02
 2.562500E+02  5.763068E+01  5.763381E+01  1.083602E+02
 2.565000E+02  5.764578E+01  5.764890E+01  1.084191E+02
 2.567500E+02  5.766087E+01  5.766400E+01  1.084779E+02
 2.570000E+02  5.767597E+01  5.767910E+01  1.085367E+02
 2.572500E+02  5.769108E+01  5.769420E+01  1.085954E+02
 2.575000E+02  5.770618E+01  5.770931E+01  1.086541E+02
 2.577500E+02  5.772128E+01  5.772441E+01  1.087127E+02
 2.580000E+02  5.773639E+01  5.773952E+01  1.087713E+02
 2.582500E+02  5.775150E+01  5.775462E+01  1.088299E+02
 2.585000E+02  5.776661E+01  5.776973E+01  1.088883E+02
 2.587500E+02  5.778172E+01  5.778485E+01  1.089468E+02
 2.590000E+02  5.779683E+01  5.779996E+01  1.090051E+02
 2.592500E+02  5.781194E+01  5.781507E+01  1.090635E+02
 2.595000E+02  5.782706E+01  5.783019E+01  1.091217E+02
 2.597500E+02  5.784218E+01  5.784531E+01  1.091800E+02
 2.600000E+02  5.785730E+01  5.786043E+01  1.092382E+02
 2.602500E+02  5.787242E+01  5.787555E+01  1.092963E+02
 2.605000E+02  5.788754E+01  5.789067E+01  1.093544E+02
 2.607500E+02  5.790266E+01  5.790579E+01  1.094124E+02
 2.610000E+02  5.791779E+01  5.792092E+01  1.094704E+02
 2.612500E+02  5.793292E+01  5.793604E+01  1.095283E+02
 2.615000E+02  5.794804E+01  5.795117E+01  1.095862E+02
 2.617500E+02  5.796317E+01  5.796630E+01  1.096440E+02
 2.620000E+02  5.797831E+01  5.798144E+01  1.097018E+02
 2.622500E+02  5.799344E+01  5.799657E+01  1.097595E+02
 2.625000E+02  5.800857E+01  5.801170E+01  1.098172E+02
 2.627500E+02  5.802371E+01  5.802684E+01  1.098749E+02
 2.630000E+02  5.803885E+01  5.804198E+01  1.099324E+02
 2.632500E+02  5.805399E+01  5.805712E+01  1.099900E+02
 2.635000E+02  5.806913E+01  5.807226E+01  1.100475E+02
 2.637500E+02  5.808427E+01  5.808740E+01  1.101049E+02
 2.640000E+02  5.809941E+01  5.810254E+01  1.101623E+02
 2.642500E+02  5.811456E+01  5.811769E+01  1.102196E+02
 2.645000E+02  5.812971E+01  5.813284E+01  1.102769E+02
 2.647500E+02  5.814486E+01  5.814799E+01  1.103342E+02
 2.650000E+02  5.816001E+01  5.816314E+01  1.103914E+02
 2.652500E+02  5.817516E+01  5.817829E+01  1.104485E+02
 2.655000E+02  5.819031E+01  5.819344E+01  1.105056E+02
 2.657500E+02  5.820547E+01  5.820860E+01  1.105627E+02
 2.660000E+02  5.822062E+01  5.822375E+01  1.106197E+02
 2.662500E+02  5.823578E+01  5.823891E+01  1.106766E+02
 2.665000E+02  5.825094E+01  5.825407E+01  1.107336E+02
 2.667500E+02  5.826610E+01  5.826923E+01  1.107904E+02
 2.670000E+02  5.828126E+01  5.828439E+01  1.108472E+02
 2.672500E+02  5.829643E+01  5.829956E+01  1.109040E+02
 2.675000E+02  5.831159E+01  5.831472E+01  1.109607E+02
 2.677500E+02  5.832676E+01  5.832989E+01  1.110174E+02
 2.680000E+02  5.834193E+01  5.834506E+01  1.110740E+02
 2.682500E+02  5.835710E+01  5.836023E+01  1.111306E+02
 2.685000E+02  5.837227E+01  5.837540E+01  1.111871E+02
 2.687500E+02  5.838745E+01  5.839058E+01  1.112436E+02
 2.690000E+02  5.840262E+01  5.840575E+01  1.113001E+02
 2.692500E+02  5.841780E+01  5.842093E+01  1.113565E+02
 2.695000E+02  5.843298E+01  5.843611E+01  1.114128E+02
 2.697500E+02  5.844816E+01  5.845129E+01  1.114691E+02
 2.700000E+02  5.846334E+01  5.846647E+01  1.115254E+02
 2.702500E+02  5.847852E+01  5.848166E+01  1.115816E+02
 2.705000E+02  5.849371E+01  5.849684E+01  1.116378E+02
 2.707500E+02  5.850890E+01  5.851203E+01  1.116939E+02
 2.710000E+02  5.852409E+01  5.852722E+01  1.117500E+02
 2.712500E+02  5.853928E+01  5.854241E+01  1.118060E+02
 2.715000E+02  5.855447E+01  5.855761E+01  1.118620E+02
 2.717500E+02  5.856967E+01  5.857280E+01  1.119179E+02
 2.720000E+02  5.858486E+01  5.858800E+01  1.119738E+02
 2.722500E+02  5.860006E+01  5.860319E+01  1.120297E+02
 2.725000E+02  5.861526E+01  5.861839E+01  1.120855E+02
 2.727500E+02  5.863046E+01  5.863360E+01  1.121412E+02
 2.730000E+02  5.864566E+01  5.864880E+01  1.121969E+02
 2.732500E+02  5.866087E+01  5.866401E+01  1.122526E+02
 2.735000E+02  5.867608E+01  5.867921E+01  1.123082E+02
 2.737500E+02  5.869129E+01  5.869442E+01  1.123638E+02
 2.740000E+02  5.870650E+01  5.870963E+01  1.124194E+02
 2.742500E+02  5.872171E+01  5.872485E+01  1.124749E+02
 2.745000E+02  5.873693E+01  5.874006E+01  1.125303E+02
 2.747500E+02  5.875214E+01  5.875528E+01  1.125857E+02
 2.750000E+02  5.876736E+01  5.877050E+01  1.126411E+02
 2.752500E+02  5.878258E+01  5.878572E+01  1.126964E+02
 2.755000E+02  5.879781E+01  5.880094E+01  1.127517E+02
 2.757500E+02  5.881303E+01  5.881617E+01  1.128069E+02
 2.760000E+02  5.882826E+01  5.883140E+01  1.128621E+02
 2.762500E+02  5.884349E+01  5.884662E+01  1.129173E+02
 2.765000E+02  5.885872E+01  5.886186E+01  1.129724E+02
 2.767500E+02  5.887395E+01  5.887709E+01  1.130275E+02
 2.770000E+02  5.888919E+01  5.889233E+01  1.130825E+02
 2.772500E+02  5.890443E+01  5.890756E+01  1.131375E+02
 2.775000E+02  5.891967E+01  5.892280E+01  1.131924E+02
 2.777500E+02  5.893491E+01  5.893805E+01  1.132473E+02
 2.780000E+02  5.895015E+01  5.895329E+01  1.133022E+02
 2.782500E+02  5.896540E+01  5.896854E+01  1.133570E+02
 2.785000E+02  5.898065E+01  5.898379E+01  1.134118E+02
 2.787500E+02  5.899590E+01  5.899904E+01  1.134665E+02
 2.790000E+02  5.901115E+01  5.901429E+01  1.135212E+02
 2.792500E+02  5.902641E+01  5.902955E+01  1.135759E+02
 2.795000E+02  5.904167E+01  5.904481E+01  1.136305E+02
 2.797500E+02  5.905693E+01  5.906007E+01  1.136851E+02
 2.800000E+02  5.907219E+01  5.907533E+01  1.137396E+02
 2.802500E+02  5.908746E+01  5.909060E+01  1.137941E+02
 2.805000E+02  5.910273E+01  5.910587E+01  1.138486E+02
 2.807500E+02  5.911800E+01  5.912114E+01  1.139030E+02
 2.810000E+02  5.913327E+01  5.913641E+01  1.139574E+02
 2.812500E+02  5.914855E+01  5.915169E+01  1.140117E+02
 2.815000E+02  5.916383E+01  5.916697E+01  1.140660E+02
 2.817500E+02  5.917911E+01  5.918225E+01  1.141203E+02
 2.820000E+02  5.919439E+01  5.919753E+01  1.141745E+02
 2.822500E+02  5.920968E+01  5.921282E+01  1.142287E+02
 2.825000E+02  5.922497E+01  5.922811E+01  1.142828E+02
 2.827500E+02  5.924026E+01  5.924340E+01  1.143369E+02
 2.830000E+02  5.925556E+01  5.925870E+01  1.143910E+02
 2.832500E+02  5.927086E+01  5.927400E+01  1.144450E+02
 2.835000E+02  5.928616E+01  5.928930E+01  1.144990E+02
 2.837500E+02  5.930146E+01  5.930460E+01  1.145530E+02
 2.840000E+02  5.931677E+01  5.931991E+01  1.146069E+02
 2.842500E+02  5.933208E+01  5.933522E+01  1.146608E+02
 2.845000E+02  5.934739E+01  5.935053E+01  1.147146E+02
 2.847500E+02  5.936270E+01  5.936585E+01  1.147685E+02
 2.850000E+02  5.937802E+01  5.938116E+01  1.148222E+02
 2.852500E+02  5.939334E+01  5.939649E+01  1.148760E+02
 2.855000E+02  5.940867E+01  5.941181E+01  1.149297E+02
 2.857500E+02  5.942400E+01  5.942714E+01  1.149833E+02
 2.860000E+02  5.943933E+01  5.944247E+01  1.150370E+02
 2.862500E+02  5.945466E+01  5.945781E+01  1.150906E+02
 2.865000E+02  5.947000E+01  5.947314E+01  1.151441E+02
 2.867500E+02  5.948534E+01  5.948848E+01  1.151976E+02
 2.870000E+02  5.950069E+01  5.950383E+01  1.152511E+02
 2.872500E+02  5.951603E+01  5.951918E+01  1.153046E+02
 2.875000E+02  5.953139E+01  5.953453E+01  1.153580E+02
 2.877500E+02  5.954674E+01  5.954988E+01  1.154114E+02
 2.880000E+02  5.956210E+01  5.956524E+01  1.154647E+02
 2.882500E+02  5.957746E+01  5.958060E+01  1.155181E+02
 2.885000E+02  5.959283E+01  5.959597E+01  1.155713E+02
 2.887500E+02  5.960819E+01  5.961134E+01  1.156246E+02
 2.890000E+02  5.962357E+01  5.962671E+01  1.156778E+02
 2.892500E+02  5.963894E+01  5.964209E+01  1.157310E+02
 2.895000E+02  5.965432E+01  5.965747E+01  1.157841E+02
 2.897500E+02  5.966971E+01  5.967285E+01  1.158372E+02
 2.900000E+02  5.968509E+01  5.968824E+01  1.158903E+02
 2.902500E+02  5.970048E+01  5.970363E+01  1.159434E+02
 2.905000E+02  5.971588E+01  5.971902E+01  1.159964E+02
 2.907500E+02  5.973128E+01  5.973442E+01  1.160494E+02
 2.910000E+02  5.974668E+01  5.974983E+01  1.161023E+02
 2.912500E+02  5.976209E+01  5.976523E+01  1.161553E+02
 2.915000E+02  5.977750E+01  5.978064E+01  1.162082E+02
 2.917500E+02  5.979291E+01  5.979606E+01  1.162610E+02
 2.920000E+02  5.980833E+01  5.981148E+01  1.163138E+02
 2.922500E+02  5.982376E+01  5.982690E+01  1.163666E+02
 2.925000E+02  5.983918E+01  5.984233E+01  1.164194E+02
 2.927500E+02  5.985462E+01  5.985776E+01  1.164721E+02
 2.930000E+02  5.987005E+01  5.987320E+01  1.165248E+02
 2.932500E+02  5.988549E+01  5.988864E+01  1.165775E+02
 2.935000E+02  5.990094E+01  5.990408E+01  1.166302E+02
 2.937500E+02  5.991639E+01  5.991953E+01  1.166828E+02
 2.940000E+02  5.993184E+01  5.993499E+01  1.167354E+02
 2.942500E+02  5.994730E+01  5.995044E+01  1.167879E+02
 2.945000E+02  5.996276E+01  5.996591E+01  1.168404E+02
 2.947500E+02  5.997823E+01  5.998137E+01  1.168929E+02
 2.950000E+02  5.999370E+01  5.999685E+01  1.169454E+02
 2.952500E+02  6.000917E+01  6.001232E+01  1.169979E+02
 2.955000E+02  6.002466E+01  6.002780E+01  1.170503E+02
 2.957500E+02  6.004014E+01  6.004329E+01  1.171027E+02
 2.960000E+02  6.005563E+01  6.005878E+01  1.171550E+02
 2.962500E+02  6.007113E+01  6.007428E+01  1.172073E+02
 2.965000E+02  6.008663E+01  6.008978E+01  1.172596E+02
 2.967500E+02  6.010214E+01  6.010528E+01  1.173119E+02
 2.970000E+02  6.011765E+01  6.012079E+01  1.173642E+02
 2.972500E+02  6.013316E+01  6.013631E+01  1.174164E+02
 2.975000E+02  6.014868E+01  6.015183E+01  1.174686E+02
 2.977500E+02  6.016421E+01  6.016736E+01  1.175207E+02
 2.980000E+02  6.017974E+01  6.018289E+01  1.175729E+02
 2.982500E+02  6.019528E+01  6.019842E+01  1.176250E+02
 2.985000E+02  6.021082E+01  6.021397E+01  1.176771E+02
 2.987500E+02  6.022636E+01  6.022951E+01  1.177291E+02
 2.990000E+02  6.024192E+01  6.024507E+01  1.177812E+02
 2.992500E+02  6.025747E+01  6.026062E+01  1.178332E+02
 2.995000E+02  6.027304E+01  6.027619E+01  1.178852E+02
 2.997500E+02  6.028861E+01  6.029176E+01  1.179371E+02
 3.000000E+02  6.030418E+01  6.030733E+01  1.179891E+02
 3.002500E+02  6.031976E+01  6.032291E+01  1.180410E+02
 3.005000E+02  6.033535E+01  6.033850E+01  1.180929E+02
 3.007500E+02  6.035094E+01  6.035409E+01  1.181447E+02
 3.010000E+02  6.036654E+01  6.036969E+01  1.181966E+02
 3.012500E+02  6.038214E+01  6.038529E+01  1.182484E+02
 3.015000E+02  6.039775E+01  6.040090E+01  1.183002E+02
 3.017500E+02  6.041336E+01  6.041651E+01  1.183520E+02
 3.020000E+02  6.042898E+01  6.043214E+01  1.184037E+02
 3.022500E+02  6.044461E+01  6.044776E+01  1.184554E+02
 3.025000E+02  6.046025E+01  6.046340E+01  1.185071E+02
 3.027500E+02  6.047588E+01  6.047904E+01  1.185588E+02
 3.030000E+02  6.049153E+01  6.049468E+01  1.186105E+02
 3.032500E+02  6.050718E+01  6.051033E+01  1.186621E+02
 3.035000E+02  6.052284E+01  6.052599E+01  1.187137E+02
 3.037500E+02  6.053851E+01  6.054166E+01  1.187653E+02
 3.040000E+02  6.055418E+01  6.055733E+01  1.188169E+02
 3.042500E+02  6.056985E+01  6.057301E+01  1.188684E+02
 3.045000E+02  6.058554E+01  6.058869E+01  1.189200E+02
 3.047500E+02  6.060123E+01  6.060438E+01  1.189715E+02
 3.050000E+02  6.061693E+01  6.062008E+01  1.190230E+02
 3.052500E+02  6.063263E+01  6.063578E+01  1.190744E+02
 3.055000E+02  6.064834E+01  6.065149E+01  1.191259E+02
 3.057500E+02  6.066406E+01  6.066721E+01  1.191773E+02
 3.060000E+02  6.067978E+01  6.068294E+01  1.192287E+02
 3.062500E+02  6.069551E+01  6.069867E+01  1.192801E+02
 3.065000E+02  6.071125E+01  6.071441E+01  1.193315E+02
 3.067500E+02  6.072700E+01  6.073015E+01  1.193828E+02
 3.070000E+02  6.074275E+01  6.074590E+01  1.194342E+02
 3.072500E+02  6.075851E+01  6.076166E+01  1.194855E+02
 3.075000E+02  6.077428E+01  6.077743E+01  1.195368E+02
 3.077500E+02  6.079005E+01  6.079320E+01  1.195881E+02
 3.080000E+02  6.080583E+01  6.080899E+01  1.196393E+02
 3.082500E+02  6.082162E+01  6.082477E+01  1.196906E+02
 3.085000E+02  6.083742E+01  6.084057E+01  1.197418E+02
 3.087500E+02  6.085322E+01  6.085638E+01  1.197930E+02
 3.090000E+02  6.086903E+01  6.087219E+01  1.198442E+02
 3.092500E+02  6.088485E+01  6.088801E+01  1.198953E+02
 3.095000E+02  6.090068E+01  6.090383E+01  1.199465E+02
 3.097500E+02  6.091651E+01  6.091967E+01  1.199976E+02
 3.100000E+02  6.093235E+01  6.093551E+01  1.200488E+02
 3.102500E+02  6.094820E+01  6.095136E+01  1.200999E+02
 3.105000E+02  6.096406E+01  6.096722E+01  1.201510E+02
 3.107500E+02  6.097993E+01  6.098308E+01  1.202020E+02
 3.110000E+02  6.099580E+01  6.099896E+01  1.202531E+02
 3.112500E+02  6.101168E+01  6.101484E+01  1.203042E+02
 3.115000E+02  6.102757E+01  6.103073E+01  1.203552E+02
 3.117500E+02  6.104347E+01  6.104663E+01  1.204062E+02
 3.120000E+02  6.105938E+01  6.106253E+01  1.204572E+02
 3.122500E+02  6.107529E+01  6.107845E+01  1.205082E+02
 3.125000E+02  6.109121E+01  6.109437E+01  1.205592E+02
 3.127500E+02  6.110715E+01  6.111030E+01  1.206101E+02
 3.130000E+02  6.112309E+01  6.112624E+01  1.206611E+02
 3.132500E+02  6.113904E+01  6.114219E+01  1.207120E+02
 3.135000E+02  6.115499E+01  6.115815E+01  1.207629E+02
 3.137500E+02  6.117096E+01  6.117412E+01  1.208138E+02
 3.140000E+02  6.118693E+01  6.119009E+01  1.208647E+02
 3.142500E+02  6.120292E+01  6.120607E+01  1.209156E+02
 3.145000E+02  6.121891E+01  6.122207E+01  1.209665E+02
 3.147500E+02  6.123491E+01  6.123807E+01  1.210174E+02
 3.150000E+02  6.125092E+01  6.125408E+01  1.210682E+02
 3.152500E+02  6.126694E+01  6.127010E+01  1.211190E+02
 3.155000E+02  6.128297E+01  6.128613E+01  1.211699E+02
 3.157500E+02  6.129901E+01  6.130217E+01  1.212207E+02
 3.160000E+02  6.131505E+01  6.131821E+01  1.212715E+02
 3.162500E+02  6.133111E+01  6.133427E+01  1.213223E+02
 3.165000E+02  6.134718E+01  6.135033E+01  1.213730E+02
 3.167500E+02  6.136325E+01  6.136641E+01  1.214238E+02
 3.170000E+02  6.137934E+01  6.138250E+01  1.214746E+02
 3.172500E+02  6.139543E+01  6.139859E+01  1.215253E+02
 3.175000E+02  6.141153E+01  6.141469E+01  1.215761E+02
 3.177500E+02  6.142765E+01  6.143081E+01  1.216268E+02
 3.180000E+02  6.144377E+01  6.144693E+01  1.216775E+02
 3.182500E+02  6.145990E+01  6.146306E+01  1.217282E+02
 3.185000E+02  6.147605E+01  6.147921E+01  1.217789E+02
 3.187500E+02  6.149220E+01  6.149536E+01  1.218296E+02
 3.190000E+02  6.150836E+01  6.151152E+01  1.218803E+02
 3.192500E+02  6.152454E+01  6.152770E+01  1.219310E+02
 3.195000E+02  6.154072E+01  6.154388E+01  1.219817E+02
 3.197500E+02  6.155691E+01  6.156007E+01  1.220324E+02
 3.200000E+02  6.157312E+01  6.157628E+01  1.220830E+02
 3.202500E+02  6.158933E+01  6.159249E+01  1.221337E+02
 3.205000E+02  6.160556E+01  6.160872E+01  1.221843E+02
 3.207500E+02  6.162179E+01  6.162495E+01  1.222349E+02
 3.210000E+02  6.163804E+01  6.164120E+01  1.222856E+02
 3.212500E+02  6.165429E+01  6.165746E+01  1.223362E+02
 3.215000E+02  6.167056E+01  6.167372E+01  1.223868E+02
 3.217500E+02  6.168684E+01  6.169000E+01  1.224374E+02
 3.220000E+02  6.170313E+01  6.170629E+01  1.224880E+02
 3.222500E+02  6.171943E+01  6.172259E+01  1.225386E+02
 3.225000E+02  6.173574E+01  6.173890E+01  1.225892E+02
 3.227500E+02  6.175206E+01  6.175522E+01  1.226398E+02
 3.230000E+02  6.176839E+01  6.177156E+01  1.226904E+02
 3.232500E+02  6.178474E+01  6.178790E+01  1.227410E+02
 3.235000E+02  6.180109E+01  6.180426E+01  1.227916E+02
 3.237500E+02  6.181746E+01  6.182062E+01  1.228421E+02
 3.240000E+02  6.183384E+01  6.183700E+01  1.228927E+02
 3.242500E+02  6.185023E+01  6.185339E+01  1.229433E+02
 3.245000E+02  6.186663E+01  6.186979E+01  1.229938E+02
 3.247500E+02  6.188304E+01  6.188620E+01  1.230444E+02
 3.250000E+02  6.189947E+01  6.190263E+01  1.230949E+02
 3.252500E+02  6.191590E+01  6.191906E+01  1.231455E+02
 3.255000E+02  6.193235E+01  6.193551E+01  1.231961E+02
 3.257500E+02  6.194881E+01  6.195197E+01  1.232466E+02
 3.260000E+02  6.196528E+01  6.196844E+01  1.232971E+02
 3.262500E+02  6.198176E+01  6.198493E+01  1.233477E+02
 3.265000E+02  6.199826E+01  6.200142E+01  1.233982E+02
 3.267500E+02  6.201477E+01  6.201793E+01  1.234488E+02
 3.270000E+02  6.203129E+01  6.203445E+01  1.234993E+02
 3.272500E+02  6.204782E+01  6.205099E+01  1.235499E+02
 3.275000E+02  6.206437E+01  6.206753E+01  1.236004E+02
 3.277500E+02  6.208092E+01  6.208409E+01  1.236509E+02
 3.280000E+02  6.209749E+01  6.210066E+01  1.237015E+02
 3.282500E+02  6.211408E+01  6.211724E+01  1.237520E+02
 3.285000E+02  6.213067E+01  6.213384E+01  1.238025E+02
 3.287500E+02  6.214728E+01  6.215044E+01  1.238531E+02
 3.290000E+02  6.216390E+01  6.216707E+01  1.239036E+02
 3.292500E+02  6.218053E+01  6.218370E+01  1.239542E+02
 3.295000E+02  6.219718E+01  6.220035E+01  1.240047E+02
 3.297500E+02  6.221384E+01  6.221701E+01  1.240552E+02
 3.300000E+02  6.223051E+01  6.223368E+01  1.241058E+02
 3.302500E+02  6.224720E+01  6.225036E+01  1.241563E+02
 3.305000E+02  6.226390E+01  6.226706E+01  1.242069E+02
 3.307500E+02  6.228061E+01  6.228378E+01  1.242574E+02
 3.310000E+02  6.229734E+01  6.230050E+01  1.243080E+02
 3.312500E+02  6.231408E+01  6.231724E+01  1.243585E+02
 3.315000E+02  6.233083E+01  6.233400E+01  1.244091E+02
 3.317500E+02  6.234760E+01  6.235076E+01  1.244597E+02
 3.320000E+02  6.236438E+01  6.236754E+01  1.245102E+02
 3.322500E+02  6.238117E+01  6.238434E+01  1.245608E+02
 3.325000E+02  6.239798E+01  6.240115E+01  1.246114E+02
 3.327500E+02  6.241480E+01  6.241797E+01  1.246619E+02
 3.330000E+02  6.243164E+01  6.243480E+01  1.247125E+02
 3.332500E+02  6.244849E+01  6.245165E+01  1.247631E+02
 3.335000E+02  6.246535E+01  6.246852E+01  1.248137E+02
 3.337500E+02  6.248223E+01  6.248540E+01  1.248643E+02
 3.340000E+02  6.249912E+01  6.250229E+01  1.249149E+02
 3.342500E+02  6.251603E+01  6.251920E+01  1.249655E+02
 3.345000E+02  6.253295E+01  6.253612E+01  1.250161E+02
 3.347500E+02  6.254989E+01  6.255306E+01  1.250667E+02
 3.350000E+02  6.256684E+01  6.257001E+01  1.251173E+02
 3.352500E+02  6.258380E+01  6.258697E+01  1.251679E+02
 3.355000E+02  6.260079E+01  6.260396E+01  1.252186E+02
 3.357500E+02  6.261778E+01  6.262095E+01  1.252692E+02
 3.360000E+02  6.263479E+01  6.263796E+01  1.253198E+02
 3.362500E+02  6.265182E+01  6.265499E+01  1.253705E+02
 3.365000E+02  6.266886E+01  6.267203E+01  1.254212E+02
 3.367500E+02  6.268591E+01  6.268908E+01  1.254718E+02
 3.370000E+02  6.270298E+01  6.270615E+01  1.255225E+02
 3.372500E+02  6.272007E+01  6.272324E+01  1.255732E+02
 3.375000E+02  6.273717E+01  6.274034E+01  1.256239E+02
 3.377500E+02  6.275429E+01  6.275746E+01  1.256746E+02
 3.380000E+02  6.277142E+01  6.277459E+01  1.257253E+02
 3.382500E+02  6.278857E+01  6.279174E+01  1.257760E+02
 3.385000E+02  6.280573E+01  6.280891E+01  1.258267E+02
 3.387500E+02  6.282292E+01  6.282609E+01  1.258775E+02
 3.390000E+02  6.284011E+01  6.284328E+01  1.259282E+02
 3.392500E+02  6.285732E+01  6.286050E+01  1.259790E+02
 3.395000E+02  6.287455E+01  6.287772E+01  1.260297E+02
 3.397500E+02  6.289180E+01  6.289497E+01  1.260805E+02
 3.400000E+02  6.290906E+01  6.291223E+01  1.261313E+02
 3.402500E+02  6.292633E+01  6.292951E+01  1.261821E+02
 3.405000E+02  6.294363E+01  6.294680E+01  1.262329E+02
 3.407500E+02  6.296094E+01  6.296411E+01  1.262837E+02
 3.410000E+02  6.297826E+01  6.298144E+01  1.263345E+02
 3.412500E+02  6.299561E+01  6.299878E+01  1.263854E+02
 3.415000E+02  6.301296E+01  6.301614E+01  1.264362E+02
 3.417500E+02  6.303034E+01  6.303351E+01  1.264871E+02
 3.420000E+02  6.304773E+01  6.305091E+01  1.265380E+02
 3.422500E+02  6.306514E+01  6.306832E+01  1.265889E+02
 3.425000E+02  6.308257E+01  6.308575E+01  1.266398E+02
 3.427500E+02  6.310002E+01  6.310319E+01  1.266907E+02
 3.430000E+02  6.311748E+01  6.312065E+01  1.267416E+02
 3.432500E+02  6.313496E+01  6.313813E+01  1.267925E+02
 3.435000E+02  6.315245E+01  6.315563E+01  1.268435E+02
 3.437500E+02  6.316997E+01  6.317314E+01  1.268945E+02
 3.440000E+02  6.318750E+01  6.319068E+01  1.269455E+02
 3.442500E+02  6.320505E+01  6.320822E+01  1.269965E+02
 3.445000E+02  6.322262E+01  6.322579E+01  1.270475E+02
 3.447500E+02  6.324020E+01  6.324338E+01  1.270985E+02
 3.450000E+02  6.325780E+01  6.326098E+01  1.271495E+02
 3.452500E+02  6.327542E+01  6.327860E+01  1.272006E+02
 3.455000E+02  6.329306E+01  6.329624E+01  1.272517E+02
 3.457500E+02  6.331072E+01  6.331390E+01  1.273027E+02
 3.460000E+02  6.332840E+01  6.333157E+01  1.273539E+02
 3.462500E+02  6.334609E+01  6.334927E+01  1.274050E+02
 3.465000E+02  6.336380E+01  6.336698E+01  1.274561E+02
 3.467500E+02  6.338153E+01  6.338471E+01  1.275073E+02
 3.470000E+02  6.339928E+01  6.340246E+01  1.275584E+02
 3.472500E+02  6.341705E+01  6.342023E+01  1.276096E+02
 3.475000E+02  6.343484E+01  6.343801E+01  1.276608E+02
 3.477500E+02  6.345264E+01  6.345582E+01  1.277120E+02
 3.480000E+02  6.347047E+01  6.347364E+01  1.277633E+02
 3.482500E+02  6.348831E+01  6.349149E+01  1.278145E+02
 3.485000E+02  6.350617E+01  6.350935E+01  1.278658E+02
 3.487500E+02  6.352405E+01  6.352723E+01  1.279171E+02
 3.490000E+02  6.354196E+01  6.354513E+01  1.279684E+02
 3.492500E+02  6.355988E+01  6.356305E+01  1.280197E+02
 3.495000E+02  6.357782E+01  6.358099E+01  1.280711E+02
 3.497500E+02  6.359578E+01  6.359895E+01  1.281225E+02
 3.500000E+02  6.361376E+01  6.361693E+01  1.281739E+02
 3.502500E+02  6.363175E+01  6.363493E+01  1.282253E+02
 3.505000E+02  6.364977E+01  6.365295E+01  1.282767E+02
 3.507500E+02  6.366781E+01  6.367099E+01  1.283281E+02
 3.510000E+02  6.368587E+01  6.368905E+01  1.283796E+02
 3.512500E+02  6.370395E+01  6.370713E+01  1.284311E+02
 3.515000E+02  6.372205E+01  6.372523E+01  1.284826E+02
 3.517500E+02  6.374017E+01  6.374335E+01  1.285341E+02
 3.520000E+02  6.375831E+01  6.376149E+01  1.285857E+02
 3.522500E+02  6.377647E+01  6.377965E+01  1.286373E+02
 3.525000E+02  6.379465E+01  6.379783E+01  1.286889E+02
 3.527500E+02  6.381285E+01  6.381603E+01  1.287405E+02
 3.530000E+02  6.383108E+01  6.383426E+01  1.287921E+02
 3.532500E+02  6.384932E+01  6.385250E+01  1.288438E+02
 3.535000E+02  6.386758E+01  6.387076E+01  1.288955E+02
 3.537500E+02  6.388587E+01  6.388905E+01  1.289472E+02
 3.540000E+02  6.390418E+01  6.390736E+01  1.289989E+02
 3.542500E+02  6.392250E+01  6.392569E+01  1.290507E+02
 3.545000E+02  6.394085E+01  6.394403E+01  1.291024E+02
 3.547500E+02  6.395922E+01  6.396241E+01  1.291543E+02
 3.550000E+02  6.397762E+01  6.398080E+01  1.292061E+02
 3.552500E+02  6.399603E+01  6.399921E+01  1.292579E+02
 3.555000E+02  6.401446E+01  6.401765E+01  1.293098E+02
 3.557500E+02  6.403292E+01  6.403610E+01  1.293617E+02
 3.560000E+02  6.405140E+01  6.405458E+01  1.294136E+02
 3.562500E+02  6.406990E+01  6.407309E+01  1.294656E+02
 3.565000E+02  6.408843E+01  6.409161E+01  1.295176E+02
 3.567500E+02  6.410697E+01  6.411015E+01  1.295696E+02
 3.570000E+02  6.412554E+01  6.412872E+01  1.296216E+02
 3.572500E+02  6.414413E+01  6.414731E+01  1.296737E+02
 3.575000E+02  6.416274E+01  6.416593E+01  1.297257E+02
 3.577500E+02  6.418138E+01  6.418456E+01  1.297778E+02
 3.580000E+02  6.420003E+01  6.420322E+01  1.298300E+02
 3.582500E+02  6.421871E+01  6.422190E+01  1.298821E+02
 3.585000E+02  6.423742E+01  6.424060E+01  1.299343E+02
 3.587500E+02  6.425614E+01  6.425933E+01  1.299865E+02
 3.590000E+02  6.427489E+01  6.427808E+01  1.300388E+02
 3.592500E+02  6.429367E+01  6.429685E+01  1.300911E+02
 3.595000E+02  6.431246E+01  6.431565E+01  1.301434E+02
 3.597500E+02  6.433128E+01  6.433447E+01  1.301957E+02
 3.600000E+02  6.435013E+01  6.435332E+01  1.302481E+02
 3.602500E+02  6.436900E+01  6.437218E+01  1.303005E+02
 3.605000E+02  6.438789E+01  6.439107E+01  1.303529E+02
 3.607500E+02  6.440680E+01  6.440999E+01  1.304053E+02
 3.610000E+02  6.442574E+01  6.442892E+01  1.304578E+02
 3.612500E+02  6.444470E+01  6.444789E+01  1.305103E+02
 3.615000E+02  6.446368E+01  6.446687E+01  1.305629E+02
 3.617500E+02  6.448269E+01  6.448588E+01  1.306154E+02
 3.620000E+02  6.450173E+01  6.450491E+01  1.306680E+02
 3.622500E+02  6.452079E+01  6.452397E+01  1.307206E+02
 3.625000E+02  6.453987E+01  6.454306E+01  1.307733E+02
 3.627500E+02  6.455898E+01  6.456216E+01  1.308260E+02
 3.630000E+02  6.457811E+01  6.458130E+01  1.308787E+02
 3.632500E+02  6.459727E+01  6.460045E+01  1.309315E+02
 3.635000E+02  6.461645E+01  6.461963E+01  1.309843E+02
 3.637500E+02  6.463565E+01  6.463884E+01  1.310371E+02
 3.640000E+02  6.465488E+01  6.465807E+01  1.310899E+02
 3.642500E+02  6.467414E+01  6.467733E+01  1.311428E+02
 3.645000E+02  6.469342E+01  6.469661E+01  1.311957E+02
 3.647500E+02  6.471273E+01  6.471592E+01  1.312487E+02
 3.650000E+02  6.473206E+01  6.473525E+01  1.313017E+02
 3.652500E+02  6.475142E+01  6.475461E+01  1.313547E+02
 3.655000E+02  6.477081E+01  6.477400E+01  1.314078E+02
 3.657500E+02  6.479022E+01  6.479341E+01  1.314608E+02
 3.660000E+02  6.480965E+01  6.481284E+01  1.315140E+02
 3.662500E+02  6.482911E+01  6.483230E+01  1.315671E+02
 3.665000E+02  6.484860E+01  6.485179E+01  1.316203E+02
 3.667500E+02  6.486812E+01  6.487131E+01  1.316735E+02
 3.670000E+02  6.488766E+01  6.489085E+01  1.317268E+02
 3.672500E+02  6.490722E+01  6.491042E+01  1.317801E+02
 3.675000E+02  6.492682E+01  6.493001E+01  1.318334E+02
 3.677500E+02  6.494644E+01  6.494963E+01  1.318868E+02
 3.680000E+02  6.496609E+01  6.496928E+01  1.319402E+02
 3.682500E+02  6.498576E+01  6.498895E+01  1.319937E+02
 3.685000E+02  6.500546E+01  6.500865E+01  1.320471E+02
 3.687500E+02  6.502519E+01  6.502838E+01  1.321007E+02
 3.690000E+02  6.504494E+01  6.504813E+01  1.321542E+02
 3.692500E+02  6.506472E+01  6.506792E+01  1.322078E+02
 3.695000E+02  6.508453E+01  6.508773E+01  1.322614E+02
 3.697500E+02  6.510437E+01  6.510756E+01  1.323151E+02
 3.700000E+02  6.512424E+01  6.512743E+01  1.323688E+02
 3.702500E+02  6.514413E+01  6.514732E+01  1.324226E+02
 3.705000E+02  6.516405E+01  6.516724E+01  1.324763E+02
 3.707500E+02  6.518400E+01  6.518719E+01  1.325302E+02
 3.710000E+02  6.520397E+01  6.520717E+01  1.325840E+02
 3.712500E+02  6.522398E+01  6.522717E+01  1.326379E+02
 3.715000E+02  6.524401E+01  6.524720E+01  1.326919E+02
 3.717500E+02  6.526407E+01  6.526727E+01  1.327459E+02
 3.720000E+02  6.528416E+01  6.528735E+01  1.327999E+02
 3.722500E+02  6.530428E+01  6.530747E+01  1.328539E+02
 3.725000E+02  6.532443E+01  6.532762E+01  1.329080E+02
 3.727500E+02  6.534460E+01  6.534780E+01  1.329622E+02
 3.730000E+02  6.536481E+01  6.536800E+01  1.330164E+02
 3.732500E+02  6.538504E+01  6.538823E+01  1.330706E+02
 3.735000E+02  6.540530E+01  6.540850E+01  1.331249E+02
 3.737500E+02  6.542559E+01  6.542879E+01  1.331792E+02
 3.740000E+02  6.544591E+01  6.544911E+01  1.332335E+02
 3.742500E+02  6.546627E+01  6.546946E+01  1.332879E+02
 3.745000E+02  6.548665E+01  6.548984E+01  1.333424E+02
 3.747500E+02  6.550706E+01  6.551025E+01  1.333969E+02
 3.750000E+02  6.552750E+01  6.553069E+01  1.334514E+02
 3.752500E+02  6.554797E+01  6.555116E+01  1.335059E+02
 3.755000E+02  6.556847E+01  6.557166E+01  1.335606E+02
 3.757500E+02  6.558900E+01  6.559219E+01  1.336152E+02
 3.760000E+02  6.560956E+01  6.561275E+01  1.336699E+02
 3.762500E+02  6.563015E+01  6.563334E+01  1.337247E+02
 3.765000E+02  6.565077E+01  6.565397E+01  1.337795E+02
 3.767500E+02  6.567142E+01  6.567462E+01  1.338343E+02
 3.770000E+02  6.569210E+01  6.569530E+01  1.338892E+02
 3.772500E+02  6.571282E+01  6.571601E+01  1.339441E+02
 3.775000E+02  6.573356E+01  6.573676E+01  1.339991E+02
 3.777500E+02  6.575434E+01  6.575753E+01  1.340541E+02
 3.780000E+02  6.577514E+01  6.577834E+01  1.341091E+02
 3.782500E+02  6.579598E+01  6.579918E+01  1.341642E+02
 3.785000E+02  6.581685E+01  6.582005E+01  1.342194E+02
 3.787500E+02  6.583775E+01  6.584095E+01  1.342746E+02
 3.790000E+02  6.585868E+01  6.586188E+01  1.343299E+02
 3.792500E+02  6.587965E+01  6.588285E+01  1.343852E+02
 3.795000E+02  6.590064E+01  6.590384E+01  1.344405E+02
 3.797500E+02  6.592167E+01  6.592487E+01  1.344959E+02
 3.800000E+02  6.594273E+01  6.594593E+01  1.345513E+02
 3.802500E+02  6.596383E+01  6.596703E+01  1.346068E+02
 3.805000E+02  6.598495E+01  6.598815E+01  1.346624E+02
 3.807500E+02  6.600611E+01  6.600931E+01  1.347179E+02
 3.810000E+02  6.602730E+01  6.603050E+01  1.347736E+02
 3.812500E+02  6.604852E+01  6.605172E+01  1.348293E+02
 3.815000E+02  6.606978E+01  6.607298E+01  1.348850E+02
 3.817500E+02  6.609107E+01  6.609427E+01  1.349408E+02
 3.820000E+02  6.611239E+01  6.611559E+01  1.349966E+02
 3.822500E+02  6.613374E+01  6.613694E+01  1.350525E+02
 3.825000E+02  6.615513E+01  6.615833E+01  1.351084E+02
 3.827500E+02  6.617655E+01  6.617975E+01  1.351644E+02
 3.830000E+02  6.619801E+01  6.620121E+01  1.352205E+02
 3.832500E+02  6.621950E+01  6.622270E+01  1.352766E+02
 3.835000E+02  6.624102E+01  6.624422E+01  1.353327E+02
 3.837500E+02  6.626258E+01  6.626578E+01  1.353889E+02
 3.840000E+02  6.628417E+01  6.628737E+01  1.354451E+02
 3.842500E+02  6.630579E+01  6.630900E+01  1.355014E+02
 3.845000E+02  6.632745E+01  6.633065E+01  1.355578E+02
 3.847500E+02  6.634914E+01  6.635235E+01  1.356142E+02
 3.850000E+02  6.637087E+01  6.637408E+01  1.356706E+02
 3.852500E+02  6.639264E+01  6.639584E+01  1.357272E+02
 3.855000E+02  6.641443E+01  6.641764E+01  1.357837E+02
 3.857500E+02  6.643627E+01  6.643947E+01  1.358403E+02
 3.860000E+02  6.645813E+01  6.646134E+01  1.358970E+02
 3.862500E+02  6.648004E+01  6.648324E+01  1.359537E+02
 3.865000E+02  6.650197E+01  6.650518E+01  1.360105E+02
 3.867500E+02  6.652395E+01  6.652715E+01  1.360673E+02
 3.870000E+02  6.654596E+01  6.654916E+01  1.361242E+02
 3.872500E+02  6.656800E+01  6.657121E+01  1.361812E+02
 3.875000E+02  6.659008E+01  6.659329E+01  1.362382E+02
 3.877500E+02  6.661220E+01  6.661540E+01  1.362952E+02
 3.880000E+02  6.663435E+01  6.663756E+01  1.363523E+02
 3.882500E+02  6.665654E+01  6.665974E+01  1.364095E+02
 3.885000E+02  6.667876E+01  6.668197E+01  1.364667E+02
 3.887500E+02  6.670102E+01  6.670423E+01  1.365240E+02
 3.890000E+02  6.672332E+01  6.672653E+01  1.365814E+02
 3.892500E+02  6.674566E+01  6.674886E+01  1.366388E+02
 3.895000E+02  6.676803E+01  6.677123E+01  1.366962E+02
 3.897500E+02  6.679043E+01  6.679364E+01  1.367537E+02
 3.900000E+02  6.681288E+01  6.681609E+01  1.368113E+02
 3.902500E+02  6.683536E+01  6.683857E+01  1.368689E+02
 3.905000E+02  6.685788E+01  6.686109E+01  1.369266E+02
 3.907500E+02  6.688044E+01  6.688365E+01  1.369844E+02
 3.910000E+02  6.690303E+01  6.690624E+01  1.370422E+02
 3.912500E+02  6.692566E+01  6.692887E+01  1.371000E+02
 3.915000E+02  6.694833E+01  6.695154E+01  1.371579E+02
 3.917500E+02  6.697104E+01  6.697425E+01  1.372159E+02
 3.920000E+02  6.699379E+01  6.699700E+01  1.372740E+02
 3.922500E+02  6.701657E+01  6.701978E+01  1.373321E+02
 3.925000E+02  6.703939E+01  6.704260E+01  1.373902E+02
 3.927500E+02  6.706225E+01  6.706546E+01  1.374485E+02
 3.930000E+02  6.708515E+01  6.708836E+01  1.375068E+02
 3.932500E+02  6.710809E+01  6.711130E+01  1.375651E+02
 3.935000E+02  6.713107E+01  6.713428E+01  1.376235E+02
 3.937500E+02  6.715408E+01  6.715729E+01  1.376820E+02
 3.940000E+02  6.717714E+01  6.718035E+01  1.377405E+02
 3.942500E+02  6.720023E+01  6.720344E+01  1.377991E+02
 3.945000E+02  6.722336E+01  6.722657E+01  1.378578E+02
 3.947500E+02  6.724653E+01  6.724975E+01  1.379165E+02
 3.950000E+02  6.726975E+01  6.727296E+01  1.379753E+02
 3.952500E+02  6.729300E+01  6.729621E+01  1.380341E+02
 3.955000E+02  6.731629E+01  6.731950E+01  1.380930E+02
 3.957500E+02  6.733962E+01  6.734284E+01  1.381520E+02
 3.960000E+02  6.736299E+01  6.736621E+01  1.382110E+02
 3.962500E+02  6.738640E+01  6.738962E+01  1.382701E+02
 3.965000E+02  6.740986E+01  6.741307E+01  1.383293E+02
 3.967500E+02  6.743335E+01  6.743656E+01  1.383885E+02
 3.970000E+02  6.745688E+01  6.746010E+01  1.384478E+02
 3.972500E+02  6.748046E+01  6.748367E+01  1.385072E+02
 3.975000E+02  6.750407E+01  6.750729E+01  1.385666E+02
 3.977500E+02  6.752773E+01  6.753094E+01  1.386261E+02
 3.980000E+02  6.755143E+01  6.755464E+01  1.386857E+02
 3.982500E+02  6.757516E+01  6.757838E+01  1.387453E+02
 3.985000E+02  6.759894E+01  6.760216E+01  1.388050E+02
 3.987500E+02  6.762276E+01  6.762598E+01  1.388648E+02
 3.990000E+02  6.764663E+01  6.764984E+01  1.389246E+02
 3.992500E+02  6.767053E+01  6.767375E+01  1.389845E+02
 3.995000E+02  6.769448E+01  6.769770E+01  1.390444E+02
 3.997500E+02  6.771847E+01  6.772169E+01  1.391045E+02
 4.000000E+02  6.774250E+01  6.774572E+01  1.391646E+02
 4.002500E+02  6.776657E+01  6.776979E+01  1.392247E+02
 4.005000E+02  6.779069E+01  6.779391E+01  1.392850E+02
 4.007500E+02  6.781485E+01  6.781807E+01  1.393453E+02
 4.010000E+02  6.783905E+01  6.784227E+01  1.394056E+02
 4.012500E+02  6.786329E+01  6.786651E+01  1.394661E+02
 4.015000E+02  6.788758E+01  6.789080E+01  1.395266E+02
 4.017500E+02  6.791191E+01  6.791513E+01  1.395872E+02
 4.020000E+02  6.793628E+01  6.793950E+01  1.396478E+02
 4.022500E+02  6.796070E+01  6.796392E+01  1.397085E+02
 4.025000E+02  6.798516E+01  6.798838E+01  1.397693E+02
 4.027500E+02  6.800966E+01  6.801288E+01  1.398302E+02
 4.030000E+02  6.803421E+01  6.803743E+01  1.398911E+02
 4.032500E+02  6.805880E+01  6.806202E+01  1.399521E+02
 4.035000E+02  6.808344E+01  6.808666E+01  1.400132E+02
 4.037500E+02  6.810812E+01  6.811134E+01  1.400743E+02
 4.040000E+02  6.813284E+01  6.813606E+01  1.401356E+02
 4.042500E+02  6.815761E+01  6.816083E+01  1.401969E+02
 4.045000E+02  6.818242E+01  6.818564E+01  1.402582E+02
 4.047500E+02  6.820728E+01  6.821050E+01  1.403196E+02
 4.050000E+02  6.823218E+01  6.823540E+01  1.403812E+02
 4.052500E+02  6.825713E+01  6.826035E+01  1.404427E+02
 4.055000E+02  6.828212E+01  6.828534E+01  1.405044E+02
 4.057500E+02  6.830716E+01  6.831038E+01  1.405661E+02
 4.060000E+02  6.833224E+01  6.833547E+01  1.406279E+02
 4.062500E+02  6.835737E+01  6.836059E+01  1.406898E+02
 4.065000E+02  6.838254E+01  6.838577E+01  1.407517E+02
 4.067500E+02  6.840776E+01  6.841099E+01  1.408138E+02
 4.070000E+02  6.843303E+01  6.843625E+01  1.408759E+02
 4.072500E+02  6.845834E+01  6.846157E+01  1.409380E+02
 4.075000E+02  6.848370E+01  6.848693E+01  1.410003E+02
 4.077500E+02  6.850910E+01  6.851233E+01  1.410626E+02
 4.080000E+02  6.853455E+01  6.853778E+01  1.411250E+02
 4.082500E+02  6.856005E+01  6.856328E+01  1.411875E+02
 4.085000E+02  6.858560E+01  6.858882E+01  1.412500E+02
 4.087500E+02  6.861119E+01  6.861441E+01  1.413127E+02
 4.090000E+02  6.863682E+01  6.864005E+01  1.413754E+02
 4.092500E+02  6.866251E+01  6.866574E+01  1.414381E+02
 4.095000E+02  6.868824E+01  6.869147E+01  1.415010E+02
 4.097500E+02  6.871402E+01  6.871725E+01  1.415639E+02
 4.100000E+02  6.873984E+01  6.874307E+01  1.416269E+02
 4.102500E+02  6.876572E+01  6.876895E+01  1.416900E+02
 4.105000E+02  6.879164E+01  6.879487E+01  1.417532E+02
 4.107500E+02  6.881761E+01  6.882084E+01  1.418164E+02
 4.110000E+02  6.884363E+01  6.884686E+01  1.418798E+02
 4.112500E+02  6.886969E+01  6.887292E+01  1.419432E+02
 4.115000E+02  6.889581E+01  6.889904E+01  1.420066E+02
 4.117500E+02  6.892197E+01  6.892520E+01  1.420702E+02
 4.120000E+02  6.894818E+01  6.895141E+01  1.421338E+02
 4.122500E+02  6.897444E+01  6.897767E+01  1.421976E+02
 4.125000E+02  6.900075E+01  6.900398E+01  1.422614E+02
 4.127500E+02  6.902710E+01  6.903034E+01  1.423252E+02
 4.130000E+02  6.905351E+01  6.905674E+01  1.423892E+02
 4.132500E+02  6.907997E+01  6.908320E+01  1.424532E+02
 4.135000E+02  6.910647E+01  6.910970E+01  1.425173E+02
 4.137500E+02  6.913302E+01  6.913626E+01  1.425815E+02
 4.140000E+02  6.915963E+01  6.916286E+01  1.426458E+02
 4.142500E+02  6.918628E+01  6.918951E+01  1.427102E+02
 4.145000E+02  6.921298E+01  6.921622E+01  1.427746E+02
 4.147500E+02  6.923973E+01  6.924297E+01  1.428391E+02
 4.150000E+02  6.926654E+01  6.926977E+01  1.429037E+02
 4.152500E+02  6.929339E+01  6.929662E+01  1.429684E+02
 4.155000E+02  6.932029E+01  6.932353E+01  1.430332E+02
 4.157500E+02  6.934725E+01  6.935048E+01  1.430981E+02
 4.160000E+02  1.069074E+02  1.103442E+02  2.416673E+02
 4.162500E+02  1.069190E+02  1.103579E+02  2.417001E+02
 4.165000E+02  1.069305E+02  1.103715E+02  2.417328E+02
 4.167500E+02  1.069421E+02  1.103852E+02  2.417656E+02
 4.170000E+02  1.069536E+02  1.103988E+02  2.417983E+02
 4.172500E+02  1.069652E+02  1.104125E+02  2.418311E+02
 4.175000E+02  1.069768E+02  1.104261E+02  2.418638E+02
 4.177500E+02  1.069883E+02  1.104398E+02  2.418965E+02
 4.180000E+02  1.069999E+02  1.104534E+02  2.419292E+02
 4.182500E+02  1.070115E+02  1.104671E+02  2.419619E+02
 4.185000E+02  1.070230E+02  1.104808E+02  2.419946E+02
 4.187500E+02  1.070346E+02  1.104945E+02  2.420272E+02
 4.190000E+02  1.070462E+02  1.105081E+02  2.420599E+02
 4.192500E+02  1.070578E+02  1.105218E+02  2.420925E+02
 4.195000E+02  1.070694E+02  1.105355E+02  2.421252E+02
 4.197500E+02  1.070810E+02  1.105492E+02  2.421578E+02
 4.200000E+02  1.070926E+02  1.105629E+02  2.421904E+02
 4.202500E+02  1.071042E+02  1.105766E+02  2.422230E+02
 4.205000E+02  1.071158E+02  1.105903E+02  2.422556E+02
 4.207500E+02  1.071274E+02  1.106040E+02  2.422881E+02
 4.210000E+02  1.071390E+02  1.106177E+02  2.423207E+02
 4.212500E+02  1.071506E+02  1.106314E+02  2.423532E+02
 4.215000E+02  1.071622E+02  1.106451E+02  2.423857E+02
 4.217500E+02  1.071738E+02  1.106588E+02  2.424183E+02
 4.220000E+02  1.071854E+02  1.106725E+02  2.424508E+02
 4.222500E+02  1.071970E+02  1.106862E+02  2.424833E+02
 4.225000E+02  1.072087E+02  1.106999E+02  2.425157E+02
 4.227500E+02  1.072203E+02  1.107136E+02  2.425482E+02
 4.230000E+02  1.072319E+02  1.107274E+02  2.425807E+02
 4.232500E+02  1.072436E+02  1.107411E+02  2.426131E+02
 4.235000E+02  1.072552E+02  1.107548E+02  2.426455E+02
 4.237500E+02  1.072668E+02  1.107686E+02  2.426780E+02
 4.240000E+02  1.072785E+02  1.107823E+02  2.427104E+02
 4.242500E+02  1.072901E+02  1.107960E+02  2.427428E+02
 4.245000E+02  1.073018E+02  1.108098E+02  2.427752E+02
 4.247500E+02  1.073134E+02  1.108235E+02  2.428075E+02
 4.250000E+02  1.073251E+02  1.108373E+02  2.428399E+02
 4.252500E+02  1.073367E+02  1.108510E+02  2.428722E+02
 4.255000E+02  1.073484E+02  1.108648E+02  2.429046E+02
 4.257500E+02  1.073601E+02  1.108786E+02  2.429369E+02
 4.260000E+02  1.073717E+02  1.108923E+02  2.429692E+02
 4.262500E+02  1.073834E+02  1.109061E+02  2.430015E+02
 4.265000E+02  1.073951E+02  1.109198E+02  2.430338E+02
 4.267500E+02  1.074067E+02  1.109336E+02  2.430661E+02
 4.270000E+02  1.074184E+02  1.109474E+02  2.430984E+02
 4.272500E+02  1.074301E+02  1.109612E+02  2.431306E+02
 4.275000E+02  1.074418E+02  1.109749E+02  2.431629E+02
 4.277500E+02  1.074535E+02  1.109887E+02  2.431951E+02
 4.280000E+02  1.074652E+02  1.110025E+02  2.432273E+02
 4.282500E+02  1.074769E+02  1.110163E+02  2.432595E+02
 4.285000E+02  1.074886E+02  1.110301E+02  2.432917E+02
 4.287500E+02  1.075003E+02  1.110439E+02  2.433239E+02
 4.290000E+02  1.075120E+02  1.110577E+02  2.433561E+02
 4.292500E+02  1.075237E+02  1.110715E+02  2.433882E+02
 4.295000E+02  1.075354E+02  1.110853E+02  2.434204E+02
 4.297500E+02  1.075471E+02  1.110991E+02  2.434525E+02
 4.300000E+02  1.075588E+02  1.111129E+02  2.434846E+02
 4.302500E+02  1.075705E+02  1.111267E+02  2.435167E+02
 4.305000E+02  1.075823E+02  1.111405E+02  2.435488E+02
 4.307500E+02  1.075940E+02  1.111544E+02  2.435809E+02
 4.310000E+02  1.076057E+02  1.111682E+02  2.436130E+02
 4.312500E+02  1.076174E+02  1.111820E+02  2.436451E+02
 4.315000E+02  1.076292E+02  1.111958E+02  2.436771E+02
 4.317500E+02  1.076409E+02  1.112097E+02  2.437092E+02
 4.320000E+02  1.076526E+02  1.112235E+02  2.437412E+02
 4.322500E+02  1.076644E+02  1.112373E+02  2.437732E+02
 4.325000E+02  1.076761E+02  1.112512E+02  2.438052E+02
 4.327500E+02  1.076879E+02  1.112650E+02  2.438372E+02
 4.330000E+02  1.076996E+02  1.112789E+02  2.438692E+02
 4.332500E+02  1.077114E+02  1.112927E+02  2.439012E+02
 4.335000E+02  1.077231E+02  1.113066E+02  2.439332E+02
 4.337500E+02  1.077349E+02  1.113204E+02  2.439651E+02
 4.340000E+02  1.077467E+02  1.113343E+02  2.439971E+02
 4.342500E+02  1.077584E+02  1.113481E+02  2.440290E+02
 4.345000E+02  1.077702E+02  1.113620E+02  2.440609E+02
 4.347500E+02  1.077820E+02  1.113759E+02  2.440928E+02
 4.350000E+02  1.077938E+02  1.113897E+02  2.441247E+02
 4.352500E+02  1.078055E+02  1.114036E+02  2.441566E+02
 4.355000E+02  1.078173E+02  1.114175E+02  2.441885E+02
 4.357500E+02  1.078291E+02  1.114314E+02  2.442203E+02
 4.360000E+02  1.078409E+02  1.114453E+02  2.442522E+02
 4.362500E+02  1.078527E+02  1.114591E+02  2.442840E+02
 4.365000E+02  1.078645E+02  1.114730E+02  2.443158E+02
 4.367500E+02  1.078763E+02  1.114869E+02  2.443476E+02
 4.370000E+02  1.078881E+02  1.115008E+02  2.443794E+02
 4.372500E+02  1.078999E+02  1.115147E+02  2.444112E+02
 4.375000E+02  1.079117E+02  1.115286E+02  2.444430E+02
 4.377500E+02  1.079235E+02  1.115425E+02  2.444748E+02
 4.380000E+02  1.079353E+02  1.115564E+02  2.445065E+02
 4.382500E+02  1.079471E+02  1.115703E+02  2.445383E+02
 4.385000E+02  1.079589E+02  1.115842E+02  2.445700E+02
 4.387500E+02  1.079708E+02  1.115982E+02  2.446018E+02
 4.390000E+02  1.079826E+02  1.116121E+02  2.446335E+02
 4.392500E+02  1.079944E+02  1.116260E+02  2.446652E+02
 4.395000E+02  1.080063E+02  1.116399E+02  2.446969E+02
 4.397500E+02  1.080181E+02  1.116538E+02  2.447285E+02
 4.400000E+02  1.080299E+02  1.116678E+02  2.447602E+02
 4.402500E+02  1.080418E+02  1.116817E+02  2.447919E+02
 4.405000E+02  1.080536E+02  1.116956E+02  2.448235E+02
 4.407500E+02  1.080655E+02  1.117096E+02  2.448551E+02
 4.410000E+02  1.080773E+02  1.117235E+02  2.448868E+02
 4.412500E+02  1.080892E+02  1.117375E+02  2.449184E+02
 4.415000E+02  1.081010E+02  1.117514E+02  2.449500E+02
 4.417500E+02  1.081129E+02  1.117654E+02  2.449816E+02
 4.420000E+02  1.081247E+02  1.117793E+02  2.450131E+02
 4.422500E+02  1.081366E+02  1.117933E+02  2.450447E+02
 4.425000E+02  1.081485E+02  1.118072E+02  2.450763E+02
 4.427500E+02  1.081603E+02  1.118212E+02  2.451078E+02
 4.430000E+02  1.081722E+02  1.118352E+02  2.451394E+02
 4.432500E+02  1.081841E+02  1.118491E+02  2.451709E+02
 4.435000E+02  1.081960E+02  1.118631E+02  2.452024E+02
 4.437500E+02  1.082078E+02  1.118771E+02  2.452339E+02
 4.440000E+02  1.082197E+02  1.118911E+02  2.452654E+02
 4.442500E+02  1.082316E+02  1.119050E+02  2.452969E+02
 4.445000E+02  1.082435E+02  1.119190E+02  2.453283E+02
 4.447500E+02  1.082554E+02  1.119330E+02  2.453598E+02
 4.450000E+02  1.082673E+02  1.119470E+02  2.453912E+02
 4.452500E+02  1.082792E+02  1.119610E+02  2.454227E+02
 4.455000E+02  1.082911E+02  1.119750E+02  2.454541E+02
 4.457500E+02  1.083030E+02  1.119890E+02  2.454855E+02
 4.460000E+02  1.083149E+02  1.120030E+02  2.455169E+02
 4.462500E+02  1.083268E+02  1.120170E+02  2.455483E+02
 4.465000E+02  1.083387E+02  1.120310E+02  2.455797E+02
 4.467500E+02  1.083506E+02  1.120450E+02  2.456110E+02
 4.470000E+02  1.083626E+02  1.120590E+02  2.456424E+02
 4.472500E+02  1.083745E+02  1.120730E+02  2.456738E+02
 4.475000E+02  1.083864E+02  1.120871E+02  2.457051E+02
 4.477500E+02  1.083983E+02  1.121011E+02  2.457364E+02
 4.480000E+02  1.084103E+02  1.121151E+02  2.457677E+02
 4.482500E+02  1.084222E+02  1.121291E+02  2.457990E+02
 4.485000E+02  1.084342E+02  1.121432E+02  2.458303E+02
 4.487500E+02  1.084461E+02  1.121572E+02  2.458616E+02
 4.490000E+02  1.084580E+02  1.121712E+02  2.458929E+02
 4.492500E+02  1.084700E+02  1.121853E+02  2.459241E+02
 4.495000E+02  1.084819E+02  1.121993E+02  2.459554E+02
 4.497500E+02  1.084939E+02  1.122134E+02  2.459866E+02
 4.500000E+02  1.085058E+02  1.122274E+02  2.460179E+02
 4.502500E+02  1.085178E+02  1.122415E+02  2.460491E+02
 4.505000E+02  1.085298E+02  1.122555E+02  2.460803E+02
 4.507500E+02  1.085417E+02  1.122696E+02  2.461115E+02
 4.510000E+02  1.085537E+02  1.122836E+02  2.461427E+02
 4.512500E+02  1.085657E+02  1.122977E+02  2.461738E+02
 4.515000E+02  1.085777E+02  1.123118E+02  2.462050E+02
 4.517500E+02  1.085896E+02  1.123258E+02  2.462362E+02
 4.520000E+02  1.086016E+02  1.123399E+02  2.462673E+02
 4.522500E+02  1.086136E+02  1.123540E+02  2.462984E+02
 4.525000E+02  1.086256E+02  1.123681E+02  2.463296E+02
 4.527500E+02  1.086376E+02  1.123821E+02  2.463607E+02
 4.530000E+02  1.086496E+02  1.123962E+02  2.463918E+02
 4.532500E+02  1.086616E+02  1.124103E+02  2.464229E+02
 4.535000E+02  1.086736E+02  1.124244E+02  2.464539E+02
 4.537500E+02  1.086856E+02  1.124385E+02  2.464850E+02
 4.540000E+02  1.086976E+02  1.124526E+02  2.465161E+02
 4.542500E+02  1.087096E+02  1.124667E+02  2.465471E+02
 4.545000E+02  1.087216E+02  1.124808E+02  2.465781E+02
 4.547500E+02  1.087336E+02  1.124949E+02  2.466092E+02
 4.550000E+02  1.087456E+02  1.125090E+02  2.466402E+02
 4.552500E+02  1.087576E+02  1.125231E+02  2.466712E+02
 4.555000E+02  1.087696E+02  1.125372E+02  2.467022E+02
 4.557500E+02  1.087817E+02  1.125514E+02  2.467332E+02
 4.560000E+02  1.087937E+02  1.125655E+02  2.467641E+02
 4.562500E+02  1.088057E+02  1.125796E+02  2.467951E+02
 4.565000E+02  1.088178E+02  1.125937E+02  2.468261E+02
 4.567500E+02  1.088298E+02  1.126079E+02  2.468570E+02
 4.570000E+02  1.088418E+02  1.126220E+02  2.468879E+02
 4.572500E+02  1.088539E+02  1.126361E+02  2.469188E+02
 4.575000E+02  1.088659E+02  1.126503E+02  2.469498E+02
 4.577500E+02  1.088780E+02  1.126644E+02  2.469807E+02
 4.580000E+02  1.088900E+02  1.126785E+02  2.470115E+02
 4.582500E+02  1.089021E+02  1.126927E+02  2.470424E+02
 4.585000E+02  1.089141E+02  1.127068E+02  2.470733E+02
 4.587500E+02  1.089262E+02  1.127210E+02  2.471042E+02
 4.590000E+02  1.089383E+02  1.127351E+02  2.471350E+02
 4.592500E+02  1.089503E+02  1.127493E+02  2.471658E+02
 4.595000E+02  1.089624E+02  1.127635E+02  2.471967E+02
 4.597500E+02  1.089745E+02  1.127776E+02  2.472275E+02
 4.600000E+02  1.089865E+02  1.127918E+02  2.472583E+02
 4.602500E+02  1.089986E+02  1.128060E+02  2.472891E+02
 4.605000E+02  1.090107E+02  1.128201E+02  2.473199E+02
 4.607500E+02  1.090228E+02  1.128343E+02  2.473506E+02
 4.610000E+02  1.090349E+02  1.128485E+02  2.473814E+02
 4.612500E+02  1.090470E+02  1.128627E+02  2.474122E+02
 4.615000E+02  1.090591E+02  1.128769E+02  2.474429E+02
 4.617500E+02  1.090712E+02  1.128910E+02  2.474736E+02
 4.620000E+02  1.090833E+02  1.129052E+02  2.475044E+02
 4.622500E+02  1.090954E+02  1.129194E+02  2.475351E+02
 4.625000E+02  1.091075E+02  1.129336E+02  2.475658E+02
 4.627500E+02  1.091196E+02  1.129478E+02  2.475965E+02
 4.630000E+02  1.091317E+02  1.129620E+02  2.476271E+02
 4.632500E+02  1.091438E+02  1.129762E+02  2.476578E+02
 4.635000E+02  1.091559E+02  1.129904E+02  2.476885E+02
 4.637500E+02  1.091680E+02  1.130046E+02  2.477191E+02
 4.640000E+02  1.091801E+02  1.130189E+02  2.477498E+02
 4.642500E+02  1.091923E+02  1.130331E+02  2.477804E+02
 4.645000E+02  1.092044E+02  1.130473E+02  2.478110E+02
 4.647500E+02  1.092165E+02  1.130615E+02  2.478416E+02
 4.650000E+02  1.092287E+02  1.130757E+02  2.478722E+02
 4.652500E+02  1.092408E+02  1.130900E+02  2.479028E+02
 4.655000E+02  1.092529E+02  1.131042E+02  2.479334E+02
 4.657500E+02  1.092651E+02  1.131184E+02  2.479640E+02
 4.660000E+02  1.092772E+02  1.131327E+02  2.479945E+02
 4.662500E+02  1.092894E+02  1.131469E+02  2.480251E+02
 4.665000E+02  1.093015E+02  1.131612E+02  2.480556E+02
 4.667500E+02  1.093137E+02  1.131754E+02  2.480861E+02
 4.670000E+02  1.093258E+02  1.131896E+02  2.481167E+02
 4.672500E+02  1.093380E+02  1.132039E+02  2.481472E+02
 4.675000E+02  1.093502E+02  1.132182E+02  2.481777E+02
 4.677500E+02  1.093623E+02  1.132324E+02  2.482082E+02
 4.680000E+02  1.093745E+02  1.132467E+02  2.482386E+02
 4.682500E+02  1.093867E+02  1.132609E+02  2.482691E+02
 4.685000E+02  1.093988E+02  1.132752E+02  2.482996E+02
 4.687500E+02  1.094110E+02  1.132895E+02  2.483300E+02
 4.690000E+02  1.094232E+02  1.133037E+02  2.483605E+02
 4.692500E+02  1.094354E+02  1.133180E+02  2.483909E+02
 4.695000E+02  1.094476E+02  1.133323E+02  2.484213E+02
 4.697500E+02  1.094598E+02  1.133466E+02  2.484517E+02
 4.700000E+02  1.094720E+02  1.133609E+02  2.484821E+02
 4.702500E+02  1.094841E+02  1.133751E+02  2.485125E+02
 4.705000E+02  1.094963E+02  1.133894E+02  2.485429E+02
 4.707500E+02  1.095085E+02  1.134037E+02  2.485732E+02
 4.710000E+02  1.095208E+02  1.134180E+02  2.486036E+02
 4.712500E+02  1.095330E+02  1.134323E+02  2.486339E+02
 4.715000E+02  1.095452E+02  1.134466E+02  2.486643E+02
 4.717500E+02  1.095574E+02  1.134609E+02  2.486946E+02
 4.720000E+02  1.095696E+02  1.134752E+02  2.487249E+02
 4.722500E+02  1.095818E+02  1.134895E+02  2.487552E+02
 4.725000E+02  1.095940E+02  1.135038E+02  2.487855E+02
 4.727500E+02  1.096063E+02  1.135182E+02  2.488158E+02
 4.730000E+02  1.096185E+02  1.135325E+02  2.488461E+02
 4.732500E+02  1.096307E+02  1.135468E+02  2.488764E+02
 4.735000E+02  1.096429E+02  1.135611E+02  2.489066E+02
 4.737500E+02  1.096552E+02  1.135755E+02  2.489369E+02
 4.740000E+02  1.096674E+02  1.135898E+02  2.489671E+02
 4.742500E+02  1.096797E+02  1.136041E+02  2.489974E+02
 4.745000E+02  1.096919E+02  1.136184E+02  2.490276E+02
 4.747500E+02  1.097042E+02  1.136328E+02  2.490578E+02
 4.750000E+02  1.097164E+02  1.136471E+02  2.490880E+02
 4.752500E+02  1.097287E+02  1.136615E+02  2.491182E+02
 4.755000E+02  1.097409E+02  1.136758E+02  2.491483E+02
 4.757500E+02  1.097532E+02  1.136902E+02  2.491785E+02
 4.760000E+02  1.097654E+02  1.137045E+02  2.492087E+02
 4.762500E+02  1.097777E+02  1.137189E+02  2.492388E+02
 4.765000E+02  1.097900E+02  1.137332E+02  2.492690E+02
 4.767500E+02  1.098022E+02  1.137476E+02  2.492991E+02
 4.770000E+02  1.098145E+02  1.137620E+02  2.493292E+02
 4.772500E+02  1.098268E+02  1.137763E+02  2.493593E+02
 4.775000E+02  1.098391E+02  1.137907E+02  2.493894E+02
 4.777500E+02  1.098514E+02  1.138051E+02  2.494195E+02
 4.780000E+02  1.098636E+02  1.138194E+02  2.494496E+02
 4.782500E+02  1.098759E+02  1.138338E+02  2.494797E+02
 4.785000E+02  1.098882E+02  1.138482E+02  2.495097E+02
 4.787500E+02  1.099005E+02  1.138626E+02  2.495398E+02
 4.790000E+02  1.099128E+02  1.138770E+02  2.495698E+02
 4.792500E+02  1.099251E+02  1.138914E+02  2.495999E+02
 4.795000E+02  1.099374E+02  1.139058E+02  2.496299E+02
 4.797500E+02  1.099497E+02  1.139202E+02  2.496599E+02
 4.800000E+02  1.099620E+02  1.139346E+02  2.496899E+02
 4.802500E+02  1.099743E+02  1.139490E+02  2.497199E+02
 4.805000E+02  1.099866E+02  1.139634E+02  2.497499E+02
 4.807500E+02  1.099990E+02  1.139778E+02  2.497799E+02
 4.810000E+02  1.100113E+02  1.139922E+02  2.498098E+02
 4.812500E+02  1.100236E+02  1.140066E+02  2.498398E+02
 4.815000E+02  1.100359E+02  1.140210E+02  2.498697E+02
 4.817500E+02  1.100483E+02  1.140354E+02  2.498997E+02
 4.820000E+02  1.100606E+02  1.140498E+02  2.499296E+02
 4.822500E+02  1.100729E+02  1.140643E+02  2.499595E+02
 4.825000E+02  1.100853E+02  1.140787E+02  2.499894E+02
 4.827500E+02  1.100976E+02  1.140931E+02  2.500193E+02
 4.830000E+02  1.101099E+02  1.141076E+02  2.500492E+02
 4.832500E+02  1.101223E+02  1.141220E+02  2.500791E+02
 4.835000E+02  1.101346E+02  1.141364E+02  2.501090E+02
 4.837500E+02  1.101470E+02  1.141509E+02  2.501388E+02
 4.840000E+02  1.101593E+02  1.141653E+02  2.501687E+02
 4.842500E+02  1.101717E+02  1.141798E+02  2.501985E+02
 4.845000E+02  1.101841E+02  1.141942E+02  2.502284E+02
 4.847500E+02  1.101964E+02  1.142087E+02  2.502582E+02
 4.850000E+02  1.102088E+02  1.142231E+02  2.502880E+02
 4.852500E+02  1.102212E+02  1.142376E+02  2.503178E+02
 4.855000E+02  1.102335E+02  1.142520E+02  2.503476E+02
 4.857500E+02  1.102459E+02  1.142665E+02  2.503774E+02
 4.860000E+02  1.102583E+02  1.142810E+02  2.504071E+02
 4.862500E+02  1.102707E+02  1.142954E+02  2.504369E+02
 4.865000E+02  1.102830E+02  1.143099E+02  2.504667E+02
 4.867500E+02  1.102954E+02  1.143244E+02  2.504964E+02
 4.870000E+02  1.103078E+02  1.143389E+02  2.505262E+02
 4.872500E+02  1.103202E+02  1.143533E+02  2.505559E+02
 4.875000E+02  1.103326E+02  1.143678E+02  2.505856E+02
 4.877500E+02  1.103450E+02  1.143823E+02  2.506153E+02
 4.880000E+02  1.103574E+02  1.143968E+02  2.506450E+02
 4.882500E+02  1.103698E+02  1.144113E+02  2.506747E+02
 4.885000E+02  1.103822E+02  1.144258E+02  2.507044E+02
 4.887500E+02  1.103946E+02  1.144403E+02  2.507340E+02
 4.890000E+02  1.104070E+02  1.144548E+02  2.507637E+02
 4.892500E+02  1.104194E+02  1.144693E+02  2.507934E+02
 4.895000E+02  1.104318E+02  1.144838E+02  2.508230E+02
 4.897500E+02  1.104443E+02  1.144983E+02  2.508526E+02
 4.900000E+02  1.104567E+02  1.145128E+02  2.508823E+02
 4.902500E+02  1.104691E+02  1.145273E+02  2.509119E+02
 4.905000E+02  1.104815E+02  1.145419E+02  2.509415E+02
 4.907500E+02  1.104940E+02  1.145564E+02  2.509711E+02
 4.910000E+02  1.105064E+02  1.145709E+02  2.510007E+02
 4.912500E+02  1.105188E+02  1.145854E+02  2.510302E+02
 4.915000E+02  1.105313E+02  1.146000E+02  2.510598E+02
 4.917500E+02  1.105437E+02  1.146145E+02  2.510894E+02
 4.920000E+02  1.105562E+02  1.146290E+02  2.511189E+02
 4.922500E+02  1.105686E+02  1.146436E+02  2.511485E+02
 4.925000E+02  1.105811E+02  1.146581E+02  2.511780E+02
 4.927500E+02  1.105935E+02  1.146726E+02  2.512075E+02
 4.930000E+02  1.106060E+02  1.146872E+02  2.512370E+02
 4.932500E+02  1.106184E+02  1.147017E+02  2.512665E+02
 4.935000E+02  1.106309E+02  1.147163E+02  2.512960E+02
 4.937500E+02  1.106434E+02  1.147308E+02  2.513255E+02
 4.940000E+02  1.106558E+02  1.147454E+02  2.513550E+02
 4.942500E+02  1.106683E+02  1.147600E+02  2.513845E+02
 4.945000E+02  1.106808E+02  1.147745E+02  2.514139E+02
 4.947500E+02  1.106933E+02  1.147891E+02  2.514434E+02
 4.950000E+02  1.107057E+02  1.148037E+02  2.514728E+02
 4.952500E+02  1.107182E+02  1.148182E+02  2.515022E+02
 4.955000E+02  1.107307E+02  1.148328E+02  2.515316E+02
 4.957500E+02  1.107432E+02  1.148474E+02  2.515611E+02
 4.960000E+02  1.107557E+02  1.148620E+02  2.515905E+02
 4.962500E+02  1.107682E+02  1.148765E+02  2.516199E+02
 4.965000E+02  1.107807E+02  1.148911E+02  2.516492E+02
 4.967500E+02  1.107932E+02  1.149057E+02  2.516786E+02
 4.970000E+02  1.108057E+02  1.149203E+02  2.517080E+02
 4.972500E+02  1.108182E+02  1.149349E+02  2.517373E+02
 4.975000E+02  1.108307E+02  1.149495E+02  2.517667E+02
 4.977500E+02  1.108432E+02  1.149641E+02  2.517960E+02
 4.980000E+02  1.108557E+02  1.149787E+02  2.518253E+02
 4.982500E+02  1.108682E+02  1.149933E+02  2.518547E+02
 4.985000E+02  1.108807E+02  1.150079E+02  2.518840E+02
 4.987500E+02  1.108933E+02  1.150225E+02  2.519133E+02
 4.990000E+02  1.109058E+02  1.150371E+02  2.519426E+02
 4.992500E+02  1.109183E+02  1.150518E+02  2.519719E+02
 4.995000E+02  1.109308E+02  1.150664E+02  2.520011E+02
 4.997500E+02  1.109434E+02  1.150810E+02  2.520304E+02
 5.000000E+02  1.109559E+02  1.150956E+02  2.520597E+02
