#         T/K          A/kJ          G/kJ
 2.500000E+02  3.053600E+01  3.053912E+01
 2.502500E+02  3.050927E+01  3.051240E+01
 2.505000E+02  3.048253E+01  3.048565E+01
 2.507500E+02  3.045578E+01  3.045890E+01
 2.510000E+02  3.042901E+01  3.043213E+01
 2.512500E+02  3.040222E+01  3.040534E+01
 2.515000E+02  3.037542E+01  3.037854E+01
 2.517500E+02  3.034860E+01  3.035173E+01
 2.520000E+02  3.032177E+01  3.032490E+01
 2.522500E+02  3.029493E+01  3.029805E+01
 2.525000E+02  3.026807E+01  3.027119E+01
 2.527500E+02  3.024119E+01  3.024432E+01
 2.530000E+02  3.021430E+01  3.021743E+01
 2.532500E+02  3.018740E+01  3.019052E+01
 2.535000E+02  3.016048E+01  3.016360E+01
 2.537500E+02  3.013354E+01  3.013667E+01
 2.540000E+02  3.010659E+01  3.010972E+01
 2.542500E+02  3.007963E+01  3.008275E+01
 2.545000E+02  3.005265E+01  3.005577E+01
 2.547500E+02  3.002565E+01  3.002878E+01
 2.550000E+02  2.999865E+01  3.000177E+01
 2.552500E+02  2.997162E+01  2.997475E+01
 2.555000E+02  2.994458E+01  2.994771E+01
 2.557500E+02  2.991753E+01  2.992066E+01
 2.560000E+02  2.989046E+01  2.989359E+01
 2.562500E+02  2.986338E+01  2.986650E+01
 2.565000E+02  2.983628E+01  2.983941E+01
 2.567500E+02  2.980917E+01  2.981230E+01
 2.570000E+02  2.978204E+01  2.978517E+01
 2.572500E+02  2.975490E+01  2.975803E+01
 2.575000E+02  2.972774E+01  2.973087E+01
 2.577500E+02  2.970057E+01  2.970370E+01
 2.580000E+02  2.967339E+01  2.967651E+01
 2.582500E+02  2.964619E+01  2.964931E+01
 2.585000E+02  2.961897E+01  2.962210E+01
 2.587500E+02  2.959174E+01  2.959487E+01
 2.590000E+02  2.956450E+01  2.956763E+01
 2.592500E+02  2.953724E+01  2.954037E+01
 2.595000E+02  2.950997E+01  2.951309E+01
 2.597500E+02  2.948268E+01  2.948581E+01
 2.600000E+02  2.945538E+01  2.945850E+01
 2.602500E+02  2.942806E+01  2.943119E+01
 2.605000E+02  2.940073E+01  2.940386E+01
 2.607500E+02  2.937338E+01  2.937651E+01
 2.610000E+02  2.934602E+01  2.934915E+01
 2.612500E+02  2.931865E+01  2.932178E+01
 2.615000E+02  2.929126E+01  2.929439E+01
 2.617500E+02  2.926385E+01  2.926698E+01
 2.620000E+02  2.923643E+01  2.923956E+01
 2.622500E+02  2.920900E+01  2.921213E+01
 2.625000E+02  2.918155E+01  2.918468E+01
 2.627500E+02  2.915409E+01  2.915722E+01
 2.630000E+02  2.912662E+01  2.912975E+01
 2.632500E+02  2.909913E+01  2.910226E+01
 2.635000E+02  2.907162E+01  2.907475E+01
 2.637500E+02  2.904410E+01  2.904723E+01
 2.640000E+02  2.901657E+01  2.901970E+01
 2.642500E+02  2.898902E+01  2.899215E+01
 2.645000E+02  2.896146E+01  2.896459E+01
 2.647500E+02  2.893388E+01  2.893701E+01
 2.650000E+02  2.890629E+01  2.890942E+01
 2.652500E+02  2.887869E+01  2.888182E+01
 2.655000E+02  2.885107E+01  2.885420E+01
 2.657500E+02  2.882343E+01  2.882656E+01
 2.660000E+02  2.879579E+01  2.879892E+01
 2.662500E+02  2.876812E+01  2.877125E+01
 2.665000E+02  2.874045E+01  2.874358E+01
 2.667500E+02  2.871276E+01  2.871589E+01
 2.670000E+02  2.868505E+01  2.868818E+01
 2.672500E+02  2.865733E+01  2.866046E+01
 2.675000E+02  2.862960E+01  2.863273E+01
 2.677500E+02  2.860185E+01  2.860498E+01
 2.680000E+02  2.857409E+01  2.857722E+01
 2.682500E+02  2.854631E+01  2.854945E+01
 2.685000E+02  2.851852E+01  2.852166E+01
 2.687500E+02  2.849072E+01  2.849385E+01
 2.690000E+02  2.846290E+01  2.846604E+01
 2.692500E+02  2.843507E+01  2.843820E+01
 2.695000E+02  2.840722E+01  2.841036E+01
 2.697500E+02  2.837936E+01  2.838250E+01
 2.700000E+02  2.835149E+01  2.835462E+01
 2.702500E+02  2.832360E+01  2.832673E+01
 2.705000E+02  2.829570E+01  2.829883E+01
 2.707500E+02  2.826778E+01  2.827092E+01
 2.710000E+02  2.823985E+01  2.824298E+01
 2.712500E+02  2.821191E+01  2.821504E+01
 2.715000E+02  2.818395E+01  2.818708E+01
 2.717500E+02  2.815597E+01  2.815911E+01
 2.720000E+02  2.812799E+01  2.813112E+01
 2.722500E+02  2.809999E+01  2.810312E+01
 2.725000E+02  2.807197E+01  2.807511E+01
 2.727500E+02  2.804394E+01  2.804708E+01
 2.730000E+02  2.801590E+01  2.801904E+01
 2.732500E+02  2.798785E+01  2.799098E+01
 2.735000E+02  2.795978E+01  2.796291E+01
 2.737500E+02  2.793169E+01  2.793483E+01
 2.740000E+02  2.790359E+01  2.790673E+01
 2.742500E+02  2.787548E+01  2.787862E+01
 2.745000E+02  2.784736E+01  2.785049E+01
 2.747500E+02  2.781922E+01  2.782235E+01
 2.750000E+02  2.779106E+01  2.779420E+01
 2.752500E+02  2.776290E+01  2.776603E+01
 2.755000E+02  2.773471E+01  2.773785E+01
 2.757500E+02  2.770652E+01  2.770966E+01
 2.760000E+02  2.767831E+01  2.768145E+01
 2.762500E+02  2.765009E+01  2.765322E+01
 2.765000E+02  2.762185E+01  2.762499E+01
 2.767500E+02  2.759360E+01  2.759674E+01
 2.770000E+02  2.756534E+01  2.756847E+01
 2.772500E+02  2.753706E+01  2.754020E+01
 2.775000E+02  2.750877E+01  2.751191E+01
 2.777500E+02  2.748046E+01  2.748360E+01
 2.780000E+02  2.745214E+01  2.745528E+01
 2.782500E+02  2.742381E+01  2.742695E+01
 2.785000E+02  2.739547E+01  2.739860E+01
 2.787500E+02  2.736711E+01  2.737024E+01
 2.790000E+02  2.733873E+01  2.734187E+01
 2.792500E+02  2.731034E+01  2.731348E+01
 2.795000E+02  2.728194E+01  2.728508E+01
 2.797500E+02  2.725353E+01  2.725667E+01
 2.800000E+02  2.722510E+01  2.722824E+01
 2.802500E+02  2.719666E+01  2.719980E+01
 2.805000E+02  2.716820E+01  2.717134E+01
 2.807500E+02  2.713973E+01  2.714287E+01
 2.810000E+02  2.711125E+01  2.711439E+01
 2.812500E+02  2.708276E+01  2.708590E+01
 2.815000E+02  2.705425E+01  2.705739E+01
 2.817500E+02  2.702572E+01  2.702886E+01
 2.820000E+02  2.699719E+01  2.700033E+01
 2.822500E+02  2.696864E+01  2.697178E+01
 2.825000E+02  2.694007E+01  2.694321E+01
 2.827500E+02  2.691149E+01  2.691463E+01
 2.830000E+02  2.688290E+01  2.688604E+01
 2.832500E+02  2.685430E+01  2.685744E+01
 2.835000E+02  2.682568E+01  2.682882E+01
 2.837500E+02  2.679705E+01  2.680019E+01
 2.840000E+02  2.676840E+01  2.677154E+01
 2.842500E+02  2.673974E+01  2.674289E+01
 2.845000E+02  2.671107E+01  2.671421E+01
 2.847500E+02  2.668239E+01  2.668553E+01
 2.850000E+02  2.665369E+01  2.665683E+01
 2.852500E+02  2.662498E+01  2.662812E+01
 2.855000E+02  2.659625E+01  2.659939E+01
 2.857500E+02  2.656751E+01  2.657065E+01
 2.860000E+02  2.653876E+01  2.654190E+01
 2.862500E+02  2.650999E+01  2.651313E+01
 2.865000E+02  2.648121E+01  2.648435E+01
 2.867500E+02  2.645242E+01  2.645556E+01
 2.870000E+02  2.642361E+01  2.642676E+01
 2.872500E+02  2.639479E+01  2.639794E+01
 2.875000E+02  2.636596E+01  2.636910E+01
 2.877500E+02  2.633711E+01  2.634026E+01
 2.880000E+02  2.630825E+01  2.631140E+01
 2.882500E+02  2.627938E+01  2.628252E+01
 2.885000E+02  2.625049E+01  2.625364E+01
 2.887500E+02  2.622160E+01  2.622474E+01
 2.890000E+02  2.619268E+01  2.619583E+01
 2.892500E+02  2.616376E+01  2.616690E+01
 2.895000E+02  2.613482E+01  2.613796E+01
 2.897500E+02  2.610586E+01  2.610901E+01
 2.900000E+02  2.607690E+01  2.608004E+01
 2.902500E+02  2.604792E+01  2.605106E+01
 2.905000E+02  2.601893E+01  2.602207E+01
 2.907500E+02  2.598992E+01  2.599306E+01
 2.910000E+02  2.596090E+01  2.596405E+01
 2.912500E+02  2.593187E+01  2.593501E+01
 2.915000E+02  2.590282E+01  2.590597E+01
 2.917500E+02  2.587376E+01  2.587691E+01
 2.920000E+02  2.584469E+01  2.584784E+01
 2.922500E+02  2.581561E+01  2.581875E+01
 2.925000E+02  2.578651E+01  2.578965E+01
 2.927500E+02  2.575740E+01  2.576054E+01
 2.930000E+02  2.572827E+01  2.573142E+01
 2.932500E+02  2.569913E+01  2.570228E+01
 2.935000E+02  2.566998E+01  2.567313E+01
 2.937500E+02  2.564082E+01  2.564397E+01
 2.940000E+02  2.561164E+01  2.561479E+01
 2.942500E+02  2.558245E+01  2.558560E+01
 2.945000E+02  2.555325E+01  2.555639E+01
 2.947500E+02  2.552403E+01  2.552718E+01
 2.950000E+02  2.549480E+01  2.549795E+01
 2.952500E+02  2.546556E+01  2.546870E+01
 2.955000E+02  2.543630E+01  2.543945E+01
 2.957500E+02  2.540703E+01  2.541018E+01
 2.960000E+02  2.537775E+01  2.538090E+01
 2.962500E+02  2.534845E+01  2.535160E+01
 2.965000E+02  2.531915E+01  2.532229E+01
 2.967500E+02  2.528982E+01  2.529297E+01
 2.970000E+02  2.526049E+01  2.526364E+01
 2.972500E+02  2.523114E+01  2.523429E+01
 2.975000E+02  2.520178E+01  2.520493E+01
 2.977500E+02  2.517241E+01  2.517556E+01
 2.980000E+02  2.514302E+01  2.514617E+01
 2.982500E+02  2.511362E+01  2.511677E+01
 2.985000E+02  2.508421E+01  2.508736E+01
 2.987500E+02  2.505478E+01  2.505793E+01
 2.990000E+02  2.502534E+01  2.502849E+01
 2.992500E+02  2.499589E+01  2.499904E+01
 2.995000E+02  2.496643E+01  2.496958E+01
 2.997500E+02  2.493695E+01  2.494010E+01
 3.000000E+02  2.490746E+01  2.491061E+01
 3.002500E+02  2.487795E+01  2.488110E+01
 3.005000E+02  2.484844E+01  2.485159E+01
 3.007500E+02  2.481891E+01  2.482206E+01
 3.010000E+02  2.478936E+01  2.479251E+01
 3.012500E+02  2.475981E+01  2.476296E+01
 3.015000E+02  2.473024E+01  2.473339E+01
 3.017500E+02  2.470066E+01  2.470381E+01
 3.020000E+02  2.467106E+01  2.467421E+01
 3.022500E+02  2.464146E+01  2.464461E+01
 3.025000E+02  2.461183E+01  2.461499E+01
 3.027500E+02  2.458220E+01  2.458535E+01
 3.030000E+02  2.455256E+01  2.455571E+01
 3.032500E+02  2.452290E+01  2.452605E+01
 3.035000E+02  2.449322E+01  2.449638E+01
 3.037500E+02  2.446354E+01  2.446669E+01
 3.040000E+02  2.443384E+01  2.443699E+01
 3.042500E+02  2.440413E+01  2.440728E+01
 3.045000E+02  2.437441E+01  2.437756E+01
 3.047500E+02  2.434467E+01  2.434782E+01
 3.050000E+02  2.431492E+01  2.431807E+01
 3.052500E+02  2.428516E+01  2.428831E+01
 3.055000E+02  2.425538E+01  2.425854E+01
 3.057500E+02  2.422559E+01  2.422875E+01
 3.060000E+02  2.419579E+01  2.419895E+01
 3.062500E+02  2.416598E+01  2.416913E+01
 3.065000E+02  2.413615E+01  2.413931E+01
 3.067500E+02  2.410631E+01  2.410947E+01
 3.070000E+02  2.407646E+01  2.407962E+01
 3.072500E+02  2.404660E+01  2.404975E+01
 3.075000E+02  2.401672E+01  2.401987E+01
 3.077500E+02  2.398683E+01  2.398998E+01
 3.080000E+02  2.395692E+01  2.396008E+01
 3.082500E+02  2.392701E+01  2.393016E+01
 3.085000E+02  2.389708E+01  2.390023E+01
 3.087500E+02  2.386714E+01  2.387029E+01
 3.090000E+02  2.383718E+01  2.384034E+01
 3.092500E+02  2.380721E+01  2.381037E+01
 3.095000E+02  2.377723E+01  2.378039E+01
 3.097500E+02  2.374724E+01  2.375040E+01
 3.100000E+02  2.371724E+01  2.372039E+01
 3.102500E+02  2.368722E+01  2.369037E+01
 3.105000E+02  2.365718E+01  2.366034E+01
 3.107500E+02  2.362714E+01  2.363030E+01
 3.110000E+02  2.359708E+01  2.360024E+01
 3.112500E+02  2.356701E+01  2.357017E+01
 3.115000E+02  2.353693E+01  2.354009E+01
 3.117500E+02  2.350684E+01  2.350999E+01
 3.120000E+02  2.347673E+01  2.347988E+01
 3.122500E+02  2.344661E+01  2.344976E+01
 3.125000E+02  2.341647E+01  2.341963E+01
 3.127500E+02  2.338633E+01  2.338948E+01
 3.130000E+02  2.335617E+01  2.335932E+01
 3.132500E+02  2.332600E+01  2.332915E+01
 3.135000E+02  2.329581E+01  2.329897E+01
 3.137500E+02  2.326561E+01  2.326877E+01
 3.140000E+02  2.323540E+01  2.323856E+01
 3.142500E+02  2.320518E+01  2.320834E+01
 3.145000E+02  2.317495E+01  2.317810E+01
 3.147500E+02  2.314470E+01  2.314786E+01
 3.150000E+02  2.311444E+01  2.311760E+01
 3.152500E+02  2.308416E+01  2.308732E+01
 3.155000E+02  2.305388E+01  2.305704E+01
 3.157500E+02  2.302358E+01  2.302674E+01
 3.160000E+02  2.299327E+01  2.299643E+01
 3.162500E+02  2.296294E+01  2.296610E+01
 3.165000E+02  2.293261E+01  2.293576E+01
 3.167500E+02  2.290226E+01  2.290541E+01
 3.170000E+02  2.287189E+01  2.287505E+01
 3.172500E+02  2.284152E+01  2.284468E+01
 3.175000E+02  2.281113E+01  2.281429E+01
 3.177500E+02  2.278073E+01  2.278389E+01
 3.180000E+02  2.275032E+01  2.275348E+01
 3.182500E+02  2.271989E+01  2.272305E+01
 3.185000E+02  2.268945E+01  2.269261E+01
 3.187500E+02  2.265900E+01  2.266216E+01
 3.190000E+02  2.262854E+01  2.263170E+01
 3.192500E+02  2.259806E+01  2.260122E+01
 3.195000E+02  2.256757E+01  2.257073E+01
 3.197500E+02  2.253707E+01  2.254023E+01
 3.200000E+02  2.250656E+01  2.250972E+01
 3.202500E+02  2.247603E+01  2.247919E+01
 3.205000E+02  2.244549E+01  2.244865E+01
 3.207500E+02  2.241494E+01  2.241810E+01
 3.210000E+02  2.238437E+01  2.238753E+01
 3.212500E+02  2.235379E+01  2.235695E+01
 3.215000E+02  2.232320E+01  2.232636E+01
 3.217500E+02  2.229260E+01  2.229576E+01
 3.220000E+02  2.226198E+01  2.226514E+01
 3.222500E+02  2.223135E+01  2.223452E+01
 3.225000E+02  2.220071E+01  2.220388E+01
 3.227500E+02  2.217006E+01  2.217322E+01
 3.230000E+02  2.213939E+01  2.214256E+01
 3.232500E+02  2.210871E+01  2.211188E+01
 3.235000E+02  2.207802E+01  2.208119E+01
 3.237500E+02  2.204732E+01  2.205048E+01
 3.240000E+02  2.201660E+01  2.201976E+01
 3.242500E+02  2.198587E+01  2.198903E+01
 3.245000E+02  2.195513E+01  2.195829E+01
 3.247500E+02  2.192437E+01  2.192754E+01
 3.250000E+02  2.189361E+01  2.189677E+01
 3.252500E+02  2.186283E+01  2.186599E+01
 3.255000E+02  2.183203E+01  2.183520E+01
 3.257500E+02  2.180123E+01  2.180439E+01
 3.260000E+02  2.177041E+01  2.177357E+01
 3.262500E+02  2.173958E+01  2.174274E+01
 3.265000E+02  2.170874E+01  2.171190E+01
 3.267500E+02  2.167788E+01  2.168104E+01
 3.270000E+02  2.164701E+01  2.165018E+01
 3.272500E+02  2.161613E+01  2.161929E+01
 3.275000E+02  2.158524E+01  2.158840E+01
 3.277500E+02  2.155433E+01  2.155749E+01
 3.280000E+02  2.152341E+01  2.152658E+01
 3.282500E+02  2.149248E+01  2.149564E+01
 3.285000E+02  2.146153E+01  2.146470E+01
 3.287500E+02  2.143058E+01  2.143374E+01
 3.290000E+02  2.139961E+01  2.140277E+01
 3.292500E+02  2.136862E+01  2.137179E+01
 3.295000E+02  2.133763E+01  2.134080E+01
 3.297500E+02  2.130662E+01  2.130979E+01
 3.300000E+02  2.127560E+01  2.127877E+01
 3.302500E+02  2.124457E+01  2.124774E+01
 3.305000E+02  2.121352E+01  2.121669E+01
 3.307500E+02  2.118246E+01  2.118563E+01
 3.310000E+02  2.115139E+01  2.115456E+01
 3.312500E+02  2.112031E+01  2.112348E+01
 3.315000E+02  2.108921E+01  2.109238E+01
 3.317500E+02  2.105811E+01  2.106127E+01
 3.320000E+02  2.102698E+01  2.103015E+01
 3.322500E+02  2.099585E+01  2.099902E+01
 3.325000E+02  2.096470E+01  2.096787E+01
 3.327500E+02  2.093354E+01  2.093671E+01
 3.330000E+02  2.090237E+01  2.090554E+01
 3.332500E+02  2.087119E+01  2.087436E+01
 3.335000E+02  2.083999E+01  2.084316E+01
 3.337500E+02  2.080878E+01  2.081195E+01
 3.340000E+02  2.077756E+01  2.078073E+01
 3.342500E+02  2.074632E+01  2.074949E+01
 3.345000E+02  2.071508E+01  2.071824E+01
 3.347500E+02  2.068381E+01  2.068698E+01
 3.350000E+02  2.065254E+01  2.065571E+01
 3.352500E+02  2.062126E+01  2.062443E+01
 3.355000E+02  2.058996E+01  2.059313E+01
 3.357500E+02  2.055865E+01  2.056182E+01
 3.360000E+02  2.052732E+01  2.053049E+01
 3.362500E+02  2.049599E+01  2.049916E+01
 3.365000E+02  2.046464E+01  2.046781E+01
 3.367500E+02  2.043327E+01  2.043645E+01
 3.370000E+02  2.040190E+01  2.040507E+01
 3.372500E+02  2.037051E+01  2.037368E+01
 3.375000E+02  2.033911E+01  2.034228E+01
 3.377500E+02  2.030770E+01  2.031087E+01
 3.380000E+02  2.027628E+01  2.027945E+01
 3.382500E+02  2.024484E+01  2.024801E+01
 3.385000E+02  2.021339E+01  2.021656E+01
 3.387500E+02  2.018192E+01  2.018510E+01
 3.390000E+02  2.015045E+01  2.015362E+01
 3.392500E+02  2.011896E+01  2.012213E+01
 3.395000E+02  2.008746E+01  2.009063E+01
 3.397500E+02  2.005594E+01  2.005912E+01
 3.400000E+02  2.002442E+01  2.002759E+01
 3.402500E+02  1.999288E+01  1.999605E+01
 3.405000E+02  1.996133E+01  1.996450E+01
 3.407500E+02  1.992976E+01  1.993294E+01
 3.410000E+02  1.989818E+01  1.990136E+01
 3.412500E+02  1.986659E+01  1.986977E+01
 3.415000E+02  1.983499E+01  1.983817E+01
 3.417500E+02  1.980338E+01  1.980655E+01
 3.420000E+02  1.977175E+01  1.977492E+01
 3.422500E+02  1.974011E+01  1.974328E+01
 3.425000E+02  1.970845E+01  1.971163E+01
 3.427500E+02  1.967679E+01  1.967996E+01
 3.430000E+02  1.964511E+01  1.964828E+01
 3.432500E+02  1.961342E+01  1.961659E+01
 3.435000E+02  1.958171E+01  1.958489E+01
 3.437500E+02  1.954999E+01  1.955317E+01
 3.440000E+02  1.951826E+01  1.952144E+01
 3.442500E+02  1.948652E+01  1.948970E+01
 3.445000E+02  1.945476E+01  1.945794E+01
 3.447500E+02  1.942300E+01  1.942617E+01
 3.450000E+02  1.939122E+01  1.939439E+01
 3.452500E+02  1.935942E+01  1.936260E+01
 3.455000E+02  1.932761E+01  1.933079E+01
 3.457500E+02  1.929580E+01  1.929897E+01
 3.460000E+02  1.926396E+01  1.926714E+01
 3.462500E+02  1.923212E+01  1.923529E+01
 3.465000E+02  1.920026E+01  1.920344E+01
 3.467500E+02  1.916839E+01  1.917157E+01
 3.470000E+02  1.913651E+01  1.913968E+01
 3.472500E+02  1.910461E+01  1.910779E+01
 3.475000E+02  1.907270E+01  1.907588E+01
 3.477500E+02  1.904078E+01  1.904396E+01
 3.480000E+02  1.900884E+01  1.901202E+01
 3.482500E+02  1.897690E+01  1.898008E+01
 3.485000E+02  1.894494E+01  1.894812E+01
 3.487500E+02  1.891296E+01  1.891614E+01
 3.490000E+02  1.888098E+01  1.888416E+01
 3.492500E+02  1.884898E+01  1.885216E+01
 3.495000E+02  1.881697E+01  1.882015E+01
 3.497500E+02  1.878494E+01  1.878812E+01
 3.500000E+02  1.875291E+01  1.875609E+01
 3.502500E+02  1.872086E+01  1.872404E+01
 3.505000E+02  1.868879E+01  1.869197E+01
 3.507500E+02  1.865672E+01  1.865990E+01
 3.510000E+02  1.862463E+01  1.862781E+01
 3.512500E+02  1.859253E+01  1.859571E+01
 3.515000E+02  1.856041E+01  1.856359E+01
 3.517500E+02  1.852829E+01  1.853147E+01
 3.520000E+02  1.849615E+01  1.849933E+01
 3.522500E+02  1.846399E+01  1.846717E+01
 3.525000E+02  1.843183E+01  1.843501E+01
 3.527500E+02  1.839965E+01  1.840283E+01
 3.530000E+02  1.836746E+01  1.837064E+01
 3.532500E+02  1.833525E+01  1.833843E+01
 3.535000E+02  1.830303E+01  1.830622E+01
 3.537500E+02  1.827080E+01  1.827398E+01
 3.540000E+02  1.823856E+01  1.824174E+01
 3.542500E+02  1.820630E+01  1.820949E+01
 3.545000E+02  1.817403E+01  1.817722E+01
 3.547500E+02  1.814175E+01  1.814493E+01
 3.550000E+02  1.810946E+01  1.811264E+01
 3.552500E+02  1.807715E+01  1.808033E+01
 3.555000E+02  1.804483E+01  1.804801E+01
 3.557500E+02  1.801249E+01  1.801568E+01
 3.560000E+02  1.798015E+01  1.798333E+01
 3.562500E+02  1.794779E+01  1.795097E+01
 3.565000E+02  1.791541E+01  1.791860E+01
 3.567500E+02  1.788303E+01  1.788621E+01
 3.570000E+02  1.785063E+01  1.785381E+01
 3.572500E+02  1.781822E+01  1.782140E+01
 3.575000E+02  1.778579E+01  1.778897E+01
 3.577500E+02  1.775335E+01  1.775654E+01
 3.580000E+02  1.772090E+01  1.772409E+01
 3.582500E+02  1.768844E+01  1.769162E+01
 3.585000E+02  1.765596E+01  1.765914E+01
 3.587500E+02  1.762347E+01  1.762665E+01
 3.590000E+02  1.759097E+01  1.759415E+01
 3.592500E+02  1.755845E+01  1.756164E+01
 3.595000E+02  1.752592E+01  1.752911E+01
 3.597500E+02  1.749338E+01  1.749656E+01
 3.600000E+02  1.746082E+01  1.746401E+01
 3.602500E+02  1.742825E+01  1.743144E+01
 3.605000E+02  1.739567E+01  1.739886E+01
 3.607500E+02  1.736308E+01  1.736626E+01
 3.610000E+02  1.733047E+01  1.733366E+01
 3.612500E+02  1.729785E+01  1.730103E+01
 3.615000E+02  1.726521E+01  1.726840E+01
 3.617500E+02  1.723257E+01  1.723575E+01
 3.620000E+02  1.719991E+01  1.720309E+01
 3.622500E+02  1.716723E+01  1.717042E+01
 3.625000E+02  1.713454E+01  1.713773E+01
 3.627500E+02  1.710184E+01  1.710503E+01
 3.630000E+02  1.706913E+01  1.707232E+01
 3.632500E+02  1.703641E+01  1.703959E+01
 3.635000E+02  1.700367E+01  1.700685E+01
 3.637500E+02  1.697091E+01  1.697410E+01
 3.640000E+02  1.693815E+01  1.694133E+01
 3.642500E+02  1.690537E+01  1.690856E+01
 3.645000E+02  1.687257E+01  1.687576E+01
 3.647500E+02  1.683977E+01  1.684296E+01
 3.650000E+02  1.680695E+01  1.681014E+01
 3.652500E+02  1.677412E+01  1.677731E+01
 3.655000E+02  1.674127E+01  1.674446E+01
 3.657500E+02  1.670841E+01  1.671160E+01
 3.660000E+02  1.667554E+01  1.667873E+01
 3.662500E+02  1.664266E+01  1.664585E+01
 3.665000E+02  1.660976E+01  1.661295E+01
 3.667500E+02  1.657685E+01  1.658004E+01
 3.670000E+02  1.654392E+01  1.654711E+01
 3.672500E+02  1.651098E+01  1.651417E+01
 3.675000E+02  1.647803E+01  1.648122E+01
 3.677500E+02  1.644506E+01  1.644826E+01
 3.680000E+02  1.641209E+01  1.641528E+01
 3.682500E+02  1.637909E+01  1.638229E+01
 3.685000E+02  1.634609E+01  1.634928E+01
 3.687500E+02  1.631307E+01  1.631626E+01
 3.690000E+02  1.628004E+01  1.628323E+01
 3.692500E+02  1.624699E+01  1.625018E+01
 3.695000E+02  1.621393E+01  1.621713E+01
 3.697500E+02  1.618086E+01  1.618405E+01
 3.700000E+02  1.614778E+01  1.615097E+01
 3.702500E+02  1.611468E+01  1.611787E+01
 3.705000E+02  1.608156E+01  1.608476E+01
 3.707500E+02  1.604844E+01  1.605163E+01
 3.710000E+02  1.601530E+01  1.601849E+01
 3.712500E+02  1.598215E+01  1.598534E+01
 3.715000E+02  1.594898E+01  1.595217E+01
 3.717500E+02  1.591580E+01  1.591899E+01
 3.720000E+02  1.588261E+01  1.588580E+01
 3.722500E+02  1.584940E+01  1.585259E+01
 3.725000E+02  1.581618E+01  1.581937E+01
 3.727500E+02  1.578295E+01  1.578614E+01
 3.730000E+02  1.574970E+01  1.575289E+01
 3.732500E+02  1.571644E+01  1.571963E+01
 3.735000E+02  1.568316E+01  1.568636E+01
 3.737500E+02  1.564987E+01  1.565307E+01
 3.740000E+02  1.561657E+01  1.561977E+01
 3.742500E+02  1.558326E+01  1.558645E+01
 3.745000E+02  1.554993E+01  1.555312E+01
 3.747500E+02  1.551658E+01  1.551978E+01
 3.750000E+02  1.548323E+01  1.548643E+01
 3.752500E+02  1.544986E+01  1.545306E+01
 3.755000E+02  1.541648E+01  1.541967E+01
 3.757500E+02  1.538308E+01  1.538628E+01
 3.760000E+02  1.534967E+01  1.535286E+01
 3.762500E+02  1.531624E+01  1.531944E+01
 3.765000E+02  1.528280E+01  1.528600E+01
 3.767500E+02  1.524935E+01  1.525255E+01
 3.770000E+02  1.521589E+01  1.521909E+01
 3.772500E+02  1.518241E+01  1.518561E+01
 3.775000E+02  1.514891E+01  1.515211E+01
 3.777500E+02  1.511541E+01  1.511861E+01
 3.780000E+02  1.508189E+01  1.508509E+01
 3.782500E+02  1.504835E+01  1.505155E+01
 3.785000E+02  1.501480E+01  1.501800E+01
 3.787500E+02  1.498124E+01  1.498444E+01
 3.790000E+02  1.494767E+01  1.495087E+01
 3.792500E+02  1.491408E+01  1.491728E+01
 3.795000E+02  1.488047E+01  1.488367E+01
 3.797500E+02  1.484686E+01  1.485006E+01
 3.800000E+02  1.481323E+01  1.481643E+01
 3.802500E+02  1.477958E+01  1.478278E+01
 3.805000E+02  1.474592E+01  1.474912E+01
 3.807500E+02  1.471225E+01  1.471545E+01
 3.810000E+02  1.467856E+01  1.468176E+01
 3.812500E+02  1.464486E+01  1.464806E+01
 3.815000E+02  1.461115E+01  1.461435E+01
 3.817500E+02  1.457742E+01  1.458062E+01
 3.820000E+02  1.454368E+01  1.454688E+01
 3.822500E+02  1.450992E+01  1.451312E+01
 3.825000E+02  1.447615E+01  1.447935E+01
 3.827500E+02  1.444237E+01  1.444557E+01
 3.830000E+02  1.440857E+01  1.441177E+01
 3.832500E+02  1.437475E+01  1.437796E+01
 3.835000E+02  1.434093E+01  1.434413E+01
 3.837500E+02  1.430709E+01  1.431029E+01
 3.840000E+02  1.427323E+01  1.427644E+01
 3.842500E+02  1.423937E+01  1.424257E+01
 3.845000E+02  1.420548E+01  1.420869E+01
 3.847500E+02  1.417159E+01  1.417479E+01
 3.850000E+02  1.413768E+01  1.414088E+01
 3.852500E+02  1.410375E+01  1.410695E+01
 3.855000E+02  1.406981E+01  1.407302E+01
 3.857500E+02  1.403586E+01  1.403906E+01
 3.860000E+02  1.400189E+01  1.400510E+01
 3.862500E+02  1.396791E+01  1.397111E+01
 3.865000E+02  1.393391E+01  1.393712E+01
 3.867500E+02  1.389990E+01  1.390311E+01
 3.870000E+02  1.386588E+01  1.386909E+01
 3.872500E+02  1.383184E+01  1.383505E+01
 3.875000E+02  1.379779E+01  1.380099E+01
 3.877500E+02  1.376372E+01  1.376693E+01
 3.880000E+02  1.372964E+01  1.373285E+01
 3.882500E+02  1.369554E+01  1.369875E+01
 3.885000E+02  1.366143E+01  1.366464E+01
 3.887500E+02  1.362731E+01  1.363052E+01
 3.890000E+02  1.359317E+01  1.359638E+01
 3.892500E+02  1.355902E+01  1.356223E+01
 3.895000E+02  1.352485E+01  1.352806E+01
 3.897500E+02  1.349067E+01  1.349388E+01
 3.900000E+02  1.345648E+01  1.345968E+01
 3.902500E+02  1.342226E+01  1.342547E+01
 3.905000E+02  1.338804E+01  1.339125E+01
 3.907500E+02  1.335380E+01  1.335701E+01
 3.910000E+02  1.331955E+01  1.332276E+01
 3.912500E+02  1.328528E+01  1.328849E+01
 3.915000E+02  1.325100E+01  1.325421E+01
 3.917500E+02  1.321670E+01  1.321991E+01
 3.920000E+02  1.318239E+01  1.318560E+01
 3.922500E+02  1.314806E+01  1.315127E+01
 3.925000E+02  1.311372E+01  1.311693E+01
 3.927500E+02  1.307937E+01  1.308258E+01
 3.930000E+02  1.304500E+01  1.304821E+01
 3.932500E+02  1.301061E+01  1.301383E+01
 3.935000E+02  1.297621E+01  1.297943E+01
 3.937500E+02  1.294180E+01  1.294501E+01
 3.940000E+02  1.290737E+01  1.291059E+01
 3.942500E+02  1.287293E+01  1.287614E+01
 3.945000E+02  1.283847E+01  1.284169E+01
 3.947500E+02  1.280400E+01  1.280721E+01
 3.950000E+02  1.276951E+01  1.277273E+01
 3.952500E+02  1.273501E+01  1.273823E+01
 3.955000E+02  1.270050E+01  1.270371E+01
 3.957500E+02  1.266597E+01  1.266918E+01
 3.960000E+02  1.263142E+01  1.263463E+01
 3.962500E+02  1.259686E+01  1.260007E+01
 3.965000E+02  1.256228E+01  1.256550E+01
 3.967500E+02  1.252769E+01  1.253091E+01
 3.970000E+02  1.249309E+01  1.249631E+01
 3.972500E+02  1.245847E+01  1.246169E+01
 3.975000E+02  1.242384E+01  1.242705E+01
 3.977500E+02  1.238919E+01  1.239240E+01
 3.980000E+02  1.235452E+01  1.235774E+01
 3.982500E+02  1.231984E+01  1.232306E+01
 3.985000E+02  1.228515E+01  1.228837E+01
 3.987500E+02  1.225044E+01  1.225366E+01
 3.990000E+02  1.221572E+01  1.221893E+01
 3.992500E+02  1.218098E+01  1.218419E+01
 3.995000E+02  1.214622E+01  1.214944E+01
 3.997500E+02  1.211145E+01  1.211467E+01
 4.000000E+02  1.207667E+01  1.207989E+01
 4.002500E+02  1.204187E+01  1.204509E+01
 4.005000E+02  1.200706E+01  1.201028E+01
 4.007500E+02  1.197223E+01  1.197545E+01
 4.010000E+02  1.193738E+01  1.194060E+01
 4.012500E+02  1.190253E+01  1.190574E+01
 4.015000E+02  1.186765E+01  1.187087E+01
 4.017500E+02  1.183276E+01  1.183598E+01
 4.020000E+02  1.179786E+01  1.180108E+01
 4.022500E+02  1.176294E+01  1.176616E+01
 4.025000E+02  1.172800E+01  1.173122E+01
 4.027500E+02  1.169305E+01  1.169627E+01
 4.030000E+02  1.165809E+01  1.166131E+01
 4.032500E+02  1.162311E+01  1.162633E+01
 4.035000E+02  1.158811E+01  1.159133E+01
 4.037500E+02  1.155310E+01  1.155632E+01
 4.040000E+02  1.151807E+01  1.152129E+01
 4.042500E+02  1.148303E+01  1.148625E+01
 4.045000E+02  1.144797E+01  1.145120E+01
 4.047500E+02  1.141290E+01  1.141612E+01
 4.050000E+02  1.137781E+01  1.138104E+01
 4.052500E+02  1.134271E+01  1.134593E+01
 4.055000E+02  1.130759E+01  1.131081E+01
 4.057500E+02  1.127246E+01  1.127568E+01
 4.060000E+02  1.123731E+01  1.124053E+01
 4.062500E+02  1.120214E+01  1.120537E+01
 4.065000E+02  1.116696E+01  1.117019E+01
 4.067500E+02  1.113177E+01  1.113499E+01
 4.070000E+02  1.109655E+01  1.109978E+01
 4.072500E+02  1.106133E+01  1.106455E+01
 4.075000E+02  1.102609E+01  1.102931E+01
 4.077500E+02  1.099083E+01  1.099405E+01
 4.080000E+02  1.095555E+01  1.095878E+01
 4.082500E+02  1.092026E+01  1.092349E+01
 4.085000E+02  1.088496E+01  1.088819E+01
 4.087500E+02  1.084964E+01  1.085287E+01
 4.090000E+02  1.081430E+01  1.081753E+01
 4.092500E+02  1.077895E+01  1.078218E+01
 4.095000E+02  1.074358E+01  1.074681E+01
 4.097500E+02  1.070820E+01  1.071143E+01
 4.100000E+02  1.067280E+01  1.067603E+01
 4.102500E+02  1.063739E+01  1.064061E+01
 4.105000E+02  1.060195E+01  1.060518E+01
 4.107500E+02  1.056651E+01  1.056974E+01
 4.110000E+02  1.053105E+01  1.053428E+01
 4.112500E+02  1.049557E+01  1.049880E+01
 4.115000E+02  1.046007E+01  1.046330E+01
 4.117500E+02  1.042456E+01  1.042779E+01
 4.120000E+02  1.038904E+01  1.039227E+01
 4.122500E+02  1.035350E+01  1.035673E+01
 4.125000E+02  1.031794E+01  1.032117E+01
 4.127500E+02  1.028237E+01  1.028560E+01
 4.130000E+02  1.024678E+01  1.025001E+01
 4.132500E+02  1.021117E+01  1.021440E+01
 4.135000E+02  1.017555E+01  1.017878E+01
 4.137500E+02  1.013991E+01  1.014314E+01
 4.140000E+02  1.010426E+01  1.010749E+01
 4.142500E+02  1.006859E+01  1.007182E+01
 4.145000E+02  1.003290E+01  1.003613E+01
 4.147500E+02  9.997199E+00  1.000043E+01
 4.150000E+02  9.961481E+00  9.964715E+00
 4.152500E+02  9.925747E+00  9.928981E+00
 4.155000E+02  9.889996E+00  9.893231E+00
 4.157500E+02  9.854230E+00  9.857464E+00
 4.160000E+02  6.373842E+00  9.810627E+00
 4.162500E+02  6.311325E+00  9.750206E+00
 4.165000E+02  6.248801E+00  9.689777E+00
 4.167500E+02  6.186268E+00  9.629340E+00
 4.170000E+02  6.123727E+00  9.568894E+00
 4.172500E+02  6.061177E+00  9.508441E+00
 4.175000E+02  5.998620E+00  9.447979E+00
 4.177500E+02  5.936054E+00  9.387509E+00
 4.180000E+02  5.873481E+00  9.327030E+00
 4.182500E+02  5.810899E+00  9.266544E+00
 4.185000E+02  5.748309E+00  9.206049E+00
 4.187500E+02  5.685711E+00  9.145547E+00
 4.190000E+02  5.623105E+00  9.085036E+00
 4.192500E+02  5.560490E+00  9.024517E+00
 4.195000E+02  5.497868E+00  8.963990E+00
 4.197500E+02  5.435237E+00  8.903454E+00
 4.200000E+02  5.372598E+00  8.842911E+00
 4.202500E+02  5.309952E+00  8.782359E+00
 4.205000E+02  5.247297E+00  8.721799E+00
 4.207500E+02  5.184633E+00  8.661231E+00
 4.210000E+02  5.121962E+00  8.600655E+00
 4.212500E+02  5.059283E+00  8.540071E+00
 4.215000E+02  4.996595E+00  8.479479E+00
 4.217500E+02  4.933900E+00  8.418878E+00
 4.220000E+02  4.871196E+00  8.358269E+00
 4.222500E+02  4.808485E+00  8.297653E+00
 4.225000E+02  4.745765E+00  8.237028E+00
 4.227500E+02  4.683037E+00  8.176395E+00
 4.230000E+02  4.620301E+00  8.115754E+00
 4.232500E+02  4.557557E+00  8.055104E+00
 4.235000E+02  4.494804E+00  7.994447E+00
 4.237500E+02  4.432044E+00  7.933782E+00
 4.240000E+02  4.369276E+00  7.873108E+00
 4.242500E+02  4.306499E+00  7.812426E+00
 4.245000E+02  4.243715E+00  7.751737E+00
 4.247500E+02  4.180922E+00  7.691039E+00
 4.250000E+02  4.118122E+00  7.630333E+00
 4.252500E+02  4.055313E+00  7.569619E+00
 4.255000E+02  3.992496E+00  7.508897E+00
 4.257500E+02  3.929671E+00  7.448167E+00
 4.260000E+02  3.866839E+00  7.387428E+00
 4.262500E+02  3.803998E+00  7.326682E+00
 4.265000E+02  3.741149E+00  7.265928E+00
 4.267500E+02  3.678292E+00  7.205165E+00
 4.270000E+02  3.615427E+00  7.144395E+00
 4.272500E+02  3.552553E+00  7.083616E+00
 4.275000E+02  3.489672E+00  7.022829E+00
 4.277500E+02  3.426783E+00  6.962035E+00
 4.280000E+02  3.363886E+00  6.901232E+00
 4.282500E+02  3.300981E+00  6.840421E+00
 4.285000E+02  3.238067E+00  6.779602E+00
 4.287500E+02  3.175146E+00  6.718775E+00
 4.290000E+02  3.112217E+00  6.657940E+00
 4.292500E+02  3.049280E+00  6.597097E+00
 4.295000E+02  2.986334E+00  6.536246E+00
 4.297500E+02  2.923381E+00  6.475387E+00
 4.300000E+02  2.860420E+00  6.414520E+00
 4.302500E+02  2.797450E+00  6.353645E+00
 4.305000E+02  2.734473E+00  6.292761E+00
 4.307500E+02  2.671488E+00  6.231870E+00
 4.310000E+02  2.608494E+00  6.170971E+00
 4.312500E+02  2.545493E+00  6.110064E+00
 4.315000E+02  2.482483E+00  6.049148E+00
 4.317500E+02  2.419466E+00  5.988225E+00
 4.320000E+02  2.356441E+00  5.927294E+00
 4.322500E+02  2.293408E+00  5.866354E+00
 4.325000E+02  2.230366E+00  5.805407E+00
 4.327500E+02  2.167317E+00  5.744452E+00
 4.330000E+02  2.104260E+00  5.683488E+00
 4.332500E+02  2.041195E+00  5.622517E+00
 4.335000E+02  1.978121E+00  5.561538E+00
 4.337500E+02  1.915040E+00  5.500551E+00
 4.340000E+02  1.851951E+00  5.439555E+00
 4.342500E+02  1.788854E+00  5.378552E+00
 4.345000E+02  1.725749E+00  5.317541E+00
 4.347500E+02  1.662636E+00  5.256522E+00
 4.350000E+02  1.599515E+00  5.195494E+00
 4.352500E+02  1.536386E+00  5.134459E+00
 4.355000E+02  1.473249E+00  5.073416E+00
 4.357500E+02  1.410105E+00  5.012365E+00
 4.360000E+02  1.346952E+00  4.951306E+00
 4.362500E+02  1.283791E+00  4.890239E+00
 4.365000E+02  1.220623E+00  4.829164E+00
 4.367500E+02  1.157446E+00  4.768081E+00
 4.370000E+02  1.094262E+00  4.706990E+00
 4.372500E+02  1.031069E+00  4.645891E+00
 4.375000E+02  9.678691E-01  4.584785E+00
 4.377500E+02  9.046609E-01  4.523670E+00
 4.380000E+02  8.414448E-01  4.462547E+00
 4.382500E+02  7.782207E-01  4.401417E+00
 4.385000E+02  7.149888E-01  4.340278E+00
 4.387500E+02  6.517489E-01  4.279132E+00
 4.390000E+02  5.885011E-01  4.217977E+00
 4.392500E+02  5.252454E-01  4.156815E+00
 4.395000E+02  4.619818E-01  4.095645E+00
 4.397500E+02  3.987103E-01  4.034466E+00
 4.400000E+02  3.354310E-01  3.973280E+00
 4.402500E+02  2.721437E-01  3.912086E+00
 4.405000E+02  2.088485E-01  3.850884E+00
 4.407500E+02  1.455454E-01  3.789675E+00
 4.410000E+02  8.223450E-02  3.728457E+00
 4.412500E+02  1.891567E-02  3.667231E+00
 4.415000E+02 -4.441104E-02  3.605998E+00
 4.417500E+02 -1.077456E-01  3.544756E+00
 4.420000E+02 -1.710881E-01  3.483507E+00
 4.422500E+02 -2.344384E-01  3.422250E+00
 4.425000E+02 -2.977966E-01  3.360984E+00
 4.427500E+02 -3.611627E-01  3.299711E+00
 4.430000E+02 -4.245366E-01  3.238431E+00
 4.432500E+02 -4.879184E-01  3.177142E+00
 4.435000E+02 -5.513081E-01  3.115845E+00
 4.437500E+02 -6.147056E-01  3.054541E+00
 4.440000E+02 -6.781109E-01  2.993228E+00
 4.442500E+02 -7.415242E-01  2.931908E+00
 4.445000E+02 -8.049452E-01  2.870580E+00
 4.447500E+02 -8.683741E-01  2.809244E+00
 4.450000E+02 -9.318109E-01  2.747900E+00
 4.452500E+02 -9.952554E-01  2.686548E+00
 4.455000E+02 -1.058708E+00  2.625188E+00
 4.457500E+02 -1.122168E+00  2.563821E+00
 4.460000E+02 -1.185636E+00  2.502446E+00
 4.462500E+02 -1.249112E+00  2.441063E+00
 4.465000E+02 -1.312596E+00  2.379672E+00
 4.467500E+02 -1.376087E+00  2.318273E+00
 4.470000E+02 -1.439587E+00  2.256866E+00
 4.472500E+02 -1.503094E+00  2.195452E+00
 4.475000E+02 -1.566609E+00  2.134029E+00
 4.477500E+02 -1.630132E+00  2.072599E+00
 4.480000E+02 -1.693663E+00  2.011161E+00
 4.482500E+02 -1.757201E+00  1.949715E+00
 4.485000E+02 -1.820747E+00  1.888261E+00
 4.487500E+02 -1.884301E+00  1.826800E+00
 4.490000E+02 -1.947863E+00  1.765331E+00
 4.492500E+02 -2.011433E+00  1.703854E+00
 4.495000E+02 -2.075010E+00  1.642369E+00
 4.497500E+02 -2.138596E+00  1.580876E+00
 4.500000E+02 -2.202189E+00  1.519375E+00
 4.502500E+02 -2.265789E+00  1.457867E+00
 4.505000E+02 -2.329398E+00  1.396351E+00
 4.507500E+02 -2.393014E+00  1.334827E+00
 4.510000E+02 -2.456639E+00  1.273295E+00
 4.512500E+02 -2.520270E+00  1.211755E+00
 4.515000E+02 -2.583910E+00  1.150208E+00
 4.517500E+02 -2.647558E+00  1.088653E+00
 4.520000E+02 -2.711213E+00  1.027090E+00
 4.522500E+02 -2.774876E+00  9.655193E-01
 4.525000E+02 -2.838547E+00  9.039408E-01
 4.527500E+02 -2.902225E+00  8.423545E-01
 4.530000E+02 -2.965912E+00  7.807604E-01
 4.532500E+02 -3.029606E+00  7.191586E-01
 4.535000E+02 -3.093307E+00  6.575490E-01
 4.537500E+02 -3.157017E+00  5.959316E-01
 4.540000E+02 -3.220734E+00  5.343065E-01
 4.542500E+02 -3.284459E+00  4.726736E-01
 4.545000E+02 -3.348192E+00  4.110330E-01
 4.547500E+02 -3.411933E+00  3.493845E-01
 4.550000E+02 -3.475681E+00  2.877284E-01
 4.552500E+02 -3.539437E+00  2.260645E-01
 4.555000E+02 -3.603201E+00  1.643928E-01
 4.557500E+02 -3.666972E+00  1.027134E-01
 4.560000E+02 -3.730751E+00  4.102620E-02
 4.562500E+02 -3.794538E+00 -2.066871E-02
 4.565000E+02 -3.858333E+00 -8.237136E-02
 4.567500E+02 -3.922135E+00 -1.440817E-01
 4.570000E+02 -3.985945E+00 -2.057999E-01
 4.572500E+02 -4.049763E+00 -2.675257E-01
 4.575000E+02 -4.113588E+00 -3.292593E-01
 4.577500E+02 -4.177422E+00 -3.910006E-01
 4.580000E+02 -4.241262E+00 -4.527496E-01
 4.582500E+02 -4.305111E+00 -5.145064E-01
 4.585000E+02 -4.368967E+00 -5.762708E-01
 4.587500E+02 -4.432831E+00 -6.380430E-01
 4.590000E+02 -4.496703E+00 -6.998229E-01
 4.592500E+02 -4.560582E+00 -7.616105E-01
 4.595000E+02 -4.624469E+00 -8.234058E-01
 4.597500E+02 -4.688364E+00 -8.852088E-01
 4.600000E+02 -4.752267E+00 -9.470195E-01
 4.602500E+02 -4.816177E+00 -1.008838E+00
 4.605000E+02 -4.880095E+00 -1.070664E+00
 4.607500E+02 -4.944020E+00 -1.132498E+00
 4.610000E+02 -5.007953E+00 -1.194339E+00
 4.612500E+02 -5.071894E+00 -1.256189E+00
 4.615000E+02 -5.135843E+00 -1.318045E+00
 4.617500E+02 -5.199799E+00 -1.379910E+00
 4.620000E+02 -5.263763E+00 -1.441782E+00
 4.622500E+02 -5.327734E+00 -1.503662E+00
 4.625000E+02 -5.391713E+00 -1.565550E+00
 4.627500E+02 -5.455700E+00 -1.627445E+00
 4.630000E+02 -5.519695E+00 -1.689348E+00
 4.632500E+02 -5.583697E+00 -1.751259E+00
 4.635000E+02 -5.647706E+00 -1.813177E+00
 4.637500E+02 -5.711724E+00 -1.875103E+00
 4.640000E+02 -5.775749E+00 -1.937037E+00
 4.642500E+02 -5.839782E+00 -1.998978E+00
 4.645000E+02 -5.903822E+00 -2.060927E+00
 4.647500E+02 -5.967870E+00 -2.122883E+00
 4.650000E+02 -6.031926E+00 -2.184848E+00
 4.652500E+02 -6.095989E+00 -2.246819E+00
 4.655000E+02 -6.160060E+00 -2.308799E+00
 4.657500E+02 -6.224138E+00 -2.370786E+00
 4.660000E+02 -6.288224E+00 -2.432781E+00
 4.662500E+02 -6.352318E+00 -2.494783E+00
 4.665000E+02 -6.416419E+00 -2.556793E+00
 4.667500E+02 -6.480528E+00 -2.618811E+00
 4.670000E+02 -6.544645E+00 -2.680837E+00
 4.672500E+02 -6.608769E+00 -2.742870E+00
 4.675000E+02 -6.672901E+00 -2.804910E+00
 4.677500E+02 -6.737040E+00 -2.866958E+00
 4.680000E+02 -6.801187E+00 -2.929014E+00
 4.682500E+02 -6.865342E+00 -2.991078E+00
 4.685000E+02 -6.929504E+00 -3.053149E+00
 4.687500E+02 -6.993674E+00 -3.115227E+00
 4.690000E+02 -7.057852E+00 -3.177314E+00
 4.692500E+02 -7.122037E+00 -3.239408E+00
 4.695000E+02 -7.186229E+00 -3.301509E+00
 4.697500E+02 -7.250429E+00 -3.363618E+00
 4.700000E+02 -7.314637E+00 -3.425735E+00
 4.702500E+02 -7.378853E+00 -3.487859E+00
 4.705000E+02 -7.443075E+00 -3.549991E+00
 4.707500E+02 -7.507306E+00 -3.612131E+00
 4.710000E+02 -7.571544E+00 -3.674278E+00
 4.712500E+02 -7.635790E+00 -3.736433E+00
 4.715000E+02 -7.700043E+00 -3.798595E+00
 4.717500E+02 -7.764304E+00 -3.860765E+00
 4.720000E+02 -7.828572E+00 -3.922942E+00
 4.722500E+02 -7.892848E+00 -3.985127E+00
 4.725000E+02 -7.957132E+00 -4.047320E+00
 4.727500E+02 -8.021423E+00 -4.109520E+00
 4.730000E+02 -8.085721E+00 -4.171728E+00
 4.732500E+02 -8.150027E+00 -4.233943E+00
 4.735000E+02 -8.214341E+00 -4.296166E+00
 4.737500E+02 -8.278662E+00 -4.358396E+00
 4.740000E+02 -8.342991E+00 -4.420634E+00
 4.742500E+02 -8.407327E+00 -4.482880E+00
 4.745000E+02 -8.471671E+00 -4.545133E+00
 4.747500E+02 -8.536023E+00 -4.607394E+00
 4.750000E+02 -8.600382E+00 -4.669662E+00
 4.752500E+02 -8.664748E+00 -4.731938E+00
 4.755000E+02 -8.729122E+00 -4.794221E+00
 4.757500E+02 -8.793504E+00 -4.856512E+00
 4.760000E+02 -8.857893E+00 -4.918810E+00
 4.762500E+02 -8.922289E+00 -4.981116E+00
 4.765000E+02 -8.986694E+00 -5.043430E+00
 4.767500E+02 -9.051105E+00 -5.105751E+00
 4.770000E+02 -9.115524E+00 -5.168079E+00
 4.772500E+02 -9.179951E+00 -5.230415E+00
 4.775000E+02 -9.244385E+00 -5.292759E+00
 4.777500E+02 -9.308827E+00 -5.355110E+00
 4.780000E+02 -9.373276E+00 -5.417469E+00
 4.782500E+02 -9.437733E+00 -5.479835E+00
 4.785000E+02 -9.502197E+00 -5.542209E+00
 4.787500E+02 -9.566669E+00 -5.604590E+00
 4.790000E+02 -9.631148E+00 -5.666978E+00
 4.792500E+02 -9.695635E+00 -5.729375E+00
 4.795000E+02 -9.760129E+00 -5.791778E+00
 4.797500E+02 -9.824630E+00 -5.854190E+00
 4.800000E+02 -9.889140E+00 -5.916608E+00
 4.802500E+02 -9.953656E+00 -5.979035E+00
 4.805000E+02 -1.001818E+01 -6.041468E+00
 4.807500E+02 -1.008271E+01 -6.103910E+00
 4.810000E+02 -1.014725E+01 -6.166358E+00
 4.812500E+02 -1.021180E+01 -6.228814E+00
 4.815000E+02 -1.027635E+01 -6.291278E+00
 4.817500E+02 -1.034091E+01 -6.353749E+00
 4.820000E+02 -1.040548E+01 -6.416228E+00
 4.822500E+02 -1.047006E+01 -6.478714E+00
 4.825000E+02 -1.053464E+01 -6.541208E+00
 4.827500E+02 -1.059923E+01 -6.603709E+00
 4.830000E+02 -1.066383E+01 -6.666217E+00
 4.832500E+02 -1.072844E+01 -6.728733E+00
 4.835000E+02 -1.079305E+01 -6.791257E+00
 4.837500E+02 -1.085767E+01 -6.853788E+00
 4.840000E+02 -1.092230E+01 -6.916326E+00
 4.842500E+02 -1.098694E+01 -6.978872E+00
 4.845000E+02 -1.105158E+01 -7.041426E+00
 4.847500E+02 -1.111623E+01 -7.103986E+00
 4.850000E+02 -1.118089E+01 -7.166555E+00
 4.852500E+02 -1.124556E+01 -7.229130E+00
 4.855000E+02 -1.131023E+01 -7.291714E+00
 4.857500E+02 -1.137491E+01 -7.354304E+00
 4.860000E+02 -1.143960E+01 -7.416902E+00
 4.862500E+02 -1.150430E+01 -7.479508E+00
 4.865000E+02 -1.156900E+01 -7.542121E+00
 4.867500E+02 -1.163371E+01 -7.604741E+00
 4.870000E+02 -1.169843E+01 -7.667369E+00
 4.872500E+02 -1.176315E+01 -7.730004E+00
 4.875000E+02 -1.182788E+01 -7.792647E+00
 4.877500E+02 -1.189262E+01 -7.855297E+00
 4.880000E+02 -1.195737E+01 -7.917955E+00
 4.882500E+02 -1.202213E+01 -7.980619E+00
 4.885000E+02 -1.208689E+01 -8.043292E+00
 4.887500E+02 -1.215166E+01 -8.105972E+00
 4.890000E+02 -1.221644E+01 -8.168659E+00
 4.892500E+02 -1.228122E+01 -8.231354E+00
 4.895000E+02 -1.234601E+01 -8.294056E+00
 4.897500E+02 -1.241081E+01 -8.356765E+00
 4.900000E+02 -1.247562E+01 -8.419482E+00
 4.902500E+02 -1.254043E+01 -8.482206E+00
 4.905000E+02 -1.260525E+01 -8.544938E+00
 4.907500E+02 -1.267008E+01 -8.607677E+00
 4.910000E+02 -1.273492E+01 -8.670423E+00
 4.912500E+02 -1.279976E+01 -8.733177E+00
 4.915000E+02 -1.286461E+01 -8.795939E+00
 4.917500E+02 -1.292947E+01 -8.858707E+00
 4.920000E+02 -1.299434E+01 -8.921483E+00
 4.922500E+02 -1.305921E+01 -8.984267E+00
 4.925000E+02 -1.312409E+01 -9.047057E+00
 4.927500E+02 -1.318898E+01 -9.109856E+00
 4.930000E+02 -1.325388E+01 -9.172661E+00
 4.932500E+02 -1.331878E+01 -9.235474E+00
 4.935000E+02 -1.338369E+01 -9.298294E+00
 4.937500E+02 -1.344861E+01 -9.361122E+00
 4.940000E+02 -1.351353E+01 -9.423957E+00
 4.942500E+02 -1.357846E+01 -9.486800E+00
 4.945000E+02 -1.364340E+01 -9.549649E+00
 4.947500E+02 -1.370835E+01 -9.612507E+00
 4.950000E+02 -1.377330E+01 -9.675371E+00
 4.952500E+02 -1.383826E+01 -9.738243E+00
 4.955000E+02 -1.390323E+01 -9.801122E+00
 4.957500E+02 -1.396821E+01 -9.864009E+00
 4.960000E+02 -1.403319E+01 -9.926903E+00
 4.962500E+02 -1.409818E+01 -9.989804E+00
 4.965000E+02 -1.416318E+01 -1.005271E+01
 4.967500E+02 -1.422819E+01 -1.011563E+01
 4.970000E+02 -1.429320E+01 -1.017855E+01
 4.972500E+02 -1.435822E+01 -1.024148E+01
 4.975000E+02 -1.442325E+01 -1.030442E+01
 4.977500E+02 -1.448828E+01 -1.036737E+01
 4.980000E+02 -1.455332E+01 -1.043032E+01
 4.982500E+02 -1.461837E+01 -1.049328E+01
 4.985000E+02 -1.468343E+01 -1.055625E+01
 4.987500E+02 -1.474849E+01 -1.061922E+01
 4.990000E+02 -1.481357E+01 -1.068220E+01
 4.992500E+02 -1.487864E+01 -1.074519E+01
 4.995000E+02 -1.494373E+01 -1.080819E+01
 4.997500E+02 -1.500882E+01 -1.087119E+01
 5.000000E+02 -1.507392E+01 -1.093420E+01
