#         T/K     Cv/J*K^-1     Cp/J*K^-1
 2.500000E+02  4.381768E+01  4.381820E+01
 2.502500E+02  4.383895E+01  4.383947E+01
 2.505000E+02  4.386020E+01  4.386072E+01
 2.507500E+02  4.388144E+01  4.388196E+01
 2.510000E+02  4.390267E+01  4.390319E+01
 2.512500E+02  4.392389E+01  4.392441E+01
 2.515000E+02  4.394509E+01  4.394561E+01
 2.517500E+02  4.396629E+01  4.396681E+01
 2.520000E+02  4.398747E+01  4.398799E+01
 2.522500E+02  4.400865E+01  4.400917E+01
 2.525000E+02  4.402981E+01  4.403033E+01
 2.527500E+02  4.405096E+01  4.405148E+01
 2.530000E+02  4.407210E+01  4.407262E+01
 2.532500E+02  4.409323E+01  4.409375E+01
 2.535000E+02  4.411435E+01  4.411487E+01
 2.537500E+02  4.413546E+01  4.413598E+01
 2.540000E+02  4.415656E+01  4.415708E+01
 2.542500E+02  4.417765E+01  4.417817E+01
 2.545000E+02  4.419873E+01  4.419925E+01
 2.547500E+02  4.421980E+01  4.422032E+01
 2.550000E+02  4.424085E+01  4.424138E+01
 2.552500E+02  4.426190E+01  4.426242E+01
 2.555000E+02  4.428294E+01  4.428346E+01
 2.557500E+02  4.430396E+01  4.430449E+01
 2.560000E+02  4.432498E+01  4.432550E+01
 2.562500E+02  4.434599E+01  4.434651E+01
 2.565000E+02  4.436698E+01  4.436751E+01
 2.567500E+02  4.438797E+01  4.438849E+01
 2.570000E+02  4.440895E+01  4.440947E+01
 2.572500E+02  4.442991E+01  4.443044E+01
 2.575000E+02  4.445087E+01  4.445139E+01
 2.577500E+02  4.447182E+01  4.447234E+01
 2.580000E+02  4.449275E+01  4.449328E+01
 2.582500E+02  4.451368E+01  4.451421E+01
 2.585000E+02  4.453460E+01  4.453512E+01
 2.587500E+02  4.455551E+01  4.455603E+01
 2.590000E+02  4.457641E+01  4.457693E+01
 2.592500E+02  4.459730E+01  4.459782E+01
 2.595000E+02  4.461818E+01  4.461870E+01
 2.597500E+02  4.463905E+01  4.463957E+01
 2.600000E+02  4.465991E+01  4.466043E+01
 2.602500E+02  4.468076E+01  4.468129E+01
 2.605000E+02  4.470160E+01  4.470213E+01
 2.607500E+02  4.472243E+01  4.472296E+01
 2.610000E+02  4.474326E+01  4.474378E+01
 2.612500E+02  4.476407E+01  4.476460E+01
 2.615000E+02  4.478488E+01  4.478541E+01
 2.617500E+02  4.480567E+01  4.480620E+01
 2.620000E+02  4.482646E+01  4.482699E+01
 2.622500E+02  4.484724E+01  4.484777E+01
 2.625000E+02  4.486801E+01  4.486854E+01
 2.627500E+02  4.488877E+01  4.488930E+01
 2.630000E+02  4.490952E+01  4.491005E+01
 2.632500E+02  4.493026E+01  4.493079E+01
 2.635000E+02  4.495100E+01  4.495153E+01
 2.637500E+02  4.497172E+01  4.497225E+01
 2.640000E+02  4.499244E+01  4.499297E+01
 2.642500E+02  4.501315E+01  4.501367E+01
 2.645000E+02  4.503384E+01  4.503437E+01
 2.647500E+02  4.505453E+01  4.505506E+01
 2.650000E+02  4.507522E+01  4.507574E+01
 2.652500E+02  4.509589E+01  4.509642E+01
 2.655000E+02  4.511655E+01  4.511708E+01
 2.657500E+02  4.513721E+01  4.513774E+01
 2.660000E+02  4.515786E+01  4.515838E+01
 2.662500E+02  4.517849E+01  4.517902E+01
 2.665000E+02  4.519912E+01  4.519965E+01
 2.667500E+02  4.521975E+01  4.522028E+01
 2.670000E+02  4.524036E+01  4.524089E+01
 2.672500E+02  4.526096E+01  4.526150E+01
 2.675000E+02  4.528156E+01  4.528209E+01
 2.677500E+02  4.530215E+01  4.530268E+01
 2.680000E+02  4.532273E+01  4.532326E+01
 2.682500E+02  4.534330E+01  4.534383E+01
 2.685000E+02  4.536387E+01  4.536440E+01
 2.687500E+02  4.538442E+01  4.538495E+01
 2.690000E+02  4.540497E+01  4.540550E+01
 2.692500E+02  4.542551E+01  4.542604E+01
 2.695000E+02  4.544604E+01  4.544657E+01
 2.697500E+02  4.546656E+01  4.546710E+01
 2.700000E+02  4.548708E+01  4.548761E+01
 2.702500E+02  4.550759E+01  4.550812E+01
 2.705000E+02  4.552809E+01  4.552862E+01
 2.707500E+02  4.554858E+01  4.554911E+01
 2.710000E+02  4.556906E+01  4.556959E+01
 2.712500E+02  4.558954E+01  4.559007E+01
 2.715000E+02  4.561001E+01  4.561054E+01
 2.717500E+02  4.563047E+01  4.563100E+01
 2.720000E+02  4.565092E+01  4.565145E+01
 2.722500E+02  4.567136E+01  4.567189E+01
 2.725000E+02  4.569180E+01  4.569233E+01
 2.727500E+02  4.571223E+01  4.571276E+01
 2.730000E+02  4.573265E+01  4.573318E+01
 2.732500E+02  4.575306E+01  4.575360E+01
 2.735000E+02  4.577347E+01  4.577400E+01
 2.737500E+02  4.579387E+01  4.579440E+01
 2.740000E+02  4.581426E+01  4.581479E+01
 2.742500E+02  4.583464E+01  4.583517E+01
 2.745000E+02  4.585501E+01  4.585555E+01
 2.747500E+02  4.587538E+01  4.587592E+01
 2.750000E+02  4.589574E+01  4.589628E+01
 2.752500E+02  4.591609E+01  4.591663E+01
 2.755000E+02  4.593644E+01  4.593697E+01
 2.757500E+02  4.595678E+01  4.595731E+01
 2.760000E+02  4.597711E+01  4.597764E+01
 2.762500E+02  4.599743E+01  4.599796E+01
 2.765000E+02  4.601774E+01  4.601828E+01
 2.767500E+02  4.603805E+01  4.603859E+01
 2.770000E+02  4.605835E+01  4.605889E+01
 2.772500E+02  4.607864E+01  4.607918E+01
 2.775000E+02  4.609893E+01  4.609946E+01
 2.777500E+02  4.611921E+01  4.611974E+01
 2.780000E+02  4.613948E+01  4.614001E+01
 2.782500E+02  4.615974E+01  4.616028E+01
 2.785000E+02  4.618000E+01  4.618053E+01
 2.787500E+02  4.620025E+01  4.620078E+01
 2.790000E+02  4.622049E+01  4.622102E+01
 2.792500E+02  4.624072E+01  4.624126E+01
 2.795000E+02  4.626095E+01  4.626148E+01
 2.797500E+02  4.628117E+01  4.628170E+01
 2.800000E+02  4.630138E+01  4.630191E+01
 2.802500E+02  4.632158E+01  4.632212E+01
 2.805000E+02  4.634178E+01  4.634232E+01
 2.807500E+02  4.636197E+01  4.636251E+01
 2.810000E+02  4.638215E+01  4.638269E+01
 2.812500E+02  4.640233E+01  4.640287E+01
 2.815000E+02  4.642250E+01  4.642304E+01
 2.817500E+02  4.644266E+01  4.644320E+01
 2.820000E+02  4.646281E+01  4.646335E+01
 2.822500E+02  4.648296E+01  4.648350E+01
 2.825000E+02  4.650310E+01  4.650364E+01
 2.827500E+02  4.652323E+01  4.652377E+01
 2.830000E+02  4.654336E+01  4.654390E+01
 2.832500E+02  4.656348E+01  4.656402E+01
 2.835000E+02  4.658359E+01  4.658413E+01
 2.837500E+02  4.660369E+01  4.660423E+01
 2.840000E+02  4.662379E+01  4.662433E+01
 2.842500E+02  4.664388E+01  4.664442E+01
 2.845000E+02  4.666396E+01  4.666450E+01
 2.847500E+02  4.668404E+01  4.668458E+01
 2.850000E+02  4.670411E+01  4.670464E+01
 2.852500E+02  4.672417E+01  4.672471E+01
 2.855000E+02  4.674422E+01  4.674476E+01
 2.857500E+02  4.676427E+01  4.676481E+01
 2.860000E+02  4.678431E+01  4.678485E+01
 2.862500E+02  4.680434E+01  4.680488E+01
 2.865000E+02  4.682437E+01  4.682491E+01
 2.867500E+02  4.684439E+01  4.684493E+01
 2.870000E+02  4.686440E+01  4.686494E+01
 2.872500E+02  4.688440E+01  4.688494E+01
 2.875000E+02  4.690440E+01  4.690494E+01
 2.877500E+02  4.692439E+01  4.692493E+01
 2.880000E+02  4.694437E+01  4.694491E+01
 2.882500E+02  4.696435E+01  4.696489E+01
 2.885000E+02  4.698432E+01  4.698486E+01
 2.887500E+02  4.700428E+01  4.700482E+01
 2.890000E+02  4.702424E+01  4.702478E+01
 2.892500E+02  4.704418E+01  4.704473E+01
 2.895000E+02  4.706413E+01  4.706467E+01
 2.897500E+02  4.708406E+01  4.708460E+01
 2.900000E+02  4.710399E+01  4.710453E+01
 2.902500E+02  4.712391E+01  4.712445E+01
 2.905000E+02  4.714382E+01  4.714436E+01
 2.907500E+02  4.716372E+01  4.716426E+01
 2.910000E+02  4.718362E+01  4.718416E+01
 2.912500E+02  4.720351E+01  4.720405E+01
 2.915000E+02  4.722340E+01  4.722394E+01
 2.917500E+02  4.724327E+01  4.724382E+01
 2.920000E+02  4.726314E+01  4.726369E+01
 2.922500E+02  4.728301E+01  4.728355E+01
 2.925000E+02  4.730286E+01  4.730340E+01
 2.927500E+02  4.732271E+01  4.732325E+01
 2.930000E+02  4.734255E+01  4.734309E+01
 2.932500E+02  4.736239E+01  4.736293E+01
 2.935000E+02  4.738221E+01  4.738276E+01
 2.937500E+02  4.740203E+01  4.740258E+01
 2.940000E+02  4.742184E+01  4.742239E+01
 2.942500E+02  4.744165E+01  4.744219E+01
 2.945000E+02  4.746145E+01  4.746199E+01
 2.947500E+02  4.748124E+01  4.748178E+01
 2.950000E+02  4.750102E+01  4.750157E+01
 2.952500E+02  4.752080E+01  4.752134E+01
 2.955000E+02  4.754057E+01  4.754111E+01
 2.957500E+02  4.756033E+01  4.756088E+01
 2.960000E+02  4.758009E+01  4.758063E+01
 2.962500E+02  4.759984E+01  4.760038E+01
 2.965000E+02  4.761958E+01  4.762012E+01
 2.967500E+02  4.763931E+01  4.763985E+01
 2.970000E+02  4.765904E+01  4.765958E+01
 2.972500E+02  4.767875E+01  4.767930E+01
 2.975000E+02  4.769847E+01  4.769901E+01
 2.977500E+02  4.771817E+01  4.771872E+01
 2.980000E+02  4.773787E+01  4.773841E+01
 2.982500E+02  4.775756E+01  4.775810E+01
 2.985000E+02  4.777724E+01  4.777779E+01
 2.987500E+02  4.779691E+01  4.779746E+01
 2.990000E+02  4.781658E+01  4.781713E+01
 2.992500E+02  4.783624E+01  4.783679E+01
 2.995000E+02  4.785590E+01  4.785644E+01
 2.997500E+02  4.787554E+01  4.787609E+01
 3.000000E+02  4.789518E+01  4.789573E+01
 3.002500E+02  4.791481E+01  4.791536E+01
 3.005000E+02  4.793443E+01  4.793498E+01
 3.007500E+02  4.795405E+01  4.795460E+01
 3.010000E+02  4.797366E+01  4.797421E+01
 3.012500E+02  4.799326E+01  4.799381E+01
 3.015000E+02  4.801285E+01  4.801340E+01
 3.017500E+02  4.803244E+01  4.803299E+01
 3.020000E+02  4.805202E+01  4.805256E+01
 3.022500E+02  4.807159E+01  4.807214E+01
 3.025000E+02  4.809115E+01  4.809170E+01
 3.027500E+02  4.811071E+01  4.811126E+01
 3.030000E+02  4.813025E+01  4.813080E+01
 3.032500E+02  4.814980E+01  4.815035E+01
 3.035000E+02  4.816933E+01  4.816988E+01
 3.037500E+02  4.818885E+01  4.818940E+01
 3.040000E+02  4.820837E+01  4.820892E+01
 3.042500E+02  4.822788E+01  4.822843E+01
 3.045000E+02  4.824738E+01  4.824794E+01
 3.047500E+02  4.826688E+01  4.826743E+01
 3.050000E+02  4.828637E+01  4.828692E+01
 3.052500E+02  4.830585E+01  4.830640E+01
 3.055000E+02  4.832532E+01  4.832587E+01
 3.057500E+02  4.834478E+01  4.834533E+01
 3.060000E+02  4.836424E+01  4.836479E+01
 3.062500E+02  4.838369E+01  4.838424E+01
 3.065000E+02  4.840313E+01  4.840368E+01
 3.067500E+02  4.842256E+01  4.842311E+01
 3.070000E+02  4.844198E+01  4.844254E+01
 3.072500E+02  4.846140E+01  4.846196E+01
 3.075000E+02  4.848081E+01  4.848136E+01
 3.077500E+02  4.850021E+01  4.850077E+01
 3.080000E+02  4.851961E+01  4.852016E+01
 3.082500E+02  4.853899E+01  4.853955E+01
 3.085000E+02  4.855837E+01  4.855892E+01
 3.087500E+02  4.857774E+01  4.857829E+01
 3.090000E+02  4.859710E+01  4.859765E+01
 3.092500E+02  4.861645E+01  4.861701E+01
 3.095000E+02  4.863580E+01  4.863635E+01
 3.097500E+02  4.865514E+01  4.865569E+01
 3.100000E+02  4.867446E+01  4.867502E+01
 3.102500E+02  4.869379E+01  4.869434E+01
 3.105000E+02  4.871310E+01  4.871366E+01
 3.107500E+02  4.873240E+01  4.873296E+01
 3.110000E+02  4.875170E+01  4.875226E+01
 3.112500E+02  4.877099E+01  4.877155E+01
 3.115000E+02  4.879027E+01  4.879083E+01
 3.117500E+02  4.880954E+01  4.881010E+01
 3.120000E+02  4.882881E+01  4.882936E+01
 3.122500E+02  4.884806E+01  4.884862E+01
 3.125000E+02  4.886731E+01  4.886787E+01
 3.127500E+02  4.888655E+01  4.888711E+01
 3.130000E+02  4.890578E+01  4.890634E+01
 3.132500E+02  4.892500E+01  4.892556E+01
 3.135000E+02  4.894421E+01  4.894477E+01
 3.137500E+02  4.896342E+01  4.896398E+01
 3.140000E+02  4.898261E+01  4.898318E+01
 3.142500E+02  4.900180E+01  4.900236E+01
 3.145000E+02  4.902098E+01  4.902154E+01
 3.147500E+02  4.904015E+01  4.904072E+01
 3.150000E+02  4.905932E+01  4.905988E+01
 3.152500E+02  4.907847E+01  4.907903E+01
 3.155000E+02  4.909762E+01  4.909818E+01
 3.157500E+02  4.911675E+01  4.911732E+01
 3.160000E+02  4.913588E+01  4.913645E+01
 3.162500E+02  4.915500E+01  4.915557E+01
 3.165000E+02  4.917411E+01  4.917468E+01
 3.167500E+02  4.919321E+01  4.919378E+01
 3.170000E+02  4.921231E+01  4.921287E+01
 3.172500E+02  4.923139E+01  4.923196E+01
 3.175000E+02  4.925047E+01  4.925103E+01
 3.177500E+02  4.926954E+01  4.927010E+01
 3.180000E+02  4.928859E+01  4.928916E+01
 3.182500E+02  4.930764E+01  4.930821E+01
 3.185000E+02  4.932668E+01  4.932725E+01
 3.187500E+02  4.934572E+01  4.934628E+01
 3.190000E+02  4.936474E+01  4.936531E+01
 3.192500E+02  4.938375E+01  4.938432E+01
 3.195000E+02  4.940276E+01  4.940332E+01
 3.197500E+02  4.942175E+01  4.942232E+01
 3.200000E+02  4.944074E+01  4.944131E+01
 3.202500E+02  4.945971E+01  4.946028E+01
 3.205000E+02  4.947868E+01  4.947925E+01
 3.207500E+02  4.949764E+01  4.949821E+01
 3.210000E+02  4.951659E+01  4.951716E+01
 3.212500E+02  4.953553E+01  4.953610E+01
 3.215000E+02  4.955446E+01  4.955503E+01
 3.217500E+02  4.957339E+01  4.957396E+01
 3.220000E+02  4.959230E+01  4.959287E+01
 3.222500E+02  4.961120E+01  4.961177E+01
 3.225000E+02  4.963010E+01  4.963067E+01
 3.227500E+02  4.964898E+01  4.964955E+01
 3.230000E+02  4.966785E+01  4.966843E+01
 3.232500E+02  4.968672E+01  4.968729E+01
 3.235000E+02  4.970558E+01  4.970615E+01
 3.237500E+02  4.972442E+01  4.972500E+01
 3.240000E+02  4.974326E+01  4.974384E+01
 3.242500E+02  4.976209E+01  4.976266E+01
 3.245000E+02  4.978091E+01  4.978148E+01
 3.247500E+02  4.979971E+01  4.980029E+01
 3.250000E+02  4.981851E+01  4.981909E+01
 3.252500E+02  4.983730E+01  4.983788E+01
 3.255000E+02  4.985608E+01  4.985666E+01
 3.257500E+02  4.987485E+01  4.987543E+01
 3.260000E+02  4.989361E+01  4.989419E+01
 3.262500E+02  4.991236E+01  4.991294E+01
 3.265000E+02  4.993110E+01  4.993168E+01
 3.267500E+02  4.994983E+01  4.995041E+01
 3.270000E+02  4.996855E+01  4.996913E+01
 3.272500E+02  4.998726E+01  4.998784E+01
 3.275000E+02  5.000596E+01  5.000654E+01
 3.277500E+02  5.002465E+01  5.002524E+01
 3.280000E+02  5.004333E+01  5.004392E+01
 3.282500E+02  5.006200E+01  5.006259E+01
 3.285000E+02  5.008066E+01  5.008125E+01
 3.287500E+02  5.009931E+01  5.009990E+01
 3.290000E+02  5.011795E+01  5.011854E+01
 3.292500E+02  5.013658E+01  5.013717E+01
 3.295000E+02  5.015520E+01  5.015579E+01
 3.297500E+02  5.017381E+01  5.017440E+01
 3.300000E+02  5.019241E+01  5.019300E+01
 3.302500E+02  5.021100E+01  5.021159E+01
 3.305000E+02  5.022958E+01  5.023017E+01
 3.307500E+02  5.024815E+01  5.024873E+01
 3.310000E+02  5.026670E+01  5.026729E+01
 3.312500E+02  5.028525E+01  5.028584E+01
 3.315000E+02  5.030379E+01  5.030438E+01
 3.317500E+02  5.032231E+01  5.032290E+01
 3.320000E+02  5.034083E+01  5.034142E+01
 3.322500E+02  5.035933E+01  5.035992E+01
 3.325000E+02  5.037783E+01  5.037842E+01
 3.327500E+02  5.039631E+01  5.039690E+01
 3.330000E+02  5.041478E+01  5.041538E+01
 3.332500E+02  5.043324E+01  5.043384E+01
 3.335000E+02  5.045170E+01  5.045229E+01
 3.337500E+02  5.047014E+01  5.047073E+01
 3.340000E+02  5.048857E+01  5.048916E+01
 3.342500E+02  5.050698E+01  5.050758E+01
 3.345000E+02  5.052539E+01  5.052599E+01
 3.347500E+02  5.054379E+01  5.054439E+01
 3.350000E+02  5.056217E+01  5.056277E+01
 3.352500E+02  5.058055E+01  5.058115E+01
 3.355000E+02  5.059891E+01  5.059951E+01
 3.357500E+02  5.061726E+01  5.061787E+01
 3.360000E+02  5.063561E+01  5.063621E+01
 3.362500E+02  5.065394E+01  5.065454E+01
 3.365000E+02  5.067226E+01  5.067286E+01
 3.367500E+02  5.069056E+01  5.069117E+01
 3.370000E+02  5.070886E+01  5.070946E+01
 3.372500E+02  5.072715E+01  5.072775E+01
 3.375000E+02  5.074542E+01  5.074602E+01
 3.377500E+02  5.076368E+01  5.076429E+01
 3.380000E+02  5.078193E+01  5.078254E+01
 3.382500E+02  5.080017E+01  5.080078E+01
 3.385000E+02  5.081840E+01  5.081901E+01
 3.387500E+02  5.083662E+01  5.083723E+01
 3.390000E+02  5.085482E+01  5.085543E+01
 3.392500E+02  5.087302E+01  5.087363E+01
 3.395000E+02  5.089120E+01  5.089181E+01
 3.397500E+02  5.090937E+01  5.090998E+01
 3.400000E+02  5.092753E+01  5.092814E+01
 3.402500E+02  5.094567E+01  5.094629E+01
 3.405000E+02  5.096381E+01  5.096442E+01
 3.407500E+02  5.098193E+01  5.098255E+01
 3.410000E+02  5.100004E+01  5.100066E+01
 3.412500E+02  5.101814E+01  5.101876E+01
 3.415000E+02  5.103623E+01  5.103685E+01
 3.417500E+02  5.105430E+01  5.105492E+01
 3.420000E+02  5.107237E+01  5.107299E+01
 3.422500E+02  5.109042E+01  5.109104E+01
 3.425000E+02  5.110846E+01  5.110908E+01
 3.427500E+02  5.112649E+01  5.112711E+01
 3.430000E+02  5.114450E+01  5.114512E+01
 3.432500E+02  5.116250E+01  5.116312E+01
 3.435000E+02  5.118049E+01  5.118112E+01
 3.437500E+02  5.119847E+01  5.119909E+01
 3.440000E+02  5.121644E+01  5.121706E+01
 3.442500E+02  5.123439E+01  5.123502E+01
 3.445000E+02  5.125233E+01  5.125296E+01
 3.447500E+02  5.127026E+01  5.127089E+01
 3.450000E+02  5.128818E+01  5.128880E+01
 3.452500E+02  5.130608E+01  5.130671E+01
 3.455000E+02  5.132397E+01  5.132460E+01
 3.457500E+02  5.134185E+01  5.134248E+01
 3.460000E+02  5.135972E+01  5.136035E+01
 3.462500E+02  5.137757E+01  5.137820E+01
 3.465000E+02  5.139541E+01  5.139604E+01
 3.467500E+02  5.141324E+01  5.141387E+01
 3.470000E+02  5.143105E+01  5.143168E+01
 3.472500E+02  5.144885E+01  5.144949E+01
 3.475000E+02  5.146664E+01  5.146728E+01
 3.477500E+02  5.148442E+01  5.148505E+01
 3.480000E+02  5.150218E+01  5.150282E+01
 3.482500E+02  5.151993E+01  5.152057E+01
 3.485000E+02  5.153767E+01  5.153831E+01
 3.487500E+02  5.155539E+01  5.155603E+01
 3.490000E+02  5.157310E+01  5.157374E+01
 3.492500E+02  5.159080E+01  5.159144E+01
 3.495000E+02  5.160848E+01  5.160913E+01
 3.497500E+02  5.162616E+01  5.162680E+01
 3.500000E+02  5.164381E+01  5.164446E+01
 3.502500E+02  5.166146E+01  5.166210E+01
 3.505000E+02  5.167909E+01  5.167974E+01
 3.507500E+02  5.169671E+01  5.169735E+01
 3.510000E+02  5.171431E+01  5.171496E+01
 3.512500E+02  5.173190E+01  5.173255E+01
 3.515000E+02  5.174948E+01  5.175013E+01
 3.517500E+02  5.176704E+01  5.176769E+01
 3.520000E+02  5.178459E+01  5.178524E+01
 3.522500E+02  5.180213E+01  5.180278E+01
 3.525000E+02  5.181965E+01  5.182030E+01
 3.527500E+02  5.183716E+01  5.183781E+01
 3.530000E+02  5.185465E+01  5.185531E+01
 3.532500E+02  5.187214E+01  5.187279E+01
 3.535000E+02  5.188960E+01  5.189026E+01
 3.537500E+02  5.190706E+01  5.190771E+01
 3.540000E+02  5.192449E+01  5.192515E+01
 3.542500E+02  5.194192E+01  5.194258E+01
 3.545000E+02  5.195933E+01  5.195999E+01
 3.547500E+02  5.197673E+01  5.197739E+01
 3.550000E+02  5.199411E+01  5.199477E+01
 3.552500E+02  5.201148E+01  5.201214E+01
 3.555000E+02  5.202883E+01  5.202950E+01
 3.557500E+02  5.204617E+01  5.204684E+01
 3.560000E+02  5.206350E+01  5.206417E+01
 3.562500E+02  5.208081E+01  5.208148E+01
 3.565000E+02  5.209811E+01  5.209878E+01
 3.567500E+02  5.211539E+01  5.211606E+01
 3.570000E+02  5.213266E+01  5.213333E+01
 3.572500E+02  5.214991E+01  5.215058E+01
 3.575000E+02  5.216715E+01  5.216782E+01
 3.577500E+02  5.218437E+01  5.218505E+01
 3.580000E+02  5.220158E+01  5.220226E+01
 3.582500E+02  5.221878E+01  5.221946E+01
 3.585000E+02  5.223596E+01  5.223664E+01
 3.587500E+02  5.225312E+01  5.225380E+01
 3.590000E+02  5.227027E+01  5.227095E+01
 3.592500E+02  5.228741E+01  5.228809E+01
 3.595000E+02  5.230453E+01  5.230521E+01
 3.597500E+02  5.232163E+01  5.232232E+01
 3.600000E+02  5.233872E+01  5.233940E+01
 3.602500E+02  5.235579E+01  5.235648E+01
 3.605000E+02  5.237285E+01  5.237354E+01
 3.607500E+02  5.238990E+01  5.239059E+01
 3.610000E+02  5.240693E+01  5.240762E+01
 3.612500E+02  5.242394E+01  5.242463E+01
 3.615000E+02  5.244094E+01  5.244163E+01
 3.617500E+02  5.245792E+01  5.245862E+01
 3.620000E+02  5.247489E+01  5.247559E+01
 3.622500E+02  5.249184E+01  5.249254E+01
 3.625000E+02  5.250878E+01  5.250948E+01
 3.627500E+02  5.252570E+01  5.252640E+01
 3.630000E+02  5.254261E+01  5.254331E+01
 3.632500E+02  5.255950E+01  5.256020E+01
 3.635000E+02  5.257637E+01  5.257707E+01
 3.637500E+02  5.259323E+01  5.259393E+01
 3.640000E+02  5.261007E+01  5.261078E+01
 3.642500E+02  5.262690E+01  5.262761E+01
 3.645000E+02  5.264371E+01  5.264442E+01
 3.647500E+02  5.266051E+01  5.266122E+01
 3.650000E+02  5.267729E+01  5.267800E+01
 3.652500E+02  5.269405E+01  5.269476E+01
 3.655000E+02  5.271079E+01  5.271151E+01
 3.657500E+02  5.272753E+01  5.272824E+01
 3.660000E+02  5.274424E+01  5.274496E+01
 3.662500E+02  5.276094E+01  5.276165E+01
 3.665000E+02  5.277762E+01  5.277834E+01
 3.667500E+02  5.279429E+01  5.279501E+01
 3.670000E+02  5.281093E+01  5.281166E+01
 3.672500E+02  5.282757E+01  5.282829E+01
 3.675000E+02  5.284418E+01  5.284491E+01
 3.677500E+02  5.286078E+01  5.286151E+01
 3.680000E+02  5.287737E+01  5.287809E+01
 3.682500E+02  5.289393E+01  5.289466E+01
 3.685000E+02  5.291048E+01  5.291121E+01
 3.687500E+02  5.292701E+01  5.292775E+01
 3.690000E+02  5.294353E+01  5.294426E+01
 3.692500E+02  5.296003E+01  5.296076E+01
 3.695000E+02  5.297651E+01  5.297725E+01
 3.697500E+02  5.299298E+01  5.299371E+01
 3.700000E+02  5.300943E+01  5.301016E+01
 3.702500E+02  5.302586E+01  5.302660E+01
 3.705000E+02  5.304227E+01  5.304301E+01
 3.707500E+02  5.305867E+01  5.305941E+01
 3.710000E+02  5.307505E+01  5.307579E+01
 3.712500E+02  5.309141E+01  5.309216E+01
 3.715000E+02  5.310776E+01  5.310850E+01
 3.717500E+02  5.312408E+01  5.312483E+01
 3.720000E+02  5.314039E+01  5.314114E+01
 3.722500E+02  5.315669E+01  5.315744E+01
 3.725000E+02  5.317296E+01  5.317372E+01
 3.727500E+02  5.318922E+01  5.318998E+01
 3.730000E+02  5.320546E+01  5.320622E+01
 3.732500E+02  5.322168E+01  5.322244E+01
 3.735000E+02  5.323789E+01  5.323865E+01
 3.737500E+02  5.325408E+01  5.325484E+01
 3.740000E+02  5.327025E+01  5.327101E+01
 3.742500E+02  5.328640E+01  5.328716E+01
 3.745000E+02  5.330253E+01  5.330330E+01
 3.747500E+02  5.331865E+01  5.331941E+01
 3.750000E+02  5.333474E+01  5.333551E+01
 3.752500E+02  5.335082E+01  5.335159E+01
 3.755000E+02  5.336688E+01  5.336766E+01
 3.757500E+02  5.338293E+01  5.338370E+01
 3.760000E+02  5.339895E+01  5.339973E+01
 3.762500E+02  5.341496E+01  5.341573E+01
 3.765000E+02  5.343095E+01  5.343172E+01
 3.767500E+02  5.344692E+01  5.344770E+01
 3.770000E+02  5.346287E+01  5.346365E+01
 3.772500E+02  5.347880E+01  5.347958E+01
 3.775000E+02  5.349471E+01  5.349550E+01
 3.777500E+02  5.351061E+01  5.351140E+01
 3.780000E+02  5.352649E+01  5.352727E+01
 3.782500E+02  5.354234E+01  5.354313E+01
 3.785000E+02  5.355818E+01  5.355897E+01
 3.787500E+02  5.357400E+01  5.357480E+01
 3.790000E+02  5.358980E+01  5.359060E+01
 3.792500E+02  5.360559E+01  5.360638E+01
 3.795000E+02  5.362135E+01  5.362215E+01
 3.797500E+02  5.363709E+01  5.363789E+01
 3.800000E+02  5.365282E+01  5.365362E+01
 3.802500E+02  5.366852E+01  5.366933E+01
 3.805000E+02  5.368421E+01  5.368502E+01
 3.807500E+02  5.369988E+01  5.370069E+01
 3.810000E+02  5.371553E+01  5.371634E+01
 3.812500E+02  5.373115E+01  5.373197E+01
 3.815000E+02  5.374676E+01  5.374758E+01
 3.817500E+02  5.376235E+01  5.376317E+01
 3.820000E+02  5.377792E+01  5.377874E+01
 3.822500E+02  5.379347E+01  5.379429E+01
 3.825000E+02  5.380900E+01  5.380983E+01
 3.827500E+02  5.382452E+01  5.382534E+01
 3.830000E+02  5.384001E+01  5.384083E+01
 3.832500E+02  5.385548E+01  5.385630E+01
 3.835000E+02  5.387093E+01  5.387176E+01
 3.837500E+02  5.388636E+01  5.388719E+01
 3.840000E+02  5.390177E+01  5.390260E+01
 3.842500E+02  5.391716E+01  5.391800E+01
 3.845000E+02  5.393253E+01  5.393337E+01
 3.847500E+02  5.394788E+01  5.394872E+01
 3.850000E+02  5.396321E+01  5.396406E+01
 3.852500E+02  5.397852E+01  5.397937E+01
 3.855000E+02  5.399381E+01  5.399466E+01
 3.857500E+02  5.400908E+01  5.400993E+01
 3.860000E+02  5.402433E+01  5.402518E+01
 3.862500E+02  5.403956E+01  5.404041E+01
 3.865000E+02  5.405477E+01  5.405562E+01
 3.867500E+02  5.406995E+01  5.407081E+01
 3.870000E+02  5.408512E+01  5.408598E+01
 3.872500E+02  5.410026E+01  5.410112E+01
 3.875000E+02  5.411539E+01  5.411625E+01
 3.877500E+02  5.413049E+01  5.413136E+01
 3.880000E+02  5.414557E+01  5.414644E+01
 3.882500E+02  5.416064E+01  5.416150E+01
 3.885000E+02  5.417568E+01  5.417655E+01
 3.887500E+02  5.419069E+01  5.419157E+01
 3.890000E+02  5.420569E+01  5.420657E+01
 3.892500E+02  5.422067E+01  5.422155E+01
 3.895000E+02  5.423562E+01  5.423650E+01
 3.897500E+02  5.425056E+01  5.425144E+01
 3.900000E+02  5.426547E+01  5.426635E+01
 3.902500E+02  5.428036E+01  5.428125E+01
 3.905000E+02  5.429523E+01  5.429612E+01
 3.907500E+02  5.431008E+01  5.431097E+01
 3.910000E+02  5.432490E+01  5.432579E+01
 3.912500E+02  5.433971E+01  5.434060E+01
 3.915000E+02  5.435449E+01  5.435539E+01
 3.917500E+02  5.436925E+01  5.437015E+01
 3.920000E+02  5.438399E+01  5.438489E+01
 3.922500E+02  5.439870E+01  5.439961E+01
 3.925000E+02  5.441340E+01  5.441430E+01
 3.927500E+02  5.442807E+01  5.442898E+01
 3.930000E+02  5.444272E+01  5.444363E+01
 3.932500E+02  5.445734E+01  5.445826E+01
 3.935000E+02  5.447195E+01  5.447287E+01
 3.937500E+02  5.448653E+01  5.448745E+01
 3.940000E+02  5.450109E+01  5.450201E+01
 3.942500E+02  5.451563E+01  5.451655E+01
 3.945000E+02  5.453014E+01  5.453107E+01
 3.947500E+02  5.454464E+01  5.454556E+01
 3.950000E+02  5.455911E+01  5.456004E+01
 3.952500E+02  5.457355E+01  5.457448E+01
 3.955000E+02  5.458798E+01  5.458891E+01
 3.957500E+02  5.460238E+01  5.460331E+01
 3.960000E+02  5.461676E+01  5.461769E+01
 3.962500E+02  5.463111E+01  5.463205E+01
 3.965000E+02  5.464544E+01  5.464639E+01
 3.967500E+02  5.465975E+01  5.466070E+01
 3.970000E+02  5.467404E+01  5.467498E+01
 3.972500E+02  5.468830E+01  5.468925E+01
 3.975000E+02  5.470254E+01  5.470349E+01
 3.977500E+02  5.471675E+01  5.471771E+01
 3.980000E+02  5.473094E+01  5.473190E+01
 3.982500E+02  5.474511E+01  5.474607E+01
 3.985000E+02  5.475925E+01  5.476022E+01
 3.987500E+02  5.477338E+01  5.477434E+01
 3.990000E+02  5.478747E+01  5.478844E+01
 3.992500E+02  5.480155E+01  5.480252E+01
 3.995000E+02  5.481559E+01  5.481657E+01
 3.997500E+02  5.482962E+01  5.483060E+01
 4.000000E+02  5.484362E+01  5.484460E+01
 4.002500E+02  5.485760E+01  5.485858E+01
 4.005000E+02  5.487155E+01  5.487254E+01
 4.007500E+02  5.488548E+01  5.488647E+01
 4.010000E+02  5.489938E+01  5.490038E+01
 4.012500E+02  5.491326E+01  5.491426E+01
 4.015000E+02  5.492712E+01  5.492812E+01
 4.017500E+02  5.494095E+01  5.494195E+01
 4.020000E+02  5.495476E+01  5.495576E+01
 4.022500E+02  5.496854E+01  5.496954E+01
 4.025000E+02  5.498230E+01  5.498330E+01
 4.027500E+02  5.499603E+01  5.499704E+01
 4.030000E+02  5.500974E+01  5.501075E+01
 4.032500E+02  5.502342E+01  5.502443E+01
 4.035000E+02  5.503708E+01  5.503809E+01
 4.037500E+02  5.505071E+01  5.505173E+01
 4.040000E+02  5.506432E+01  5.506534E+01
 4.042500E+02  5.507790E+01  5.507893E+01
 4.045000E+02  5.509145E+01  5.509249E+01
 4.047500E+02  5.510499E+01  5.510602E+01
 4.050000E+02  5.511849E+01  5.511953E+01
 4.052500E+02  5.513197E+01  5.513301E+01
 4.055000E+02  5.514543E+01  5.514647E+01
 4.057500E+02  5.515886E+01  5.515990E+01
 4.060000E+02  5.517226E+01  5.517331E+01
 4.062500E+02  5.518564E+01  5.518669E+01
 4.065000E+02  5.519899E+01  5.520005E+01
 4.067500E+02  5.521232E+01  5.521338E+01
 4.070000E+02  5.522562E+01  5.522668E+01
 4.072500E+02  5.523890E+01  5.523996E+01
 4.075000E+02  5.525214E+01  5.525321E+01
 4.077500E+02  5.526537E+01  5.526644E+01
 4.080000E+02  5.527856E+01  5.527964E+01
 4.082500E+02  5.529173E+01  5.529281E+01
 4.085000E+02  5.530488E+01  5.530596E+01
 4.087500E+02  5.531799E+01  5.531908E+01
 4.090000E+02  5.533108E+01  5.533217E+01
 4.092500E+02  5.534415E+01  5.534524E+01
 4.095000E+02  5.535719E+01  5.535828E+01
 4.097500E+02  5.537020E+01  5.537129E+01
 4.100000E+02  5.538318E+01  5.538428E+01
 4.102500E+02  5.539614E+01  5.539724E+01
 4.105000E+02  5.540907E+01  5.541017E+01
 4.107500E+02  5.542197E+01  5.542308E+01
 4.110000E+02  5.543485E+01  5.543596E+01
 4.112500E+02  5.544770E+01  5.544881E+01
 4.115000E+02  5.546052E+01  5.546164E+01
 4.117500E+02  5.547332E+01  5.547444E+01
 4.120000E+02  5.548608E+01  5.548721E+01
 4.122500E+02  5.549882E+01  5.549995E+01
 4.125000E+02  5.551154E+01  5.551267E+01
 4.127500E+02  5.552422E+01  5.552535E+01
 4.130000E+02  5.553688E+01  5.553802E+01
 4.132500E+02  5.554951E+01  5.555065E+01
 4.135000E+02  5.556211E+01  5.556325E+01
 4.137500E+02  5.557468E+01  5.557583E+01
 4.140000E+02  5.558723E+01  5.558838E+01
 4.142500E+02  5.559975E+01  5.560090E+01
 4.145000E+02  5.561224E+01  5.561340E+01
 4.147500E+02  5.562470E+01  5.562586E+01
 4.150000E+02  5.563713E+01  5.563830E+01
 4.152500E+02  5.564954E+01  5.565071E+01
 4.155000E+02  5.566192E+01  5.566309E+01
 4.157500E+02  5.567427E+01  6.922775E+03
 4.160000E+02  4.607424E+01  6.917366E+03
 4.162500E+02  4.608685E+01  5.446940E+01
 4.165000E+02  4.609946E+01  5.448190E+01
 4.167500E+02  4.611207E+01  5.449439E+01
 4.170000E+02  4.612467E+01  5.450688E+01
 4.172500E+02  4.613727E+01  5.451937E+01
 4.175000E+02  4.614987E+01  5.453185E+01
 4.177500E+02  4.616246E+01  5.454433E+01
 4.180000E+02  4.617505E+01  5.455681E+01
 4.182500E+02  4.618763E+01  5.456928E+01
 4.185000E+02  4.620021E+01  5.458175E+01
 4.187500E+02  4.621279E+01  5.459422E+01
 4.190000E+02  4.622537E+01  5.460668E+01
 4.192500E+02  4.623794E+01  5.461914E+01
 4.195000E+02  4.625050E+01  5.463160E+01
 4.197500E+02  4.626307E+01  5.464405E+01
 4.200000E+02  4.627562E+01  5.465650E+01
 4.202500E+02  4.628818E+01  5.466895E+01
 4.205000E+02  4.630073E+01  5.468139E+01
 4.207500E+02  4.631328E+01  5.469383E+01
 4.210000E+02  4.632583E+01  5.470627E+01
 4.212500E+02  4.633837E+01  5.471871E+01
 4.215000E+02  4.635090E+01  5.473114E+01
 4.217500E+02  4.636344E+01  5.474356E+01
 4.220000E+02  4.637597E+01  5.475599E+01
 4.222500E+02  4.638849E+01  5.476841E+01
 4.225000E+02  4.640102E+01  5.478082E+01
 4.227500E+02  4.641354E+01  5.479324E+01
 4.230000E+02  4.642605E+01  5.480565E+01
 4.232500E+02  4.643856E+01  5.481806E+01
 4.235000E+02  4.645107E+01  5.483046E+01
 4.237500E+02  4.646358E+01  5.484286E+01
 4.240000E+02  4.647608E+01  5.485526E+01
 4.242500E+02  4.648857E+01  5.486765E+01
 4.245000E+02  4.650107E+01  5.488004E+01
 4.247500E+02  4.651356E+01  5.489243E+01
 4.250000E+02  4.652604E+01  5.490481E+01
 4.252500E+02  4.653852E+01  5.491719E+01
 4.255000E+02  4.655100E+01  5.492957E+01
 4.257500E+02  4.656348E+01  5.494194E+01
 4.260000E+02  4.657595E+01  5.495431E+01
 4.262500E+02  4.658841E+01  5.496667E+01
 4.265000E+02  4.660088E+01  5.497904E+01
 4.267500E+02  4.661334E+01  5.499140E+01
 4.270000E+02  4.662579E+01  5.500375E+01
 4.272500E+02  4.663825E+01  5.501611E+01
 4.275000E+02  4.665069E+01  5.502845E+01
 4.277500E+02  4.666314E+01  5.504080E+01
 4.280000E+02  4.667558E+01  5.505314E+01
 4.282500E+02  4.668802E+01  5.506548E+01
 4.285000E+02  4.670045E+01  5.507782E+01
 4.287500E+02  4.671288E+01  5.509015E+01
 4.290000E+02  4.672531E+01  5.510247E+01
 4.292500E+02  4.673773E+01  5.511480E+01
 4.295000E+02  4.675015E+01  5.512712E+01
 4.297500E+02  4.676256E+01  5.513944E+01
 4.300000E+02  4.677497E+01  5.515175E+01
 4.302500E+02  4.678738E+01  5.516406E+01
 4.305000E+02  4.679978E+01  5.517637E+01
 4.307500E+02  4.681218E+01  5.518867E+01
 4.310000E+02  4.682458E+01  5.520097E+01
 4.312500E+02  4.683697E+01  5.521327E+01
 4.315000E+02  4.684936E+01  5.522556E+01
 4.317500E+02  4.686174E+01  5.523785E+01
 4.320000E+02  4.687412E+01  5.525014E+01
 4.322500E+02  4.688650E+01  5.526242E+01
 4.325000E+02  4.689887E+01  5.527470E+01
 4.327500E+02  4.691124E+01  5.528698E+01
 4.330000E+02  4.692361E+01  5.529925E+01
 4.332500E+02  4.693597E+01  5.531152E+01
 4.335000E+02  4.694833E+01  5.532378E+01
 4.337500E+02  4.696068E+01  5.533604E+01
 4.340000E+02  4.697303E+01  5.534830E+01
 4.342500E+02  4.698538E+01  5.536055E+01
 4.345000E+02  4.699772E+01  5.537280E+01
 4.347500E+02  4.701006E+01  5.538505E+01
 4.350000E+02  4.702239E+01  5.539729E+01
 4.352500E+02  4.703472E+01  5.540953E+01
 4.355000E+02  4.704705E+01  5.542177E+01
 4.357500E+02  4.705937E+01  5.543400E+01
 4.360000E+02  4.707169E+01  5.544623E+01
 4.362500E+02  4.708401E+01  5.545846E+01
 4.365000E+02  4.709632E+01  5.547068E+01
 4.367500E+02  4.710863E+01  5.548290E+01
 4.370000E+02  4.712093E+01  5.549511E+01
 4.372500E+02  4.713323E+01  5.550732E+01
 4.375000E+02  4.714553E+01  5.551953E+01
 4.377500E+02  4.715782E+01  5.553173E+01
 4.380000E+02  4.717011E+01  5.554393E+01
 4.382500E+02  4.718239E+01  5.555613E+01
 4.385000E+02  4.719467E+01  5.556832E+01
 4.387500E+02  4.720695E+01  5.558051E+01
 4.390000E+02  4.721922E+01  5.559269E+01
 4.392500E+02  4.723149E+01  5.560488E+01
 4.395000E+02  4.724376E+01  5.561705E+01
 4.397500E+02  4.725602E+01  5.562923E+01
 4.400000E+02  4.726828E+01  5.564140E+01
 4.402500E+02  4.728053E+01  5.565357E+01
 4.405000E+02  4.729278E+01  5.566573E+01
 4.407500E+02  4.730502E+01  5.567789E+01
 4.410000E+02  4.731727E+01  5.569005E+01
 4.412500E+02  4.732950E+01  5.570220E+01
 4.415000E+02  4.734174E+01  5.571435E+01
 4.417500E+02  4.735397E+01  5.572649E+01
 4.420000E+02  4.736620E+01  5.573864E+01
 4.422500E+02  4.737842E+01  5.575077E+01
 4.425000E+02  4.739064E+01  5.576291E+01
 4.427500E+02  4.740285E+01  5.577504E+01
 4.430000E+02  4.741506E+01  5.578716E+01
 4.432500E+02  4.742727E+01  5.579929E+01
 4.435000E+02  4.743947E+01  5.581141E+01
 4.437500E+02  4.745167E+01  5.582352E+01
 4.440000E+02  4.746387E+01  5.583564E+01
 4.442500E+02  4.747606E+01  5.584774E+01
 4.445000E+02  4.748824E+01  5.585985E+01
 4.447500E+02  4.750043E+01  5.587195E+01
 4.450000E+02  4.751261E+01  5.588405E+01
 4.452500E+02  4.752478E+01  5.589614E+01
 4.455000E+02  4.753695E+01  5.590823E+01
 4.457500E+02  4.754912E+01  5.592032E+01
 4.460000E+02  4.756129E+01  5.593240E+01
 4.462500E+02  4.757345E+01  5.594448E+01
 4.465000E+02  4.758560E+01  5.595655E+01
 4.467500E+02  4.759775E+01  5.596862E+01
 4.470000E+02  4.760990E+01  5.598069E+01
 4.472500E+02  4.762204E+01  5.599275E+01
 4.475000E+02  4.763418E+01  5.600481E+01
 4.477500E+02  4.764632E+01  5.601687E+01
 4.480000E+02  4.765845E+01  5.602892E+01
 4.482500E+02  4.767058E+01  5.604097E+01
 4.485000E+02  4.768271E+01  5.605302E+01
 4.487500E+02  4.769483E+01  5.606506E+01
 4.490000E+02  4.770694E+01  5.607710E+01
 4.492500E+02  4.771905E+01  5.608913E+01
 4.495000E+02  4.773116E+01  5.610116E+01
 4.497500E+02  4.774327E+01  5.611318E+01
 4.500000E+02  4.775537E+01  5.612521E+01
 4.502500E+02  4.776746E+01  5.613723E+01
 4.505000E+02  4.777956E+01  5.614924E+01
 4.507500E+02  4.779165E+01  5.616125E+01
 4.510000E+02  4.780373E+01  5.617326E+01
 4.512500E+02  4.781581E+01  5.618526E+01
 4.515000E+02  4.782789E+01  5.619726E+01
 4.517500E+02  4.783996E+01  5.620926E+01
 4.520000E+02  4.785203E+01  5.622125E+01
 4.522500E+02  4.786409E+01  5.623324E+01
 4.525000E+02  4.787616E+01  5.624522E+01
 4.527500E+02  4.788821E+01  5.625721E+01
 4.530000E+02  4.790027E+01  5.626918E+01
 4.532500E+02  4.791231E+01  5.628116E+01
 4.535000E+02  4.792436E+01  5.629313E+01
 4.537500E+02  4.793640E+01  5.630509E+01
 4.540000E+02  4.794844E+01  5.631705E+01
 4.542500E+02  4.796047E+01  5.632901E+01
 4.545000E+02  4.797250E+01  5.634097E+01
 4.547500E+02  4.798452E+01  5.635292E+01
 4.550000E+02  4.799655E+01  5.636486E+01
 4.552500E+02  4.800856E+01  5.637681E+01
 4.555000E+02  4.802058E+01  5.638874E+01
 4.557500E+02  4.803258E+01  5.640068E+01
 4.560000E+02  4.804459E+01  5.641261E+01
 4.562500E+02  4.805659E+01  5.642454E+01
 4.565000E+02  4.806859E+01  5.643646E+01
 4.567500E+02  4.808058E+01  5.644838E+01
 4.570000E+02  4.809257E+01  5.646030E+01
 4.572500E+02  4.810456E+01  5.647221E+01
 4.575000E+02  4.811654E+01  5.648412E+01
 4.577500E+02  4.812851E+01  5.649603E+01
 4.580000E+02  4.814049E+01  5.650793E+01
 4.582500E+02  4.815246E+01  5.651982E+01
 4.585000E+02  4.816442E+01  5.653172E+01
 4.587500E+02  4.817638E+01  5.654361E+01
 4.590000E+02  4.818834E+01  5.655549E+01
 4.592500E+02  4.820029E+01  5.656737E+01
 4.595000E+02  4.821224E+01  5.657925E+01
 4.597500E+02  4.822419E+01  5.659113E+01
 4.600000E+02  4.823613E+01  5.660300E+01
 4.602500E+02  4.824806E+01  5.661486E+01
 4.605000E+02  4.826000E+01  5.662672E+01
 4.607500E+02  4.827193E+01  5.663858E+01
 4.610000E+02  4.828385E+01  5.665044E+01
 4.612500E+02  4.829577E+01  5.666229E+01
 4.615000E+02  4.830769E+01  5.667414E+01
 4.617500E+02  4.831960E+01  5.668598E+01
 4.620000E+02  4.833151E+01  5.669782E+01
 4.622500E+02  4.834342E+01  5.670966E+01
 4.625000E+02  4.835532E+01  5.672149E+01
 4.627500E+02  4.836722E+01  5.673331E+01
 4.630000E+02  4.837911E+01  5.674514E+01
 4.632500E+02  4.839100E+01  5.675696E+01
 4.635000E+02  4.840288E+01  5.676878E+01
 4.637500E+02  4.841476E+01  5.678059E+01
 4.640000E+02  4.842664E+01  5.679240E+01
 4.642500E+02  4.843851E+01  5.680420E+01
 4.645000E+02  4.845038E+01  5.681600E+01
 4.647500E+02  4.846225E+01  5.682780E+01
 4.650000E+02  4.847411E+01  5.683959E+01
 4.652500E+02  4.848596E+01  5.685138E+01
 4.655000E+02  4.849782E+01  5.686317E+01
 4.657500E+02  4.850967E+01  5.687495E+01
 4.660000E+02  4.852151E+01  5.688673E+01
 4.662500E+02  4.853335E+01  5.689850E+01
 4.665000E+02  4.854519E+01  5.691027E+01
 4.667500E+02  4.855702E+01  5.692204E+01
 4.670000E+02  4.856885E+01  5.693380E+01
 4.672500E+02  4.858067E+01  5.694556E+01
 4.675000E+02  4.859249E+01  5.695731E+01
 4.677500E+02  4.860431E+01  5.696906E+01
 4.680000E+02  4.861612E+01  5.698081E+01
 4.682500E+02  4.862793E+01  5.699255E+01
 4.685000E+02  4.863974E+01  5.700429E+01
 4.687500E+02  4.865154E+01  5.701603E+01
 4.690000E+02  4.866333E+01  5.702776E+01
 4.692500E+02  4.867512E+01  5.703948E+01
 4.695000E+02  4.868691E+01  5.705121E+01
 4.697500E+02  4.869870E+01  5.706293E+01
 4.700000E+02  4.871048E+01  5.707464E+01
 4.702500E+02  4.872225E+01  5.708635E+01
 4.705000E+02  4.873403E+01  5.709806E+01
 4.707500E+02  4.874579E+01  5.710977E+01
 4.710000E+02  4.875756E+01  5.712147E+01
 4.712500E+02  4.876932E+01  5.713316E+01
 4.715000E+02  4.878107E+01  5.714485E+01
 4.717500E+02  4.879283E+01  5.715654E+01
 4.720000E+02  4.880457E+01  5.716823E+01
 4.722500E+02  4.881632E+01  5.717991E+01
 4.725000E+02  4.882806E+01  5.719158E+01
 4.727500E+02  4.883979E+01  5.720326E+01
 4.730000E+02  4.885153E+01  5.721493E+01
 4.732500E+02  4.886325E+01  5.722659E+01
 4.735000E+02  4.887498E+01  5.723825E+01
 4.737500E+02  4.888670E+01  5.724991E+01
 4.740000E+02  4.889841E+01  5.726156E+01
 4.742500E+02  4.891012E+01  5.727321E+01
 4.745000E+02  4.892183E+01  5.728486E+01
 4.747500E+02  4.893353E+01  5.729650E+01
 4.750000E+02  4.894523E+01  5.730814E+01
 4.752500E+02  4.895693E+01  5.731977E+01
 4.755000E+02  4.896862E+01  5.733140E+01
 4.757500E+02  4.898031E+01  5.734303E+01
 4.760000E+02  4.899199E+01  5.735465E+01
 4.762500E+02  4.900367E+01  5.736627E+01
 4.765000E+02  4.901535E+01  5.737788E+01
 4.767500E+02  4.902702E+01  5.738949E+01
 4.770000E+02  4.903869E+01  5.740110E+01
 4.772500E+02  4.905035E+01  5.741270E+01
 4.775000E+02  4.906201E+01  5.742430E+01
 4.777500E+02  4.907366E+01  5.743590E+01
 4.780000E+02  4.908531E+01  5.744749E+01
 4.782500E+02  4.909696E+01  5.745907E+01
 4.785000E+02  4.910860E+01  5.747066E+01
 4.787500E+02  4.912024E+01  5.748224E+01
 4.790000E+02  4.913188E+01  5.749381E+01
 4.792500E+02  4.914351E+01  5.750538E+01
 4.795000E+02  4.915514E+01  5.751695E+01
 4.797500E+02  4.916676E+01  5.752851E+01
 4.800000E+02  4.917838E+01  5.754007E+01
 4.802500E+02  4.918999E+01  5.755163E+01
 4.805000E+02  4.920160E+01  5.756318E+01
 4.807500E+02  4.921321E+01  5.757473E+01
 4.810000E+02  4.922481E+01  5.758627E+01
 4.812500E+02  4.923641E+01  5.759781E+01
 4.815000E+02  4.924800E+01  5.760935E+01
 4.817500E+02  4.925960E+01  5.762088E+01
 4.820000E+02  4.927118E+01  5.763241E+01
 4.822500E+02  4.928276E+01  5.764393E+01
 4.825000E+02  4.929434E+01  5.765545E+01
 4.827500E+02  4.930592E+01  5.766697E+01
 4.830000E+02  4.931749E+01  5.767848E+01
 4.832500E+02  4.932905E+01  5.768999E+01
 4.835000E+02  4.934062E+01  5.770150E+01
 4.837500E+02  4.935217E+01  5.771300E+01
 4.840000E+02  4.936373E+01  5.772449E+01
 4.842500E+02  4.937528E+01  5.773599E+01
 4.845000E+02  4.938683E+01  5.774748E+01
 4.847500E+02  4.939837E+01  5.775896E+01
 4.850000E+02  4.940991E+01  5.777044E+01
 4.852500E+02  4.942144E+01  5.778192E+01
 4.855000E+02  4.943297E+01  5.779339E+01
 4.857500E+02  4.944450E+01  5.780486E+01
 4.860000E+02  4.945602E+01  5.781633E+01
 4.862500E+02  4.946754E+01  5.782779E+01
 4.865000E+02  4.947905E+01  5.783925E+01
 4.867500E+02  4.949056E+01  5.785070E+01
 4.870000E+02  4.950207E+01  5.786215E+01
 4.872500E+02  4.951357E+01  5.787360E+01
 4.875000E+02  4.952507E+01  5.788504E+01
 4.877500E+02  4.953656E+01  5.789648E+01
 4.880000E+02  4.954805E+01  5.790792E+01
 4.882500E+02  4.955953E+01  5.791935E+01
 4.885000E+02  4.957102E+01  5.793077E+01
 4.887500E+02  4.958249E+01  5.794220E+01
 4.890000E+02  4.959397E+01  5.795361E+01
 4.892500E+02  4.960544E+01  5.796503E+01
 4.895000E+02  4.961690E+01  5.797644E+01
 4.897500E+02  4.962836E+01  5.798785E+01
 4.900000E+02  4.963982E+01  5.799925E+01
 4.902500E+02  4.965128E+01  5.801065E+01
 4.905000E+02  4.966273E+01  5.802204E+01
 4.907500E+02  4.967417E+01  5.803344E+01
 4.910000E+02  4.968561E+01  5.804482E+01
 4.912500E+02  4.969705E+01  5.805621E+01
 4.915000E+02  4.970848E+01  5.806759E+01
 4.917500E+02  4.971991E+01  5.807896E+01
 4.920000E+02  4.973134E+01  5.809033E+01
 4.922500E+02  4.974276E+01  5.810170E+01
 4.925000E+02  4.975418E+01  5.811307E+01
 4.927500E+02  4.976559E+01  5.812443E+01
 4.930000E+02  4.977700E+01  5.813578E+01
 4.932500E+02  4.978841E+01  5.814714E+01
 4.935000E+02  4.979981E+01  5.815848E+01
 4.937500E+02  4.981120E+01  5.816983E+01
 4.940000E+02  4.982260E+01  5.818117E+01
 4.942500E+02  4.983399E+01  5.819251E+01
 4.945000E+02  4.984537E+01  5.820384E+01
 4.947500E+02  4.985675E+01  5.821517E+01
 4.950000E+02  4.986813E+01  5.822649E+01
 4.952500E+02  4.987951E+01  5.823781E+01
 4.955000E+02  4.989087E+01  5.824913E+01
 4.957500E+02  4.990224E+01  5.826045E+01
 4.960000E+02  4.991360E+01  5.827175E+01
 4.962500E+02  4.992496E+01  5.828306E+01
 4.965000E+02  4.993631E+01  5.829436E+01
 4.967500E+02  4.994766E+01  5.830566E+01
 4.970000E+02  4.995901E+01  5.831695E+01
 4.972500E+02  4.997035E+01  5.832824E+01
 4.975000E+02  4.998169E+01  5.833953E+01
 4.977500E+02  4.999302E+01  5.835081E+01
 4.980000E+02  5.000435E+01  5.836209E+01
 4.982500E+02  5.001567E+01  5.837336E+01
 4.985000E+02  5.002699E+01  5.838463E+01
 4.987500E+02  5.003831E+01  5.839590E+01
 4.990000E+02  5.004963E+01  5.840716E+01
 4.992500E+02  5.006093E+01  5.841842E+01
 4.995000E+02  5.007224E+01  5.842968E+01
 4.997500E+02  5.008354E+01  5.844093E+01
 5.000000E+02  5.009484E+01  5.845220E+01
