#         T/K        V/dm^3  V(excl)/dm^3    alpha/K^-1        status
 2.500000E+02  3.082182E-02  3.006712E-02  1.654386E-04                                 112
 2.502500E+02  3.082309E-02  3.006712E-02  1.655418E-04                                 112
 2.505000E+02  3.082437E-02  3.006712E-02  1.656865E-04                                 112
 2.507500E+02  3.082564E-02  3.006712E-02  1.657622E-04                                 112
 2.510000E+02  3.082692E-02  3.006712E-02  1.658372E-04                                 112
 2.512500E+02  3.082820E-02  3.006712E-02  1.659115E-04                                 112
 2.515000E+02  3.082948E-02  3.006712E-02  1.659850E-04                                 112
 2.517500E+02  3.083076E-02  3.006712E-02  1.660578E-04                                 112
 2.520000E+02  3.083204E-02  3.006712E-02  1.661298E-04                                 112
 2.522500E+02  3.083332E-02  3.006712E-02  1.662011E-04                                 112
 2.525000E+02  3.083460E-02  3.006712E-02  1.662717E-04                                 112
 2.527500E+02  3.083588E-02  3.006712E-02  1.663416E-04                                 112
 2.530000E+02  3.083717E-02  3.006712E-02  1.664107E-04                                 112
 2.532500E+02  3.083845E-02  3.006712E-02  1.664792E-04                                 112
 2.535000E+02  3.083973E-02  3.006712E-02  1.665469E-04                                 112
 2.537500E+02  3.084102E-02  3.006712E-02  1.666140E-04                                 112
 2.540000E+02  3.084230E-02  3.006712E-02  1.666803E-04                                 112
 2.542500E+02  3.084359E-02  3.006712E-02  1.667460E-04                                 112
 2.545000E+02  3.084487E-02  3.006712E-02  1.668110E-04                                 112
 2.547500E+02  3.084616E-02  3.006712E-02  1.668753E-04                                 112
 2.550000E+02  3.084745E-02  3.006712E-02  1.669389E-04                                 112
 2.552500E+02  3.084873E-02  3.006712E-02  1.670019E-04                                 112
 2.555000E+02  3.085002E-02  3.006712E-02  1.670642E-04                                 112
 2.557500E+02  3.085131E-02  3.006712E-02  1.671258E-04                                 112
 2.560000E+02  3.085260E-02  3.006712E-02  1.671868E-04                                 112
 2.562500E+02  3.085389E-02  3.006712E-02  1.672472E-04                                 112
 2.565000E+02  3.085518E-02  3.006712E-02  1.673069E-04                                 112
 2.567500E+02  3.085647E-02  3.006712E-02  1.673659E-04                                 112
 2.570000E+02  3.085776E-02  3.006712E-02  1.674243E-04                                 112
 2.572500E+02  3.085906E-02  3.006712E-02  1.674821E-04                                 112
 2.575000E+02  3.086035E-02  3.006712E-02  1.675393E-04                                 112
 2.577500E+02  3.086164E-02  3.006712E-02  1.675959E-04                                 112
 2.580000E+02  3.086293E-02  3.006712E-02  1.676518E-04                                 112
 2.582500E+02  3.086423E-02  3.006712E-02  1.677072E-04                                 112
 2.585000E+02  3.086552E-02  3.006712E-02  1.677619E-04                                 112
 2.587500E+02  3.086682E-02  3.006712E-02  1.678161E-04                                 112
 2.590000E+02  3.086811E-02  3.006712E-02  1.678696E-04                                 112
 2.592500E+02  3.086941E-02  3.006712E-02  1.679226E-04                                 112
 2.595000E+02  3.087070E-02  3.006712E-02  1.679750E-04                                 112
 2.597500E+02  3.087200E-02  3.006712E-02  1.680269E-04                                 112
 2.600000E+02  3.087330E-02  3.006712E-02  1.680782E-04                                 112
 2.602500E+02  3.087459E-02  3.006712E-02  1.681289E-04                                 112
 2.605000E+02  3.087589E-02  3.006712E-02  1.681790E-04                                 112
 2.607500E+02  3.087719E-02  3.006712E-02  1.682287E-04                                 112
 2.610000E+02  3.087849E-02  3.006712E-02  1.682778E-04                                 112
 2.612500E+02  3.087979E-02  3.006712E-02  1.683263E-04                                 112
 2.615000E+02  3.088109E-02  3.006712E-02  1.683743E-04                                 112
 2.617500E+02  3.088239E-02  3.006712E-02  1.684218E-04                                 112
 2.620000E+02  3.088369E-02  3.006712E-02  1.684688E-04                                 112
 2.622500E+02  3.088499E-02  3.006712E-02  1.685153E-04                                 112
 2.625000E+02  3.088629E-02  3.006712E-02  1.685613E-04                                 112
 2.627500E+02  3.088759E-02  3.006712E-02  1.686067E-04                                 112
 2.630000E+02  3.088890E-02  3.006712E-02  1.686517E-04                                 112
 2.632500E+02  3.089020E-02  3.006712E-02  1.686962E-04                                 112
 2.635000E+02  3.089150E-02  3.006712E-02  1.687403E-04                                 112
 2.637500E+02  3.089280E-02  3.006712E-02  1.687838E-04                                 112
 2.640000E+02  3.089411E-02  3.006712E-02  1.688269E-04                                 112
 2.642500E+02  3.089541E-02  3.006712E-02  1.688696E-04                                 112
 2.645000E+02  3.089672E-02  3.006712E-02  1.689118E-04                                 112
 2.647500E+02  3.089802E-02  3.006712E-02  1.689535E-04                                 112
 2.650000E+02  3.089933E-02  3.006712E-02  1.689948E-04                                 112
 2.652500E+02  3.090063E-02  3.006712E-02  1.690357E-04                                 112
 2.655000E+02  3.090194E-02  3.006712E-02  1.690761E-04                                 112
 2.657500E+02  3.090325E-02  3.006712E-02  1.691162E-04                                 112
 2.660000E+02  3.090455E-02  3.006712E-02  1.691558E-04                                 112
 2.662500E+02  3.090586E-02  3.006712E-02  1.691950E-04                                 112
 2.665000E+02  3.090717E-02  3.006712E-02  1.692338E-04                                 112
 2.667500E+02  3.090847E-02  3.006712E-02  1.692723E-04                                 112
 2.670000E+02  3.090978E-02  3.006712E-02  1.693103E-04                                 112
 2.672500E+02  3.091109E-02  3.006712E-02  1.693480E-04                                 112
 2.675000E+02  3.091240E-02  3.006712E-02  1.693853E-04                                 112
 2.677500E+02  3.091371E-02  3.006712E-02  1.694222E-04                                 112
 2.680000E+02  3.091502E-02  3.006712E-02  1.694588E-04                                 112
 2.682500E+02  3.091633E-02  3.006712E-02  1.694951E-04                                 112
 2.685000E+02  3.091764E-02  3.006712E-02  1.695309E-04                                 112
 2.687500E+02  3.091895E-02  3.006712E-02  1.695665E-04                                 112
 2.690000E+02  3.092026E-02  3.006712E-02  1.696017E-04                                 112
 2.692500E+02  3.092157E-02  3.006712E-02  1.696366E-04                                 112
 2.695000E+02  3.092288E-02  3.006712E-02  1.696712E-04                                 112
 2.697500E+02  3.092419E-02  3.006712E-02  1.697055E-04                                 112
 2.700000E+02  3.092551E-02  3.006712E-02  1.697395E-04                                 112
 2.702500E+02  3.092682E-02  3.006712E-02  1.697732E-04                                 112
 2.705000E+02  3.092813E-02  3.006712E-02  1.698066E-04                                 112
 2.707500E+02  3.092945E-02  3.006712E-02  1.698397E-04                                 112
 2.710000E+02  3.093076E-02  3.006712E-02  1.698725E-04                                 112
 2.712500E+02  3.093207E-02  3.006712E-02  1.699051E-04                                 112
 2.715000E+02  3.093339E-02  3.006712E-02  1.699374E-04                                 112
 2.717500E+02  3.093470E-02  3.006712E-02  1.699695E-04                                 112
 2.720000E+02  3.093602E-02  3.006712E-02  1.700013E-04                                 112
 2.722500E+02  3.093733E-02  3.006712E-02  1.700329E-04                                 112
 2.725000E+02  3.093865E-02  3.006712E-02  1.700643E-04                                 112
 2.727500E+02  3.093996E-02  3.006712E-02  1.700954E-04                                 112
 2.730000E+02  3.094128E-02  3.006712E-02  1.701264E-04                                 112
 2.732500E+02  3.094259E-02  3.006712E-02  1.701571E-04                                 112
 2.735000E+02  3.094391E-02  3.006712E-02  1.701876E-04                                 112
 2.737500E+02  3.094523E-02  3.006712E-02  1.702179E-04                                 112
 2.740000E+02  3.094654E-02  3.006712E-02  1.702481E-04                                 112
 2.742500E+02  3.094786E-02  3.006712E-02  1.702780E-04                                 112
 2.745000E+02  3.094918E-02  3.006712E-02  1.703078E-04                                 112
 2.747500E+02  3.095050E-02  3.006712E-02  1.703374E-04                                 112
 2.750000E+02  3.095181E-02  3.006712E-02  1.703669E-04                                 112
 2.752500E+02  3.095313E-02  3.006712E-02  1.703962E-04                                 112
 2.755000E+02  3.095445E-02  3.006712E-02  1.704254E-04                                 112
 2.757500E+02  3.095577E-02  3.006712E-02  1.704544E-04                                 112
 2.760000E+02  3.095709E-02  3.006712E-02  1.704833E-04                                 112
 2.762500E+02  3.095841E-02  3.006712E-02  1.705121E-04                                 112
 2.765000E+02  3.095973E-02  3.006712E-02  1.705407E-04                                 112
 2.767500E+02  3.096105E-02  3.006712E-02  1.705693E-04                                 112
 2.770000E+02  3.096237E-02  3.006712E-02  1.705977E-04                                 112
 2.772500E+02  3.096369E-02  3.006712E-02  1.706261E-04                                 112
 2.775000E+02  3.096501E-02  3.006712E-02  1.706544E-04                                 112
 2.777500E+02  3.096633E-02  3.006712E-02  1.706826E-04                                 112
 2.780000E+02  3.096765E-02  3.006712E-02  1.707107E-04                                 112
 2.782500E+02  3.096898E-02  3.006712E-02  1.707388E-04                                 112
 2.785000E+02  3.097030E-02  3.006712E-02  1.707668E-04                                 112
 2.787500E+02  3.097162E-02  3.006712E-02  1.707947E-04                                 112
 2.790000E+02  3.097294E-02  3.006712E-02  1.708227E-04                                 112
 2.792500E+02  3.097427E-02  3.006712E-02  1.708505E-04                                 112
 2.795000E+02  3.097559E-02  3.006712E-02  1.708784E-04                                 112
 2.797500E+02  3.097691E-02  3.006712E-02  1.709062E-04                                 112
 2.800000E+02  3.097824E-02  3.006712E-02  1.709340E-04                                 112
 2.802500E+02  3.097956E-02  3.006712E-02  1.709619E-04                                 112
 2.805000E+02  3.098088E-02  3.006712E-02  1.709897E-04                                 112
 2.807500E+02  3.098221E-02  3.006712E-02  1.710175E-04                                 112
 2.810000E+02  3.098353E-02  3.006712E-02  1.710453E-04                                 112
 2.812500E+02  3.098486E-02  3.006712E-02  1.710732E-04                                 112
 2.815000E+02  3.098618E-02  3.006712E-02  1.711011E-04                                 112
 2.817500E+02  3.098751E-02  3.006712E-02  1.711290E-04                                 112
 2.820000E+02  3.098883E-02  3.006712E-02  1.711570E-04                                 112
 2.822500E+02  3.099016E-02  3.006712E-02  1.711850E-04                                 112
 2.825000E+02  3.099149E-02  3.006712E-02  1.712131E-04                                 112
 2.827500E+02  3.099281E-02  3.006712E-02  1.712412E-04                                 112
 2.830000E+02  3.099414E-02  3.006712E-02  1.712694E-04                                 112
 2.832500E+02  3.099547E-02  3.006712E-02  1.712977E-04                                 112
 2.835000E+02  3.099680E-02  3.006712E-02  1.713261E-04                                 112
 2.837500E+02  3.099812E-02  3.006712E-02  1.713546E-04                                 112
 2.840000E+02  3.099945E-02  3.006712E-02  1.713832E-04                                 112
 2.842500E+02  3.100078E-02  3.006712E-02  1.714119E-04                                 112
 2.845000E+02  3.100211E-02  3.006712E-02  1.714407E-04                                 112
 2.847500E+02  3.100344E-02  3.006712E-02  1.714696E-04                                 112
 2.850000E+02  3.100477E-02  3.006712E-02  1.714987E-04                                 112
 2.852500E+02  3.100610E-02  3.006712E-02  1.715279E-04                                 112
 2.855000E+02  3.100743E-02  3.006712E-02  1.715572E-04                                 112
 2.857500E+02  3.100876E-02  3.006712E-02  1.715867E-04                                 112
 2.860000E+02  3.101009E-02  3.006712E-02  1.716164E-04                                 112
 2.862500E+02  3.101142E-02  3.006712E-02  1.716462E-04                                 112
 2.865000E+02  3.101275E-02  3.006712E-02  1.716762E-04                                 112
 2.867500E+02  3.101408E-02  3.006712E-02  1.717064E-04                                 112
 2.870000E+02  3.101541E-02  3.006712E-02  1.717367E-04                                 112
 2.872500E+02  3.101674E-02  3.006712E-02  1.717673E-04                                 112
 2.875000E+02  3.101807E-02  3.006712E-02  1.717980E-04                                 112
 2.877500E+02  3.101941E-02  3.006712E-02  1.718290E-04                                 112
 2.880000E+02  3.102074E-02  3.006712E-02  1.718602E-04                                 112
 2.882500E+02  3.102207E-02  3.006712E-02  1.718916E-04                                 112
 2.885000E+02  3.102341E-02  3.006712E-02  1.719232E-04                                 112
 2.887500E+02  3.102474E-02  3.006712E-02  1.719550E-04                                 112
 2.890000E+02  3.102607E-02  3.006712E-02  1.719871E-04                                 112
 2.892500E+02  3.102741E-02  3.006712E-02  1.720195E-04                                 112
 2.895000E+02  3.102874E-02  3.006712E-02  1.720521E-04                                 112
 2.897500E+02  3.103008E-02  3.006712E-02  1.720850E-04                                 112
 2.900000E+02  3.103141E-02  3.006712E-02  1.721181E-04                                 112
 2.902500E+02  3.103275E-02  3.006712E-02  1.721515E-04                                 112
 2.905000E+02  3.103408E-02  3.006712E-02  1.721852E-04                                 112
 2.907500E+02  3.103542E-02  3.006712E-02  1.722192E-04                                 112
 2.910000E+02  3.103675E-02  3.006712E-02  1.722535E-04                                 112
 2.912500E+02  3.103809E-02  3.006712E-02  1.722881E-04                                 112
 2.915000E+02  3.103943E-02  3.006712E-02  1.723230E-04                                 112
 2.917500E+02  3.104077E-02  3.006712E-02  1.723582E-04                                 112
 2.920000E+02  3.104210E-02  3.006712E-02  1.723938E-04                                 112
 2.922500E+02  3.104344E-02  3.006712E-02  1.724297E-04                                 112
 2.925000E+02  3.104478E-02  3.006712E-02  1.724659E-04                                 112
 2.927500E+02  3.104612E-02  3.006712E-02  1.725024E-04                                 112
 2.930000E+02  3.104746E-02  3.006712E-02  1.725394E-04                                 112
 2.932500E+02  3.104880E-02  3.006712E-02  1.725766E-04                                 112
 2.935000E+02  3.105014E-02  3.006712E-02  1.726143E-04                                 112
 2.937500E+02  3.105148E-02  3.006712E-02  1.726523E-04                                 112
 2.940000E+02  3.105282E-02  3.006712E-02  1.726907E-04                                 112
 2.942500E+02  3.105416E-02  3.006712E-02  1.727295E-04                                 112
 2.945000E+02  3.105550E-02  3.006712E-02  1.727686E-04                                 112
 2.947500E+02  3.105684E-02  3.006712E-02  1.728082E-04                                 112
 2.950000E+02  3.105818E-02  3.006712E-02  1.728482E-04                                 112
 2.952500E+02  3.105953E-02  3.006712E-02  1.728886E-04                                 112
 2.955000E+02  3.106087E-02  3.006712E-02  1.729294E-04                                 112
 2.957500E+02  3.106221E-02  3.006712E-02  1.729706E-04                                 112
 2.960000E+02  3.106355E-02  3.006712E-02  1.730122E-04                                 112
 2.962500E+02  3.106490E-02  3.006712E-02  1.730543E-04                                 112
 2.965000E+02  3.106624E-02  3.006712E-02  1.730969E-04                                 112
 2.967500E+02  3.106759E-02  3.006712E-02  1.731399E-04                                 112
 2.970000E+02  3.106893E-02  3.006712E-02  1.731833E-04                                 112
 2.972500E+02  3.107028E-02  3.006712E-02  1.732273E-04                                 112
 2.975000E+02  3.107162E-02  3.006712E-02  1.732717E-04                                 112
 2.977500E+02  3.107297E-02  3.006712E-02  1.733165E-04                                 112
 2.980000E+02  3.107432E-02  3.006712E-02  1.733619E-04                                 112
 2.982500E+02  3.107566E-02  3.006712E-02  1.734077E-04                                 112
 2.985000E+02  3.107701E-02  3.006712E-02  1.734541E-04                                 112
 2.987500E+02  3.107836E-02  3.006712E-02  1.735009E-04                                 112
 2.990000E+02  3.107971E-02  3.006712E-02  1.735483E-04                                 112
 2.992500E+02  3.108105E-02  3.006712E-02  1.735962E-04                                 112
 2.995000E+02  3.108240E-02  3.006712E-02  1.736445E-04                                 112
 2.997500E+02  3.108375E-02  3.006712E-02  1.736935E-04                                 112
 3.000000E+02  3.108510E-02  3.006712E-02  1.737429E-04                                 112
 3.002500E+02  3.108645E-02  3.006712E-02  1.737929E-04                                 112
 3.005000E+02  3.108780E-02  3.006712E-02  1.738435E-04                                 112
 3.007500E+02  3.108916E-02  3.006712E-02  1.738946E-04                                 112
 3.010000E+02  3.109051E-02  3.006712E-02  1.739463E-04                                 112
 3.012500E+02  3.109186E-02  3.006712E-02  1.739985E-04                                 112
 3.015000E+02  3.109321E-02  3.006712E-02  1.740513E-04                                 112
 3.017500E+02  3.109457E-02  3.006712E-02  1.741047E-04                                 112
 3.020000E+02  3.109592E-02  3.006712E-02  1.741587E-04                                 112
 3.022500E+02  3.109727E-02  3.006712E-02  1.742133E-04                                 112
 3.025000E+02  3.109863E-02  3.006712E-02  1.742684E-04                                 112
 3.027500E+02  3.109998E-02  3.006712E-02  1.743242E-04                                 112
 3.030000E+02  3.110134E-02  3.006712E-02  1.743806E-04                                 112
 3.032500E+02  3.110270E-02  3.006712E-02  1.744376E-04                                 112
 3.035000E+02  3.110405E-02  3.006712E-02  1.744952E-04                                 112
 3.037500E+02  3.110541E-02  3.006712E-02  1.745535E-04                                 112
 3.040000E+02  3.110677E-02  3.006712E-02  1.746124E-04                                 112
 3.042500E+02  3.110812E-02  3.006712E-02  1.746719E-04                                 112
 3.045000E+02  3.110948E-02  3.006712E-02  1.747321E-04                                 112
 3.047500E+02  3.111084E-02  3.006712E-02  1.747930E-04                                 112
 3.050000E+02  3.111220E-02  3.006712E-02  1.748545E-04                                 112
 3.052500E+02  3.111356E-02  3.006712E-02  1.749166E-04                                 112
 3.055000E+02  3.111492E-02  3.006712E-02  1.749795E-04                                 112
 3.057500E+02  3.111628E-02  3.006712E-02  1.750430E-04                                 112
 3.060000E+02  3.111765E-02  3.006712E-02  1.751072E-04                                 112
 3.062500E+02  3.111901E-02  3.006712E-02  1.751721E-04                                 112
 3.065000E+02  3.112037E-02  3.006712E-02  1.752377E-04                                 112
 3.067500E+02  3.112174E-02  3.006712E-02  1.753040E-04                                 112
 3.070000E+02  3.112310E-02  3.006712E-02  1.753711E-04                                 112
 3.072500E+02  3.112447E-02  3.006712E-02  1.754388E-04                                 112
 3.075000E+02  3.112583E-02  3.006712E-02  1.755072E-04                                 112
 3.077500E+02  3.112720E-02  3.006712E-02  1.755764E-04                                 112
 3.080000E+02  3.112856E-02  3.006712E-02  1.756463E-04                                 112
 3.082500E+02  3.112993E-02  3.006712E-02  1.757170E-04                                 112
 3.085000E+02  3.113130E-02  3.006712E-02  1.757884E-04                                 112
 3.087500E+02  3.113267E-02  3.006712E-02  1.758606E-04                                 112
 3.090000E+02  3.113404E-02  3.006712E-02  1.759335E-04                                 112
 3.092500E+02  3.113541E-02  3.006712E-02  1.760072E-04                                 112
 3.095000E+02  3.113678E-02  3.006712E-02  1.760816E-04                                 112
 3.097500E+02  3.113815E-02  3.006712E-02  1.761569E-04                                 112
 3.100000E+02  3.113952E-02  3.006712E-02  1.762329E-04                                 112
 3.102500E+02  3.114089E-02  3.006712E-02  1.763097E-04                                 112
 3.105000E+02  3.114226E-02  3.006712E-02  1.763873E-04                                 112
 3.107500E+02  3.114364E-02  3.006712E-02  1.764657E-04                                 112
 3.110000E+02  3.114501E-02  3.006712E-02  1.765449E-04                                 112
 3.112500E+02  3.114639E-02  3.006712E-02  1.766249E-04                                 112
 3.115000E+02  3.114776E-02  3.006712E-02  1.767057E-04                                 112
 3.117500E+02  3.114914E-02  3.006712E-02  1.767874E-04                                 112
 3.120000E+02  3.115052E-02  3.006712E-02  1.768699E-04                                 112
 3.122500E+02  3.115189E-02  3.006712E-02  1.769532E-04                                 112
 3.125000E+02  3.115327E-02  3.006712E-02  1.770373E-04                                 112
 3.127500E+02  3.115465E-02  3.006712E-02  1.771224E-04                                 112
 3.130000E+02  3.115603E-02  3.006712E-02  1.772082E-04                                 112
 3.132500E+02  3.115741E-02  3.006712E-02  1.772950E-04                                 112
 3.135000E+02  3.115879E-02  3.006712E-02  1.773826E-04                                 112
 3.137500E+02  3.116017E-02  3.006712E-02  1.774710E-04                                 112
 3.140000E+02  3.116156E-02  3.006712E-02  1.775604E-04                                 112
 3.142500E+02  3.116294E-02  3.006712E-02  1.776506E-04                                 112
 3.145000E+02  3.116433E-02  3.006712E-02  1.777417E-04                                 112
 3.147500E+02  3.116571E-02  3.006712E-02  1.778337E-04                                 112
 3.150000E+02  3.116710E-02  3.006712E-02  1.779266E-04                                 112
 3.152500E+02  3.116848E-02  3.006712E-02  1.780204E-04                                 112
 3.155000E+02  3.116987E-02  3.006712E-02  1.781152E-04                                 112
 3.157500E+02  3.117126E-02  3.006712E-02  1.782108E-04                                 112
 3.160000E+02  3.117265E-02  3.006712E-02  1.783074E-04                                 112
 3.162500E+02  3.117404E-02  3.006712E-02  1.784049E-04                                 112
 3.165000E+02  3.117543E-02  3.006712E-02  1.785033E-04                                 112
 3.167500E+02  3.117682E-02  3.006712E-02  1.786027E-04                                 112
 3.170000E+02  3.117821E-02  3.006712E-02  1.787030E-04                                 112
 3.172500E+02  3.117961E-02  3.006712E-02  1.788043E-04                                 112
 3.175000E+02  3.118100E-02  3.006712E-02  1.789066E-04                                 112
 3.177500E+02  3.118240E-02  3.006712E-02  1.790098E-04                                 112
 3.180000E+02  3.118379E-02  3.006712E-02  1.791139E-04                                 112
 3.182500E+02  3.118519E-02  3.006712E-02  1.792191E-04                                 112
 3.185000E+02  3.118659E-02  3.006712E-02  1.793252E-04                                 112
 3.187500E+02  3.118799E-02  3.006712E-02  1.794323E-04                                 112
 3.190000E+02  3.118938E-02  3.006712E-02  1.795405E-04                                 112
 3.192500E+02  3.119079E-02  3.006712E-02  1.796496E-04                                 112
 3.195000E+02  3.119219E-02  3.006712E-02  1.797597E-04                                 112
 3.197500E+02  3.119359E-02  3.006712E-02  1.798708E-04                                 112
 3.200000E+02  3.119499E-02  3.006712E-02  1.799830E-04                                 112
 3.202500E+02  3.119640E-02  3.006712E-02  1.800962E-04                                 112
 3.205000E+02  3.119780E-02  3.006712E-02  1.802104E-04                                 112
 3.207500E+02  3.119921E-02  3.006712E-02  1.803256E-04                                 112
 3.210000E+02  3.120061E-02  3.006712E-02  1.804419E-04                                 112
 3.212500E+02  3.120202E-02  3.006712E-02  1.805592E-04                                 112
 3.215000E+02  3.120343E-02  3.006712E-02  1.806776E-04                                 112
 3.217500E+02  3.120484E-02  3.006712E-02  1.807970E-04                                 112
 3.220000E+02  3.120625E-02  3.006712E-02  1.809175E-04                                 112
 3.222500E+02  3.120766E-02  3.006712E-02  1.810391E-04                                 112
 3.225000E+02  3.120908E-02  3.006712E-02  1.811617E-04                                 112
 3.227500E+02  3.121049E-02  3.006712E-02  1.812854E-04                                 112
 3.230000E+02  3.121191E-02  3.006712E-02  1.814102E-04                                 112
 3.232500E+02  3.121332E-02  3.006712E-02  1.815361E-04                                 112
 3.235000E+02  3.121474E-02  3.006712E-02  1.816631E-04                                 112
 3.237500E+02  3.121616E-02  3.006712E-02  1.817912E-04                                 112
 3.240000E+02  3.121758E-02  3.006712E-02  1.819205E-04                                 112
 3.242500E+02  3.121900E-02  3.006712E-02  1.820508E-04                                 112
 3.245000E+02  3.122042E-02  3.006712E-02  1.821822E-04                                 112
 3.247500E+02  3.122184E-02  3.006712E-02  1.823148E-04                                 112
 3.250000E+02  3.122326E-02  3.006712E-02  1.824485E-04                                 112
 3.252500E+02  3.122469E-02  3.006712E-02  1.825834E-04                                 112
 3.255000E+02  3.122611E-02  3.006712E-02  1.827194E-04                                 112
 3.257500E+02  3.122754E-02  3.006712E-02  1.828565E-04                                 112
 3.260000E+02  3.122897E-02  3.006712E-02  1.829948E-04                                 112
 3.262500E+02  3.123040E-02  3.006712E-02  1.831343E-04                                 112
 3.265000E+02  3.123183E-02  3.006712E-02  1.832749E-04                                 112
 3.267500E+02  3.123326E-02  3.006712E-02  1.834167E-04                                 112
 3.270000E+02  3.123469E-02  3.006712E-02  1.835597E-04                                 112
 3.272500E+02  3.123613E-02  3.006712E-02  1.837039E-04                                 112
 3.275000E+02  3.123756E-02  3.006712E-02  1.838493E-04                                 112
 3.277500E+02  3.123900E-02  3.006712E-02  1.839958E-04                                 112
 3.280000E+02  3.124044E-02  3.006712E-02  1.841436E-04                                 112
 3.282500E+02  3.124188E-02  3.006712E-02  1.842926E-04                                 112
 3.285000E+02  3.124332E-02  3.006712E-02  1.844428E-04                                 112
 3.287500E+02  3.124476E-02  3.006712E-02  1.845942E-04                                 112
 3.290000E+02  3.124620E-02  3.006712E-02  1.847468E-04                                 112
 3.292500E+02  3.124764E-02  3.006712E-02  1.849007E-04                                 112
 3.295000E+02  3.124909E-02  3.006712E-02  1.850558E-04                                 112
 3.297500E+02  3.125053E-02  3.006712E-02  1.852121E-04                                 112
 3.300000E+02  3.125198E-02  3.006712E-02  1.853697E-04                                 112
 3.302500E+02  3.125343E-02  3.006712E-02  1.855286E-04                                 112
 3.305000E+02  3.125488E-02  3.006712E-02  1.856887E-04                                 112
 3.307500E+02  3.125633E-02  3.006712E-02  1.858501E-04                                 112
 3.310000E+02  3.125779E-02  3.006712E-02  1.860128E-04                                 112
 3.312500E+02  3.125924E-02  3.006712E-02  1.861767E-04                                 112
 3.315000E+02  3.126070E-02  3.006712E-02  1.863420E-04                                 112
 3.317500E+02  3.126215E-02  3.006712E-02  1.865085E-04                                 112
 3.320000E+02  3.126361E-02  3.006712E-02  1.866763E-04                                 112
 3.322500E+02  3.126507E-02  3.006712E-02  1.868454E-04                                 112
 3.325000E+02  3.126653E-02  3.006712E-02  1.870159E-04                                 112
 3.327500E+02  3.126799E-02  3.006712E-02  1.871876E-04                                 112
 3.330000E+02  3.126946E-02  3.006712E-02  1.873607E-04                                 112
 3.332500E+02  3.127092E-02  3.006712E-02  1.875351E-04                                 112
 3.335000E+02  3.127239E-02  3.006712E-02  1.877108E-04                                 112
 3.337500E+02  3.127386E-02  3.006712E-02  1.878879E-04                                 112
 3.340000E+02  3.127533E-02  3.006712E-02  1.880663E-04                                 112
 3.342500E+02  3.127680E-02  3.006712E-02  1.882461E-04                                 112
 3.345000E+02  3.127827E-02  3.006712E-02  1.884273E-04                                 112
 3.347500E+02  3.127975E-02  3.006712E-02  1.886098E-04                                 112
 3.350000E+02  3.128122E-02  3.006712E-02  1.887936E-04                                 112
 3.352500E+02  3.128270E-02  3.006712E-02  1.889789E-04                                 112
 3.355000E+02  3.128418E-02  3.006712E-02  1.891655E-04                                 112
 3.357500E+02  3.128566E-02  3.006712E-02  1.893535E-04                                 112
 3.360000E+02  3.128714E-02  3.006712E-02  1.895429E-04                                 112
 3.362500E+02  3.128862E-02  3.006712E-02  1.897337E-04                                 112
 3.365000E+02  3.129011E-02  3.006712E-02  1.899260E-04                                 112
 3.367500E+02  3.129160E-02  3.006712E-02  1.901196E-04                                 112
 3.370000E+02  3.129308E-02  3.006712E-02  1.903146E-04                                 112
 3.372500E+02  3.129457E-02  3.006712E-02  1.905111E-04                                 112
 3.375000E+02  3.129606E-02  3.006712E-02  1.907090E-04                                 112
 3.377500E+02  3.129756E-02  3.006712E-02  1.909084E-04                                 112
 3.380000E+02  3.129905E-02  3.006712E-02  1.911092E-04                                 112
 3.382500E+02  3.130055E-02  3.006712E-02  1.913114E-04                                 112
 3.385000E+02  3.130205E-02  3.006712E-02  1.915151E-04                                 112
 3.387500E+02  3.130355E-02  3.006712E-02  1.917203E-04                                 112
 3.390000E+02  3.130505E-02  3.006712E-02  1.919269E-04                                 112
 3.392500E+02  3.130655E-02  3.006712E-02  1.921350E-04                                 112
 3.395000E+02  3.130805E-02  3.006712E-02  1.923446E-04                                 112
 3.397500E+02  3.130956E-02  3.006712E-02  1.925557E-04                                 112
 3.400000E+02  3.131107E-02  3.006712E-02  1.927683E-04                                 112
 3.402500E+02  3.131258E-02  3.006712E-02  1.929823E-04                                 112
 3.405000E+02  3.131409E-02  3.006712E-02  1.931979E-04                                 112
 3.407500E+02  3.131560E-02  3.006712E-02  1.934150E-04                                 112
 3.410000E+02  3.131712E-02  3.006712E-02  1.936336E-04                                 112
 3.412500E+02  3.131864E-02  3.006712E-02  1.938538E-04                                 112
 3.415000E+02  3.132015E-02  3.006712E-02  1.940755E-04                                 112
 3.417500E+02  3.132167E-02  3.006712E-02  1.942987E-04                                 112
 3.420000E+02  3.132320E-02  3.006712E-02  1.945234E-04                                 112
 3.422500E+02  3.132472E-02  3.006712E-02  1.947498E-04                                 112
 3.425000E+02  3.132625E-02  3.006712E-02  1.949776E-04                                 112
 3.427500E+02  3.132778E-02  3.006712E-02  1.952071E-04                                 112
 3.430000E+02  3.132930E-02  3.006712E-02  1.954381E-04                                 112
 3.432500E+02  3.133084E-02  3.006712E-02  1.956707E-04                                 112
 3.435000E+02  3.133237E-02  3.006712E-02  1.959048E-04                                 112
 3.437500E+02  3.133391E-02  3.006712E-02  1.961406E-04                                 112
 3.440000E+02  3.133544E-02  3.006712E-02  1.963780E-04                                 112
 3.442500E+02  3.133698E-02  3.006712E-02  1.966169E-04                                 112
 3.445000E+02  3.133852E-02  3.006712E-02  1.968575E-04                                 112
 3.447500E+02  3.134007E-02  3.006712E-02  1.970997E-04                                 112
 3.450000E+02  3.134161E-02  3.006712E-02  1.973435E-04                                 112
 3.452500E+02  3.134316E-02  3.006712E-02  1.975890E-04                                 112
 3.455000E+02  3.134471E-02  3.006712E-02  1.978361E-04                                 112
 3.457500E+02  3.134626E-02  3.006712E-02  1.980848E-04                                 112
 3.460000E+02  3.134781E-02  3.006712E-02  1.983352E-04                                 112
 3.462500E+02  3.134937E-02  3.006712E-02  1.985873E-04                                 112
 3.465000E+02  3.135093E-02  3.006712E-02  1.988410E-04                                 112
 3.467500E+02  3.135249E-02  3.006712E-02  1.990964E-04                                 112
 3.470000E+02  3.135405E-02  3.006712E-02  1.993534E-04                                 112
 3.472500E+02  3.135561E-02  3.006712E-02  1.996122E-04                                 112
 3.475000E+02  3.135718E-02  3.006712E-02  1.998726E-04                                 112
 3.477500E+02  3.135874E-02  3.006712E-02  2.001347E-04                                 112
 3.480000E+02  3.136031E-02  3.006712E-02  2.003986E-04                                 112
 3.482500E+02  3.136189E-02  3.006712E-02  2.006641E-04                                 112
 3.485000E+02  3.136346E-02  3.006712E-02  2.009314E-04                                 112
 3.487500E+02  3.136504E-02  3.006712E-02  2.012004E-04                                 112
 3.490000E+02  3.136662E-02  3.006712E-02  2.014712E-04                                 112
 3.492500E+02  3.136820E-02  3.006712E-02  2.017436E-04                                 112
 3.495000E+02  3.136978E-02  3.006712E-02  2.020179E-04                                 112
 3.497500E+02  3.137137E-02  3.006712E-02  2.022938E-04                                 112
 3.500000E+02  3.137295E-02  3.006712E-02  2.025716E-04                                 112
 3.502500E+02  3.137454E-02  3.006712E-02  2.028511E-04                                 112
 3.505000E+02  3.137614E-02  3.006712E-02  2.031324E-04                                 112
 3.507500E+02  3.137773E-02  3.006712E-02  2.034155E-04                                 112
 3.510000E+02  3.137933E-02  3.006712E-02  2.037003E-04                                 112
 3.512500E+02  3.138093E-02  3.006712E-02  2.039870E-04                                 112
 3.515000E+02  3.138253E-02  3.006712E-02  2.042754E-04                                 112
 3.517500E+02  3.138413E-02  3.006712E-02  2.045657E-04                                 112
 3.520000E+02  3.138574E-02  3.006712E-02  2.048578E-04                                 112
 3.522500E+02  3.138735E-02  3.006712E-02  2.051517E-04                                 112
 3.525000E+02  3.138896E-02  3.006712E-02  2.054475E-04                                 112
 3.527500E+02  3.139057E-02  3.006712E-02  2.057451E-04                                 112
 3.530000E+02  3.139219E-02  3.006712E-02  2.060445E-04                                 112
 3.532500E+02  3.139381E-02  3.006712E-02  2.063458E-04                                 112
 3.535000E+02  3.139543E-02  3.006712E-02  2.066489E-04                                 112
 3.537500E+02  3.139705E-02  3.006712E-02  2.069540E-04                                 112
 3.540000E+02  3.139867E-02  3.006712E-02  2.072609E-04                                 112
 3.542500E+02  3.140030E-02  3.006712E-02  2.075697E-04                                 112
 3.545000E+02  3.140193E-02  3.006712E-02  2.078803E-04                                 112
 3.547500E+02  3.140357E-02  3.006712E-02  2.081929E-04                                 112
 3.550000E+02  3.140520E-02  3.006712E-02  2.085074E-04                                 112
 3.552500E+02  3.140684E-02  3.006712E-02  2.088238E-04                                 112
 3.555000E+02  3.140848E-02  3.006712E-02  2.091421E-04                                 112
 3.557500E+02  3.141013E-02  3.006712E-02  2.094624E-04                                 112
 3.560000E+02  3.141177E-02  3.006712E-02  2.097846E-04                                 112
 3.562500E+02  3.141342E-02  3.006712E-02  2.101087E-04                                 112
 3.565000E+02  3.141507E-02  3.006712E-02  2.104348E-04                                 112
 3.567500E+02  3.141673E-02  3.006712E-02  2.107628E-04                                 112
 3.570000E+02  3.141838E-02  3.006712E-02  2.110929E-04                                 112
 3.572500E+02  3.142004E-02  3.006712E-02  2.114249E-04                                 112
 3.575000E+02  3.142170E-02  3.006712E-02  2.117588E-04                                 112
 3.577500E+02  3.142337E-02  3.006712E-02  2.120948E-04                                 112
 3.580000E+02  3.142504E-02  3.006712E-02  2.124328E-04                                 112
 3.582500E+02  3.142671E-02  3.006712E-02  2.127727E-04                                 112
 3.585000E+02  3.142838E-02  3.006712E-02  2.131147E-04                                 112
 3.587500E+02  3.143006E-02  3.006712E-02  2.134587E-04                                 112
 3.590000E+02  3.143173E-02  3.006712E-02  2.138047E-04                                 112
 3.592500E+02  3.143342E-02  3.006712E-02  2.141528E-04                                 112
 3.595000E+02  3.143510E-02  3.006712E-02  2.145029E-04                                 112
 3.597500E+02  3.143679E-02  3.006712E-02  2.149176E-04                                 112
 3.600000E+02  3.143848E-02  3.006712E-02  2.152723E-04                                 112
 3.602500E+02  3.144017E-02  3.006712E-02  2.155665E-04                                 112
 3.605000E+02  3.144187E-02  3.006712E-02  2.159249E-04                                 112
 3.607500E+02  3.144357E-02  3.006712E-02  2.162854E-04                                 112
 3.610000E+02  3.144527E-02  3.006712E-02  2.166480E-04                                 112
 3.612500E+02  3.144697E-02  3.006712E-02  2.170127E-04                                 112
 3.615000E+02  3.144868E-02  3.006712E-02  2.173794E-04                                 112
 3.617500E+02  3.145039E-02  3.006712E-02  2.177483E-04                                 112
 3.620000E+02  3.145210E-02  3.006712E-02  2.181194E-04                                 112
 3.622500E+02  3.145382E-02  3.006712E-02  2.184925E-04                                 112
 3.625000E+02  3.145554E-02  3.006712E-02  2.188679E-04                                 112
 3.627500E+02  3.145726E-02  3.006712E-02  2.192453E-04                                 112
 3.630000E+02  3.145899E-02  3.006712E-02  2.196249E-04                                 112
 3.632500E+02  3.146072E-02  3.006712E-02  2.200067E-04                                 112
 3.635000E+02  3.146245E-02  3.006712E-02  2.203907E-04                                 112
 3.637500E+02  3.146418E-02  3.006712E-02  2.207768E-04                                 112
 3.640000E+02  3.146592E-02  3.006712E-02  2.211652E-04                                 112
 3.642500E+02  3.146766E-02  3.006712E-02  2.215557E-04                                 112
 3.645000E+02  3.146941E-02  3.006712E-02  2.219485E-04                                 112
 3.647500E+02  3.147116E-02  3.006712E-02  2.223434E-04                                 112
 3.650000E+02  3.147291E-02  3.006712E-02  2.227406E-04                                 112
 3.652500E+02  3.147466E-02  3.006712E-02  2.231401E-04                                 112
 3.655000E+02  3.147642E-02  3.006712E-02  2.235417E-04                                 112
 3.657500E+02  3.147818E-02  3.006712E-02  2.239457E-04                                 112
 3.660000E+02  3.147994E-02  3.006712E-02  2.243519E-04                                 112
 3.662500E+02  3.148171E-02  3.006712E-02  2.247603E-04                                 112
 3.665000E+02  3.148348E-02  3.006712E-02  2.251711E-04                                 112
 3.667500E+02  3.148526E-02  3.006712E-02  2.255841E-04                                 112
 3.670000E+02  3.148703E-02  3.006712E-02  2.259994E-04                                 112
 3.672500E+02  3.148881E-02  3.006712E-02  2.264171E-04                                 112
 3.675000E+02  3.149060E-02  3.006712E-02  2.268370E-04                                 112
 3.677500E+02  3.149238E-02  3.006712E-02  2.272593E-04                                 112
 3.680000E+02  3.149418E-02  3.006712E-02  2.276839E-04                                 112
 3.682500E+02  3.149597E-02  3.006712E-02  2.281108E-04                                 112
 3.685000E+02  3.149777E-02  3.006712E-02  2.285401E-04                                 112
 3.687500E+02  3.149957E-02  3.006712E-02  2.289717E-04                                 112
 3.690000E+02  3.150137E-02  3.006712E-02  2.294057E-04                                 112
 3.692500E+02  3.150318E-02  3.006712E-02  2.298421E-04                                 112
 3.695000E+02  3.150499E-02  3.006712E-02  2.302809E-04                                 112
 3.697500E+02  3.150681E-02  3.006712E-02  2.307220E-04                                 112
 3.700000E+02  3.150863E-02  3.006712E-02  2.311656E-04                                 112
 3.702500E+02  3.151045E-02  3.006712E-02  2.316116E-04                                 112
 3.705000E+02  3.151228E-02  3.006712E-02  2.320600E-04                                 112
 3.707500E+02  3.151411E-02  3.006712E-02  2.325108E-04                                 112
 3.710000E+02  3.151594E-02  3.006712E-02  2.329641E-04                                 112
 3.712500E+02  3.151778E-02  3.006712E-02  2.334198E-04                                 112
 3.715000E+02  3.151962E-02  3.006712E-02  2.338780E-04                                 112
 3.717500E+02  3.152147E-02  3.006712E-02  2.343386E-04                                 112
 3.720000E+02  3.152331E-02  3.006712E-02  2.348018E-04                                 112
 3.722500E+02  3.152517E-02  3.006712E-02  2.352674E-04                                 112
 3.725000E+02  3.152702E-02  3.006712E-02  2.357355E-04                                 112
 3.727500E+02  3.152888E-02  3.006712E-02  2.362061E-04                                 112
 3.730000E+02  3.153075E-02  3.006712E-02  2.366792E-04                                 112
 3.732500E+02  3.153261E-02  3.006712E-02  2.371549E-04                                 112
 3.735000E+02  3.153448E-02  3.006712E-02  2.376330E-04                                 112
 3.737500E+02  3.153636E-02  3.006712E-02  2.381138E-04                                 112
 3.740000E+02  3.153824E-02  3.006712E-02  2.385970E-04                                 112
 3.742500E+02  3.154012E-02  3.006712E-02  2.390829E-04                                 112
 3.745000E+02  3.154201E-02  3.006712E-02  2.395713E-04                                 112
 3.747500E+02  3.154390E-02  3.006712E-02  2.400623E-04                                 112
 3.750000E+02  3.154580E-02  3.006712E-02  2.405558E-04                                 112
 3.752500E+02  3.154770E-02  3.006712E-02  2.410520E-04                                 112
 3.755000E+02  3.154960E-02  3.006712E-02  2.415508E-04                                 112
 3.757500E+02  3.155151E-02  3.006712E-02  2.420522E-04                                 112
 3.760000E+02  3.155342E-02  3.006712E-02  2.425563E-04                                 112
 3.762500E+02  3.155533E-02  3.006712E-02  2.430629E-04                                 112
 3.765000E+02  3.155725E-02  3.006712E-02  2.435723E-04                                 112
 3.767500E+02  3.155918E-02  3.006712E-02  2.440842E-04                                 112
 3.770000E+02  3.156110E-02  3.006712E-02  2.445989E-04                                 112
 3.772500E+02  3.156304E-02  3.006712E-02  2.451162E-04                                 112
 3.775000E+02  3.156497E-02  3.006712E-02  2.456363E-04                                 112
 3.777500E+02  3.156691E-02  3.006712E-02  2.461590E-04                                 112
 3.780000E+02  3.156886E-02  3.006712E-02  2.466844E-04                                 112
 3.782500E+02  3.157081E-02  3.006712E-02  2.472126E-04                                 112
 3.785000E+02  3.157276E-02  3.006712E-02  2.477434E-04                                 112
 3.787500E+02  3.157472E-02  3.006712E-02  2.482770E-04                                 112
 3.790000E+02  3.157668E-02  3.006712E-02  2.488134E-04                                 112
 3.792500E+02  3.157865E-02  3.006712E-02  2.493525E-04                                 112
 3.795000E+02  3.158062E-02  3.006712E-02  2.498944E-04                                 112
 3.797500E+02  3.158259E-02  3.006712E-02  2.504391E-04                                 112
 3.800000E+02  3.158457E-02  3.006712E-02  2.509865E-04                                 112
 3.802500E+02  3.158656E-02  3.006712E-02  2.515368E-04                                 112
 3.805000E+02  3.158854E-02  3.006712E-02  2.520899E-04                                 112
 3.807500E+02  3.159054E-02  3.006712E-02  2.526458E-04                                 112
 3.810000E+02  3.159253E-02  3.006712E-02  2.532045E-04                                 112
 3.812500E+02  3.159454E-02  3.006712E-02  2.537660E-04                                 112
 3.815000E+02  3.159654E-02  3.006712E-02  2.543305E-04                                 112
 3.817500E+02  3.159855E-02  3.006712E-02  2.548977E-04                                 112
 3.820000E+02  3.160057E-02  3.006712E-02  2.554679E-04                                 112
 3.822500E+02  3.160259E-02  3.006712E-02  2.560409E-04                                 112
 3.825000E+02  3.160462E-02  3.006712E-02  2.566168E-04                                 112
 3.827500E+02  3.160665E-02  3.006712E-02  2.571956E-04                                 112
 3.830000E+02  3.160868E-02  3.006712E-02  2.577774E-04                                 112
 3.832500E+02  3.161072E-02  3.006712E-02  2.583620E-04                                 112
 3.835000E+02  3.161276E-02  3.006712E-02  2.589496E-04                                 112
 3.837500E+02  3.161481E-02  3.006712E-02  2.595402E-04                                 112
 3.840000E+02  3.161687E-02  3.006712E-02  2.601337E-04                                 112
 3.842500E+02  3.161893E-02  3.006712E-02  2.607301E-04                                 112
 3.845000E+02  3.162099E-02  3.006712E-02  2.613296E-04                                 112
 3.847500E+02  3.162306E-02  3.006712E-02  2.619320E-04                                 112
 3.850000E+02  3.162513E-02  3.006712E-02  2.625374E-04                                 112
 3.852500E+02  3.162721E-02  3.006712E-02  2.631459E-04                                 112
 3.855000E+02  3.162929E-02  3.006712E-02  2.637573E-04                                 112
 3.857500E+02  3.163138E-02  3.006712E-02  2.643718E-04                                 112
 3.860000E+02  3.163347E-02  3.006712E-02  2.649893E-04                                 112
 3.862500E+02  3.163557E-02  3.006712E-02  2.656099E-04                                 112
 3.865000E+02  3.163767E-02  3.006712E-02  2.662336E-04                                 112
 3.867500E+02  3.163978E-02  3.006712E-02  2.668603E-04                                 112
 3.870000E+02  3.164190E-02  3.006712E-02  2.674901E-04                                 112
 3.872500E+02  3.164401E-02  3.006712E-02  2.681230E-04                                 112
 3.875000E+02  3.164614E-02  3.006712E-02  2.687590E-04                                 112
 3.877500E+02  3.164827E-02  3.006712E-02  2.693981E-04                                 112
 3.880000E+02  3.165040E-02  3.006712E-02  2.700404E-04                                 112
 3.882500E+02  3.165254E-02  3.006712E-02  2.706858E-04                                 112
 3.885000E+02  3.165468E-02  3.006712E-02  2.713343E-04                                 112
 3.887500E+02  3.165683E-02  3.006712E-02  2.719860E-04                                 112
 3.890000E+02  3.165899E-02  3.006712E-02  2.726409E-04                                 112
 3.892500E+02  3.166115E-02  3.006712E-02  2.732990E-04                                 112
 3.895000E+02  3.166332E-02  3.006712E-02  2.739602E-04                                 112
 3.897500E+02  3.166549E-02  3.006712E-02  2.746247E-04                                 112
 3.900000E+02  3.166766E-02  3.006712E-02  2.752924E-04                                 112
 3.902500E+02  3.166985E-02  3.006712E-02  2.759633E-04                                 112
 3.905000E+02  3.167203E-02  3.006712E-02  2.766374E-04                                 112
 3.907500E+02  3.167423E-02  3.006712E-02  2.773148E-04                                 112
 3.910000E+02  3.167643E-02  3.006712E-02  2.779955E-04                                 112
 3.912500E+02  3.167863E-02  3.006712E-02  2.786794E-04                                 112
 3.915000E+02  3.168084E-02  3.006712E-02  2.793667E-04                                 112
 3.917500E+02  3.168306E-02  3.006712E-02  2.800572E-04                                 112
 3.920000E+02  3.168528E-02  3.006712E-02  2.807510E-04                                 112
 3.922500E+02  3.168750E-02  3.006712E-02  2.814481E-04                                 112
 3.925000E+02  3.168974E-02  3.006712E-02  2.821486E-04                                 112
 3.927500E+02  3.169197E-02  3.006712E-02  2.828524E-04                                 112
 3.930000E+02  3.169422E-02  3.006712E-02  2.835596E-04                                 112
 3.932500E+02  3.169647E-02  3.006712E-02  2.842701E-04                                 112
 3.935000E+02  3.169872E-02  3.006712E-02  2.849840E-04                                 112
 3.937500E+02  3.170098E-02  3.006712E-02  2.857013E-04                                 112
 3.940000E+02  3.170325E-02  3.006712E-02  2.864219E-04                                 112
 3.942500E+02  3.170553E-02  3.006712E-02  2.871460E-04                                 112
 3.945000E+02  3.170780E-02  3.006712E-02  2.878735E-04                                 112
 3.947500E+02  3.171009E-02  3.006712E-02  2.886044E-04                                 112
 3.950000E+02  3.171238E-02  3.006712E-02  2.893388E-04                                 112
 3.952500E+02  3.171468E-02  3.006712E-02  2.900767E-04                                 112
 3.955000E+02  3.171698E-02  3.006712E-02  2.908179E-04                                 112
 3.957500E+02  3.171929E-02  3.006712E-02  2.915627E-04                                 112
 3.960000E+02  3.172160E-02  3.006712E-02  2.923110E-04                                 112
 3.962500E+02  3.172392E-02  3.006712E-02  2.930627E-04                                 112
 3.965000E+02  3.172625E-02  3.006712E-02  2.938180E-04                                 112
 3.967500E+02  3.172859E-02  3.006712E-02  2.945768E-04                                 112
 3.970000E+02  3.173093E-02  3.006712E-02  2.953391E-04                                 112
 3.972500E+02  3.173327E-02  3.006712E-02  2.961049E-04                                 112
 3.975000E+02  3.173562E-02  3.006712E-02  2.968743E-04                                 112
 3.977500E+02  3.173798E-02  3.006712E-02  2.976473E-04                                 112
 3.980000E+02  3.174035E-02  3.006712E-02  2.984239E-04                                 112
 3.982500E+02  3.174272E-02  3.006712E-02  2.992040E-04                                 112
 3.985000E+02  3.174510E-02  3.006712E-02  2.999878E-04                                 112
 3.987500E+02  3.174748E-02  3.006712E-02  3.007751E-04                                 112
 3.990000E+02  3.174987E-02  3.006712E-02  3.015661E-04                                 112
 3.992500E+02  3.175227E-02  3.006712E-02  3.023607E-04                                 112
 3.995000E+02  3.175467E-02  3.006712E-02  3.031590E-04                                 112
 3.997500E+02  3.175708E-02  3.006712E-02  3.039609E-04                                 112
 4.000000E+02  3.175950E-02  3.006712E-02  3.047665E-04                                 112
 4.002500E+02  3.176192E-02  3.006712E-02  3.055758E-04                                 112
 4.005000E+02  3.176435E-02  3.006712E-02  3.063888E-04                                 112
 4.007500E+02  3.176679E-02  3.006712E-02  3.072054E-04                                 112
 4.010000E+02  3.176923E-02  3.006712E-02  3.080258E-04                                 112
 4.012500E+02  3.177168E-02  3.006712E-02  3.088499E-04                                 112
 4.015000E+02  3.177414E-02  3.006712E-02  3.096777E-04                                 112
 4.017500E+02  3.177660E-02  3.006712E-02  3.105093E-04                                 112
 4.020000E+02  3.177907E-02  3.006712E-02  3.113447E-04                                 112
 4.022500E+02  3.178155E-02  3.006712E-02  3.121838E-04                                 112
 4.025000E+02  3.178403E-02  3.006712E-02  3.130267E-04                                 112
 4.027500E+02  3.178652E-02  3.006712E-02  3.138734E-04                                 112
 4.030000E+02  3.178902E-02  3.006712E-02  3.147238E-04                                 112
 4.032500E+02  3.179152E-02  3.006712E-02  3.155781E-04                                 112
 4.035000E+02  3.179403E-02  3.006712E-02  3.164363E-04                                 112
 4.037500E+02  3.179655E-02  3.006712E-02  3.172982E-04                                 112
 4.040000E+02  3.179908E-02  3.006712E-02  3.181640E-04                                 112
 4.042500E+02  3.180161E-02  3.006712E-02  3.190337E-04                                 112
 4.045000E+02  3.180415E-02  3.006712E-02  3.199072E-04                                 112
 4.047500E+02  3.180670E-02  3.006712E-02  3.207847E-04                                 112
 4.050000E+02  3.180925E-02  3.006712E-02  3.216660E-04                                 112
 4.052500E+02  3.181182E-02  3.006712E-02  3.225512E-04                                 112
 4.055000E+02  3.181438E-02  3.006712E-02  3.234403E-04                                 112
 4.057500E+02  3.181696E-02  3.006712E-02  3.243334E-04                                 112
 4.060000E+02  3.181954E-02  3.006712E-02  3.252303E-04                                 112
 4.062500E+02  3.182213E-02  3.006712E-02  3.261313E-04                                 112
 4.065000E+02  3.182473E-02  3.006712E-02  3.270361E-04                                 112
 4.067500E+02  3.182734E-02  3.006712E-02  3.279450E-04                                 112
 4.070000E+02  3.182995E-02  3.006712E-02  3.288578E-04                                 112
 4.072500E+02  3.183257E-02  3.006712E-02  3.297746E-04                                 112
 4.075000E+02  3.183520E-02  3.006712E-02  3.306954E-04                                 112
 4.077500E+02  3.183784E-02  3.006712E-02  3.316202E-04                                 112
 4.080000E+02  3.184048E-02  3.006712E-02  3.325491E-04                                 112
 4.082500E+02  3.184313E-02  3.006712E-02  3.334819E-04                                 112
 4.085000E+02  3.184579E-02  3.006712E-02  3.344189E-04                                 112
 4.087500E+02  3.184846E-02  3.006712E-02  3.353598E-04                                 112
 4.090000E+02  3.185113E-02  3.006712E-02  3.363048E-04                                 112
 4.092500E+02  3.185381E-02  3.006712E-02  3.372539E-04                                 112
 4.095000E+02  3.185650E-02  3.006712E-02  3.382071E-04                                 112
 4.097500E+02  3.185920E-02  3.006712E-02  3.391643E-04                                 112
 4.100000E+02  3.186190E-02  3.006712E-02  3.401257E-04                                 112
 4.102500E+02  3.186462E-02  3.006712E-02  3.410911E-04                                 112
 4.105000E+02  3.186734E-02  3.006712E-02  3.420607E-04                                 112
 4.107500E+02  3.187007E-02  3.006712E-02  3.430344E-04                                 112
 4.110000E+02  3.187280E-02  3.006712E-02  3.440123E-04                                 112
 4.112500E+02  3.187555E-02  3.006712E-02  3.449943E-04                                 112
 4.115000E+02  3.187830E-02  3.006712E-02  3.459805E-04                                 112
 4.117500E+02  3.188106E-02  3.006712E-02  3.469708E-04                                 112
 4.120000E+02  3.188383E-02  3.006712E-02  3.479653E-04                                 112
 4.122500E+02  3.188661E-02  3.006712E-02  3.489640E-04                                 112
 4.125000E+02  3.188940E-02  3.006712E-02  3.499669E-04                                 112
 4.127500E+02  3.189219E-02  3.006712E-02  3.509740E-04                                 112
 4.130000E+02  3.189499E-02  3.006712E-02  3.519853E-04                                 112
 4.132500E+02  3.189780E-02  3.006712E-02  3.530008E-04                                 112
 4.135000E+02  3.190062E-02  3.006712E-02  3.540206E-04                                 112
 4.137500E+02  3.190345E-02  3.006712E-02  3.550446E-04                                 112
 4.140000E+02  3.190629E-02  3.006712E-02  3.560729E-04                                 112
 4.142500E+02  3.190913E-02  3.006712E-02  3.571054E-04                                 112
 4.145000E+02  3.191199E-02  3.006712E-02  3.581422E-04                                 112
 4.147500E+02  3.191485E-02  3.006712E-02  3.591832E-04                                 112
 4.150000E+02  3.191772E-02  3.006712E-02  3.602286E-04                                 112
 4.152500E+02  3.192060E-02  3.006712E-02  3.612782E-04                                 112
 4.155000E+02  3.192348E-02  3.006712E-02  3.623321E-04                                 112
 4.157500E+02  3.192638E-02  3.006712E-02  2.122791E+03                                 112
 4.160000E+02  3.391843E+01  3.006712E-02  1.999337E+00                                 111
 4.162500E+02  3.393912E+01  3.006712E-02  2.437580E-03                                 111
 4.165000E+02  3.395980E+01  3.006712E-02  2.436062E-03                                 111
 4.167500E+02  3.398048E+01  3.006712E-02  2.434547E-03                                 111
 4.170000E+02  3.400116E+01  3.006712E-02  2.433033E-03                                 111
 4.172500E+02  3.402184E+01  3.006712E-02  2.431521E-03                                 111
 4.175000E+02  3.404252E+01  3.006712E-02  2.430012E-03                                 111
 4.177500E+02  3.406320E+01  3.006712E-02  2.428504E-03                                 111
 4.180000E+02  3.408388E+01  3.006712E-02  2.426998E-03                                 111
 4.182500E+02  3.410456E+01  3.006712E-02  2.425494E-03                                 111
 4.185000E+02  3.412524E+01  3.006712E-02  2.423992E-03                                 111
 4.187500E+02  3.414592E+01  3.006712E-02  2.422492E-03                                 111
 4.190000E+02  3.416660E+01  3.006712E-02  2.420994E-03                                 111
 4.192500E+02  3.418728E+01  3.006712E-02  2.419498E-03                                 111
 4.195000E+02  3.420796E+01  3.006712E-02  2.418004E-03                                 111
 4.197500E+02  3.422864E+01  3.006712E-02  2.416512E-03                                 111
 4.200000E+02  3.424932E+01  3.006712E-02  2.415021E-03                                 111
 4.202500E+02  3.427000E+01  3.006712E-02  2.413533E-03                                 111
 4.205000E+02  3.429067E+01  3.006712E-02  2.412046E-03                                 111
 4.207500E+02  3.431135E+01  3.006712E-02  2.410562E-03                                 111
 4.210000E+02  3.433203E+01  3.006712E-02  2.409079E-03                                 111
 4.212500E+02  3.435271E+01  3.006712E-02  2.407598E-03                                 111
 4.215000E+02  3.437338E+01  3.006712E-02  2.406119E-03                                 111
 4.217500E+02  3.439406E+01  3.006712E-02  2.404642E-03                                 111
 4.220000E+02  3.441474E+01  3.006712E-02  2.403167E-03                                 111
 4.222500E+02  3.443541E+01  3.006712E-02  2.401694E-03                                 111
 4.225000E+02  3.445609E+01  3.006712E-02  2.400222E-03                                 111
 4.227500E+02  3.447676E+01  3.006712E-02  2.398753E-03                                 111
 4.230000E+02  3.449744E+01  3.006712E-02  2.397285E-03                                 111
 4.232500E+02  3.451811E+01  3.006712E-02  2.395819E-03                                 111
 4.235000E+02  3.453879E+01  3.006712E-02  2.394355E-03                                 111
 4.237500E+02  3.455946E+01  3.006712E-02  2.392893E-03                                 111
 4.240000E+02  3.458014E+01  3.006712E-02  2.391433E-03                                 111
 4.242500E+02  3.460081E+01  3.006712E-02  2.389975E-03                                 111
 4.245000E+02  3.462148E+01  3.006712E-02  2.388518E-03                                 111
 4.247500E+02  3.464216E+01  3.006712E-02  2.387064E-03                                 111
 4.250000E+02  3.466283E+01  3.006712E-02  2.385611E-03                                 111
 4.252500E+02  3.468350E+01  3.006712E-02  2.384160E-03                                 111
 4.255000E+02  3.470418E+01  3.006712E-02  2.382711E-03                                 111
 4.257500E+02  3.472485E+01  3.006712E-02  2.381263E-03                                 111
 4.260000E+02  3.474552E+01  3.006712E-02  2.379818E-03                                 111
 4.262500E+02  3.476619E+01  3.006712E-02  2.378374E-03                                 111
 4.265000E+02  3.478686E+01  3.006712E-02  2.376932E-03                                 111
 4.267500E+02  3.480754E+01  3.006712E-02  2.375492E-03                                 111
 4.270000E+02  3.482821E+01  3.006712E-02  2.374054E-03                                 111
 4.272500E+02  3.484888E+01  3.006712E-02  2.372617E-03                                 111
 4.275000E+02  3.486955E+01  3.006712E-02  2.371183E-03                                 111
 4.277500E+02  3.489022E+01  3.006712E-02  2.369750E-03                                 111
 4.280000E+02  3.491089E+01  3.006712E-02  2.368319E-03                                 111
 4.282500E+02  3.493156E+01  3.006712E-02  2.366889E-03                                 111
 4.285000E+02  3.495223E+01  3.006712E-02  2.365462E-03                                 111
 4.287500E+02  3.497290E+01  3.006712E-02  2.364036E-03                                 111
 4.290000E+02  3.499357E+01  3.006712E-02  2.362612E-03                                 111
 4.292500E+02  3.501424E+01  3.006712E-02  2.361190E-03                                 111
 4.295000E+02  3.503490E+01  3.006712E-02  2.359770E-03                                 111
 4.297500E+02  3.505557E+01  3.006712E-02  2.358351E-03                                 111
 4.300000E+02  3.507624E+01  3.006712E-02  2.356934E-03                                 111
 4.302500E+02  3.509691E+01  3.006712E-02  2.355519E-03                                 111
 4.305000E+02  3.511758E+01  3.006712E-02  2.354106E-03                                 111
 4.307500E+02  3.513824E+01  3.006712E-02  2.352694E-03                                 111
 4.310000E+02  3.515891E+01  3.006712E-02  2.351284E-03                                 111
 4.312500E+02  3.517958E+01  3.006712E-02  2.349876E-03                                 111
 4.315000E+02  3.520025E+01  3.006712E-02  2.348470E-03                                 111
 4.317500E+02  3.522091E+01  3.006712E-02  2.347065E-03                                 111
 4.320000E+02  3.524158E+01  3.006712E-02  2.345663E-03                                 111
 4.322500E+02  3.526224E+01  3.006712E-02  2.344262E-03                                 111
 4.325000E+02  3.528291E+01  3.006712E-02  2.342862E-03                                 111
 4.327500E+02  3.530358E+01  3.006712E-02  2.341465E-03                                 111
 4.330000E+02  3.532424E+01  3.006712E-02  2.340069E-03                                 111
 4.332500E+02  3.534491E+01  3.006712E-02  2.338674E-03                                 111
 4.335000E+02  3.536557E+01  3.006712E-02  2.337282E-03                                 111
 4.337500E+02  3.538624E+01  3.006712E-02  2.335891E-03                                 111
 4.340000E+02  3.540690E+01  3.006712E-02  2.334502E-03                                 111
 4.342500E+02  3.542756E+01  3.006712E-02  2.333115E-03                                 111
 4.345000E+02  3.544823E+01  3.006712E-02  2.331729E-03                                 111
 4.347500E+02  3.546889E+01  3.006712E-02  2.330345E-03                                 111
 4.350000E+02  3.548956E+01  3.006712E-02  2.328963E-03                                 111
 4.352500E+02  3.551022E+01  3.006712E-02  2.327582E-03                                 111
 4.355000E+02  3.553088E+01  3.006712E-02  2.326203E-03                                 111
 4.357500E+02  3.555155E+01  3.006712E-02  2.324826E-03                                 111
 4.360000E+02  3.557221E+01  3.006712E-02  2.323451E-03                                 111
 4.362500E+02  3.559287E+01  3.006712E-02  2.322077E-03                                 111
 4.365000E+02  3.561353E+01  3.006712E-02  2.320705E-03                                 111
 4.367500E+02  3.563420E+01  3.006712E-02  2.319334E-03                                 111
 4.370000E+02  3.565486E+01  3.006712E-02  2.317965E-03                                 111
 4.372500E+02  3.567552E+01  3.006712E-02  2.316598E-03                                 111
 4.375000E+02  3.569618E+01  3.006712E-02  2.315233E-03                                 111
 4.377500E+02  3.571684E+01  3.006712E-02  2.313869E-03                                 111
 4.380000E+02  3.573750E+01  3.006712E-02  2.312507E-03                                 111
 4.382500E+02  3.575816E+01  3.006712E-02  2.311146E-03                                 111
 4.385000E+02  3.577882E+01  3.006712E-02  2.309787E-03                                 111
 4.387500E+02  3.579948E+01  3.006712E-02  2.308430E-03                                 111
 4.390000E+02  3.582014E+01  3.006712E-02  2.307075E-03                                 111
 4.392500E+02  3.584080E+01  3.006712E-02  2.305721E-03                                 111
 4.395000E+02  3.586146E+01  3.006712E-02  2.304369E-03                                 111
 4.397500E+02  3.588212E+01  3.006712E-02  2.303018E-03                                 111
 4.400000E+02  3.590278E+01  3.006712E-02  2.301669E-03                                 111
 4.402500E+02  3.592344E+01  3.006712E-02  2.300321E-03                                 111
 4.405000E+02  3.594410E+01  3.006712E-02  2.298976E-03                                 111
 4.407500E+02  3.596476E+01  3.006712E-02  2.297632E-03                                 111
 4.410000E+02  3.598542E+01  3.006712E-02  2.296289E-03                                 111
 4.412500E+02  3.600607E+01  3.006712E-02  2.294948E-03                                 111
 4.415000E+02  3.602673E+01  3.006712E-02  2.293609E-03                                 111
 4.417500E+02  3.604739E+01  3.006712E-02  2.292271E-03                                 111
 4.420000E+02  3.606805E+01  3.006712E-02  2.290935E-03                                 111
 4.422500E+02  3.608870E+01  3.006712E-02  2.289601E-03                                 111
 4.425000E+02  3.610936E+01  3.006712E-02  2.288268E-03                                 111
 4.427500E+02  3.613002E+01  3.006712E-02  2.286937E-03                                 111
 4.430000E+02  3.615068E+01  3.006712E-02  2.285607E-03                                 111
 4.432500E+02  3.617133E+01  3.006712E-02  2.284279E-03                                 111
 4.435000E+02  3.619199E+01  3.006712E-02  2.282952E-03                                 111
 4.437500E+02  3.621264E+01  3.006712E-02  2.281627E-03                                 111
 4.440000E+02  3.623330E+01  3.006712E-02  2.280304E-03                                 111
 4.442500E+02  3.625396E+01  3.006712E-02  2.278982E-03                                 111
 4.445000E+02  3.627461E+01  3.006712E-02  2.277662E-03                                 111
 4.447500E+02  3.629527E+01  3.006712E-02  2.276344E-03                                 111
 4.450000E+02  3.631592E+01  3.006712E-02  2.275027E-03                                 111
 4.452500E+02  3.633658E+01  3.006712E-02  2.273711E-03                                 111
 4.455000E+02  3.635723E+01  3.006712E-02  2.272397E-03                                 111
 4.457500E+02  3.637788E+01  3.006712E-02  2.271085E-03                                 111
 4.460000E+02  3.639854E+01  3.006712E-02  2.269774E-03                                 111
 4.462500E+02  3.641919E+01  3.006712E-02  2.268465E-03                                 111
 4.465000E+02  3.643985E+01  3.006712E-02  2.267157E-03                                 111
 4.467500E+02  3.646050E+01  3.006712E-02  2.265851E-03                                 111
 4.470000E+02  3.648115E+01  3.006712E-02  2.264547E-03                                 111
 4.472500E+02  3.650181E+01  3.006712E-02  2.263244E-03                                 111
 4.475000E+02  3.652246E+01  3.006712E-02  2.261942E-03                                 111
 4.477500E+02  3.654311E+01  3.006712E-02  2.260642E-03                                 111
 4.480000E+02  3.656377E+01  3.006712E-02  2.259344E-03                                 111
 4.482500E+02  3.658442E+01  3.006712E-02  2.258047E-03                                 111
 4.485000E+02  3.660507E+01  3.006712E-02  2.256751E-03                                 111
 4.487500E+02  3.662572E+01  3.006712E-02  2.255458E-03                                 111
 4.490000E+02  3.664637E+01  3.006712E-02  2.254165E-03                                 111
 4.492500E+02  3.666703E+01  3.006712E-02  2.252875E-03                                 111
 4.495000E+02  3.668768E+01  3.006712E-02  2.251585E-03                                 111
 4.497500E+02  3.670833E+01  3.006712E-02  2.250298E-03                                 111
 4.500000E+02  3.672898E+01  3.006712E-02  2.249011E-03                                 111
 4.502500E+02  3.674963E+01  3.006712E-02  2.247727E-03                                 111
 4.505000E+02  3.677028E+01  3.006712E-02  2.246443E-03                                 111
 4.507500E+02  3.679093E+01  3.006712E-02  2.245162E-03                                 111
 4.510000E+02  3.681158E+01  3.006712E-02  2.243882E-03                                 111
 4.512500E+02  3.683223E+01  3.006712E-02  2.242603E-03                                 111
 4.515000E+02  3.685288E+01  3.006712E-02  2.241326E-03                                 111
 4.517500E+02  3.687353E+01  3.006712E-02  2.240050E-03                                 111
 4.520000E+02  3.689418E+01  3.006712E-02  2.238776E-03                                 111
 4.522500E+02  3.691483E+01  3.006712E-02  2.237503E-03                                 111
 4.525000E+02  3.693548E+01  3.006712E-02  2.236232E-03                                 111
 4.527500E+02  3.695613E+01  3.006712E-02  2.234962E-03                                 111
 4.530000E+02  3.697678E+01  3.006712E-02  2.233694E-03                                 111
 4.532500E+02  3.699743E+01  3.006712E-02  2.232427E-03                                 111
 4.535000E+02  3.701807E+01  3.006712E-02  2.231161E-03                                 111
 4.537500E+02  3.703872E+01  3.006712E-02  2.229898E-03                                 111
 4.540000E+02  3.705937E+01  3.006712E-02  2.228635E-03                                 111
 4.542500E+02  3.708002E+01  3.006712E-02  2.227374E-03                                 111
 4.545000E+02  3.710067E+01  3.006712E-02  2.226115E-03                                 111
 4.547500E+02  3.712131E+01  3.006712E-02  2.224857E-03                                 111
 4.550000E+02  3.714196E+01  3.006712E-02  2.223600E-03                                 111
 4.552500E+02  3.716261E+01  3.006712E-02  2.222345E-03                                 111
 4.555000E+02  3.718326E+01  3.006712E-02  2.221091E-03                                 111
 4.557500E+02  3.720390E+01  3.006712E-02  2.219839E-03                                 111
 4.560000E+02  3.722455E+01  3.006712E-02  2.218589E-03                                 111
 4.562500E+02  3.724519E+01  3.006712E-02  2.217339E-03                                 111
 4.565000E+02  3.726584E+01  3.006712E-02  2.216091E-03                                 111
 4.567500E+02  3.728649E+01  3.006712E-02  2.214845E-03                                 111
 4.570000E+02  3.730713E+01  3.006712E-02  2.213600E-03                                 111
 4.572500E+02  3.732778E+01  3.006712E-02  2.212356E-03                                 111
 4.575000E+02  3.734842E+01  3.006712E-02  2.211114E-03                                 111
 4.577500E+02  3.736907E+01  3.006712E-02  2.209874E-03                                 111
 4.580000E+02  3.738971E+01  3.006712E-02  2.208634E-03                                 111
 4.582500E+02  3.741036E+01  3.006712E-02  2.207396E-03                                 111
 4.585000E+02  3.743100E+01  3.006712E-02  2.206160E-03                                 111
 4.587500E+02  3.745165E+01  3.006712E-02  2.204925E-03                                 111
 4.590000E+02  3.747229E+01  3.006712E-02  2.203691E-03                                 111
 4.592500E+02  3.749294E+01  3.006712E-02  2.202459E-03                                 111
 4.595000E+02  3.751358E+01  3.006712E-02  2.201229E-03                                 111
 4.597500E+02  3.753423E+01  3.006712E-02  2.199999E-03                                 111
 4.600000E+02  3.755487E+01  3.006712E-02  2.198771E-03                                 111
 4.602500E+02  3.757551E+01  3.006712E-02  2.197545E-03                                 111
 4.605000E+02  3.759616E+01  3.006712E-02  2.196320E-03                                 111
 4.607500E+02  3.761680E+01  3.006712E-02  2.195096E-03                                 111
 4.610000E+02  3.763744E+01  3.006712E-02  2.193874E-03                                 111
 4.612500E+02  3.765809E+01  3.006712E-02  2.192653E-03                                 111
 4.615000E+02  3.767873E+01  3.006712E-02  2.191433E-03                                 111
 4.617500E+02  3.769937E+01  3.006712E-02  2.190215E-03                                 111
 4.620000E+02  3.772001E+01  3.006712E-02  2.188998E-03                                 111
 4.622500E+02  3.774066E+01  3.006712E-02  2.187783E-03                                 111
 4.625000E+02  3.776130E+01  3.006712E-02  2.186569E-03                                 111
 4.627500E+02  3.778194E+01  3.006712E-02  2.185356E-03                                 111
 4.630000E+02  3.780258E+01  3.006712E-02  2.184145E-03                                 111
 4.632500E+02  3.782322E+01  3.006712E-02  2.182935E-03                                 111
 4.635000E+02  3.784386E+01  3.006712E-02  2.181726E-03                                 111
 4.637500E+02  3.786450E+01  3.006712E-02  2.180519E-03                                 111
 4.640000E+02  3.788515E+01  3.006712E-02  2.179313E-03                                 111
 4.642500E+02  3.790579E+01  3.006712E-02  2.178109E-03                                 111
 4.645000E+02  3.792643E+01  3.006712E-02  2.176906E-03                                 111
 4.647500E+02  3.794707E+01  3.006712E-02  2.175704E-03                                 111
 4.650000E+02  3.796771E+01  3.006712E-02  2.174504E-03                                 111
 4.652500E+02  3.798835E+01  3.006712E-02  2.173305E-03                                 111
 4.655000E+02  3.800899E+01  3.006712E-02  2.172107E-03                                 111
 4.657500E+02  3.802963E+01  3.006712E-02  2.170911E-03                                 111
 4.660000E+02  3.805027E+01  3.006712E-02  2.169716E-03                                 111
 4.662500E+02  3.807091E+01  3.006712E-02  2.168522E-03                                 111
 4.665000E+02  3.809155E+01  3.006712E-02  2.167330E-03                                 111
 4.667500E+02  3.811219E+01  3.006712E-02  2.166139E-03                                 111
 4.670000E+02  3.813282E+01  3.006712E-02  2.164950E-03                                 111
 4.672500E+02  3.815346E+01  3.006712E-02  2.163761E-03                                 111
 4.675000E+02  3.817410E+01  3.006712E-02  2.162574E-03                                 111
 4.677500E+02  3.819474E+01  3.006712E-02  2.161389E-03                                 111
 4.680000E+02  3.821538E+01  3.006712E-02  2.160205E-03                                 111
 4.682500E+02  3.823602E+01  3.006712E-02  2.159022E-03                                 111
 4.685000E+02  3.825665E+01  3.006712E-02  2.157840E-03                                 111
 4.687500E+02  3.827729E+01  3.006712E-02  2.156660E-03                                 111
 4.690000E+02  3.829793E+01  3.006712E-02  2.155481E-03                                 111
 4.692500E+02  3.831857E+01  3.006712E-02  2.154303E-03                                 111
 4.695000E+02  3.833921E+01  3.006712E-02  2.153127E-03                                 111
 4.697500E+02  3.835984E+01  3.006712E-02  2.151952E-03                                 111
 4.700000E+02  3.838048E+01  3.006712E-02  2.150778E-03                                 111
 4.702500E+02  3.840112E+01  3.006712E-02  2.149606E-03                                 111
 4.705000E+02  3.842175E+01  3.006712E-02  2.148435E-03                                 111
 4.707500E+02  3.844239E+01  3.006712E-02  2.147265E-03                                 111
 4.710000E+02  3.846303E+01  3.006712E-02  2.146096E-03                                 111
 4.712500E+02  3.848366E+01  3.006712E-02  2.144929E-03                                 111
 4.715000E+02  3.850430E+01  3.006712E-02  2.143763E-03                                 111
 4.717500E+02  3.852493E+01  3.006712E-02  2.142599E-03                                 111
 4.720000E+02  3.854557E+01  3.006712E-02  2.141435E-03                                 111
 4.722500E+02  3.856621E+01  3.006712E-02  2.140273E-03                                 111
 4.725000E+02  3.858684E+01  3.006712E-02  2.139113E-03                                 111
 4.727500E+02  3.860748E+01  3.006712E-02  2.137953E-03                                 111
 4.730000E+02  3.862811E+01  3.006712E-02  2.136795E-03                                 111
 4.732500E+02  3.864875E+01  3.006712E-02  2.135638E-03                                 111
 4.735000E+02  3.866938E+01  3.006712E-02  2.134483E-03                                 111
 4.737500E+02  3.869002E+01  3.006712E-02  2.133328E-03                                 111
 4.740000E+02  3.871065E+01  3.006712E-02  2.132175E-03                                 111
 4.742500E+02  3.873129E+01  3.006712E-02  2.131023E-03                                 111
 4.745000E+02  3.875192E+01  3.006712E-02  2.129873E-03                                 111
 4.747500E+02  3.877255E+01  3.006712E-02  2.128724E-03                                 111
 4.750000E+02  3.879319E+01  3.006712E-02  2.127576E-03                                 111
 4.752500E+02  3.881382E+01  3.006712E-02  2.126429E-03                                 111
 4.755000E+02  3.883446E+01  3.006712E-02  2.125283E-03                                 111
 4.757500E+02  3.885509E+01  3.006712E-02  2.124139E-03                                 111
 4.760000E+02  3.887572E+01  3.006712E-02  2.122996E-03                                 111
 4.762500E+02  3.889636E+01  3.006712E-02  2.121855E-03                                 111
 4.765000E+02  3.891699E+01  3.006712E-02  2.120714E-03                                 111
 4.767500E+02  3.893762E+01  3.006712E-02  2.119575E-03                                 111
 4.770000E+02  3.895825E+01  3.006712E-02  2.118437E-03                                 111
 4.772500E+02  3.897889E+01  3.006712E-02  2.117300E-03                                 111
 4.775000E+02  3.899952E+01  3.006712E-02  2.116165E-03                                 111
 4.777500E+02  3.902015E+01  3.006712E-02  2.115031E-03                                 111
 4.780000E+02  3.904078E+01  3.006712E-02  2.113898E-03                                 111
 4.782500E+02  3.906142E+01  3.006712E-02  2.112766E-03                                 111
 4.785000E+02  3.908205E+01  3.006712E-02  2.111636E-03                                 111
 4.787500E+02  3.910268E+01  3.006712E-02  2.110506E-03                                 111
 4.790000E+02  3.912331E+01  3.006712E-02  2.109378E-03                                 111
 4.792500E+02  3.914394E+01  3.006712E-02  2.108252E-03                                 111
 4.795000E+02  3.916457E+01  3.006712E-02  2.107126E-03                                 111
 4.797500E+02  3.918520E+01  3.006712E-02  2.106002E-03                                 111
 4.800000E+02  3.920584E+01  3.006712E-02  2.104878E-03                                 111
 4.802500E+02  3.922647E+01  3.006712E-02  2.103757E-03                                 111
 4.805000E+02  3.924710E+01  3.006712E-02  2.102636E-03                                 111
 4.807500E+02  3.926773E+01  3.006712E-02  2.101516E-03                                 111
 4.810000E+02  3.928836E+01  3.006712E-02  2.100398E-03                                 111
 4.812500E+02  3.930899E+01  3.006712E-02  2.099281E-03                                 111
 4.815000E+02  3.932962E+01  3.006712E-02  2.098165E-03                                 111
 4.817500E+02  3.935025E+01  3.006712E-02  2.097051E-03                                 111
 4.820000E+02  3.937088E+01  3.006712E-02  2.095937E-03                                 111
 4.822500E+02  3.939151E+01  3.006712E-02  2.094825E-03                                 111
 4.825000E+02  3.941214E+01  3.006712E-02  2.093714E-03                                 111
 4.827500E+02  3.943277E+01  3.006712E-02  2.092604E-03                                 111
 4.830000E+02  3.945340E+01  3.006712E-02  2.091496E-03                                 111
 4.832500E+02  3.947402E+01  3.006712E-02  2.090388E-03                                 111
 4.835000E+02  3.949465E+01  3.006712E-02  2.089282E-03                                 111
 4.837500E+02  3.951528E+01  3.006712E-02  2.088177E-03                                 111
 4.840000E+02  3.953591E+01  3.006712E-02  2.087073E-03                                 111
 4.842500E+02  3.955654E+01  3.006712E-02  2.085971E-03                                 111
 4.845000E+02  3.957717E+01  3.006712E-02  2.084869E-03                                 111
 4.847500E+02  3.959780E+01  3.006712E-02  2.083769E-03                                 111
 4.850000E+02  3.961842E+01  3.006712E-02  2.082670E-03                                 111
 4.852500E+02  3.963905E+01  3.006712E-02  2.081572E-03                                 111
 4.855000E+02  3.965968E+01  3.006712E-02  2.080475E-03                                 111
 4.857500E+02  3.968031E+01  3.006712E-02  2.079380E-03                                 111
 4.860000E+02  3.970093E+01  3.006712E-02  2.078285E-03                                 111
 4.862500E+02  3.972156E+01  3.006712E-02  2.077192E-03                                 111
 4.865000E+02  3.974219E+01  3.006712E-02  2.076100E-03                                 111
 4.867500E+02  3.976282E+01  3.006712E-02  2.075009E-03                                 111
 4.870000E+02  3.978344E+01  3.006712E-02  2.073919E-03                                 111
 4.872500E+02  3.980407E+01  3.006712E-02  2.072831E-03                                 111
 4.875000E+02  3.982470E+01  3.006712E-02  2.071744E-03                                 111
 4.877500E+02  3.984532E+01  3.006712E-02  2.070657E-03                                 111
 4.880000E+02  3.986595E+01  3.006712E-02  2.069572E-03                                 111
 4.882500E+02  3.988658E+01  3.006712E-02  2.068488E-03                                 111
 4.885000E+02  3.990720E+01  3.006712E-02  2.067406E-03                                 111
 4.887500E+02  3.992783E+01  3.006712E-02  2.066324E-03                                 111
 4.890000E+02  3.994845E+01  3.006712E-02  2.065244E-03                                 111
 4.892500E+02  3.996908E+01  3.006712E-02  2.064164E-03                                 111
 4.895000E+02  3.998971E+01  3.006712E-02  2.063086E-03                                 111
 4.897500E+02  4.001033E+01  3.006712E-02  2.062009E-03                                 111
 4.900000E+02  4.003096E+01  3.006712E-02  2.060933E-03                                 111
 4.902500E+02  4.005158E+01  3.006712E-02  2.059859E-03                                 111
 4.905000E+02  4.007221E+01  3.006712E-02  2.058785E-03                                 111
 4.907500E+02  4.009283E+01  3.006712E-02  2.057713E-03                                 111
 4.910000E+02  4.011346E+01  3.006712E-02  2.056641E-03                                 111
 4.912500E+02  4.013408E+01  3.006712E-02  2.055571E-03                                 111
 4.915000E+02  4.015471E+01  3.006712E-02  2.054502E-03                                 111
 4.917500E+02  4.017533E+01  3.006712E-02  2.053434E-03                                 111
 4.920000E+02  4.019595E+01  3.006712E-02  2.052368E-03                                 111
 4.922500E+02  4.021658E+01  3.006712E-02  2.051302E-03                                 111
 4.925000E+02  4.023720E+01  3.006712E-02  2.050238E-03                                 111
 4.927500E+02  4.025783E+01  3.006712E-02  2.049174E-03                                 111
 4.930000E+02  4.027845E+01  3.006712E-02  2.048112E-03                                 111
 4.932500E+02  4.029907E+01  3.006712E-02  2.047051E-03                                 111
 4.935000E+02  4.031970E+01  3.006712E-02  2.045991E-03                                 111
 4.937500E+02  4.034032E+01  3.006712E-02  2.044932E-03                                 111
 4.940000E+02  4.036094E+01  3.006712E-02  2.043874E-03                                 111
 4.942500E+02  4.038157E+01  3.006712E-02  2.042817E-03                                 111
 4.945000E+02  4.040219E+01  3.006712E-02  2.041762E-03                                 111
 4.947500E+02  4.042281E+01  3.006712E-02  2.040707E-03                                 111
 4.950000E+02  4.044344E+01  3.006712E-02  2.039654E-03                                 111
 4.952500E+02  4.046406E+01  3.006712E-02  2.038602E-03                                 111
 4.955000E+02  4.048468E+01  3.006712E-02  2.037551E-03                                 111
 4.957500E+02  4.050530E+01  3.006712E-02  2.036501E-03                                 111
 4.960000E+02  4.052593E+01  3.006712E-02  2.035452E-03                                 111
 4.962500E+02  4.054655E+01  3.006712E-02  2.034404E-03                                 111
 4.965000E+02  4.056717E+01  3.006712E-02  2.033357E-03                                 111
 4.967500E+02  4.058779E+01  3.006712E-02  2.032311E-03                                 111
 4.970000E+02  4.060841E+01  3.006712E-02  2.031267E-03                                 111
 4.972500E+02  4.062903E+01  3.006712E-02  2.030223E-03                                 111
 4.975000E+02  4.064966E+01  3.006712E-02  2.029181E-03                                 111
 4.977500E+02  4.067028E+01  3.006712E-02  2.028140E-03                                 111
 4.980000E+02  4.069090E+01  3.006712E-02  2.027100E-03                                 111
 4.982500E+02  4.071152E+01  3.006712E-02  2.026060E-03                                 111
 4.985000E+02  4.073214E+01  3.006712E-02  2.025022E-03                                 111
 4.987500E+02  4.075276E+01  3.006712E-02  2.023985E-03                                 111
 4.990000E+02  4.077338E+01  3.006712E-02  2.022950E-03                                 111
 4.992500E+02  4.079400E+01  3.006712E-02  2.021915E-03                                 111
 4.995000E+02  4.081462E+01  3.006712E-02  2.020881E-03                                 111
 4.997500E+02  4.083524E+01  3.006712E-02  2.019848E-03                                 111
 5.000000E+02  4.085586E+01  3.006712E-02  2.018823E-03                                 111
