#         T/K          A/kJ          G/kJ
 2.500000E+02  8.040759E+00  8.042866E+00
 2.502500E+02  8.021529E+00  8.023636E+00
 2.505000E+02  8.002289E+00  8.004397E+00
 2.507500E+02  7.983040E+00  7.985148E+00
 2.510000E+02  7.963781E+00  7.965889E+00
 2.512500E+02  7.944512E+00  7.946620E+00
 2.515000E+02  7.925234E+00  7.927342E+00
 2.517500E+02  7.905946E+00  7.908054E+00
 2.520000E+02  7.886648E+00  7.888757E+00
 2.522500E+02  7.867341E+00  7.869449E+00
 2.525000E+02  7.848024E+00  7.850133E+00
 2.527500E+02  7.828698E+00  7.830806E+00
 2.530000E+02  7.809362E+00  7.811470E+00
 2.532500E+02  7.790016E+00  7.792125E+00
 2.535000E+02  7.770661E+00  7.772770E+00
 2.537500E+02  7.751296E+00  7.753405E+00
 2.540000E+02  7.731922E+00  7.734030E+00
 2.542500E+02  7.712538E+00  7.714646E+00
 2.545000E+02  7.693144E+00  7.695253E+00
 2.547500E+02  7.673741E+00  7.675850E+00
 2.550000E+02  7.654328E+00  7.656437E+00
 2.552500E+02  7.634906E+00  7.637015E+00
 2.555000E+02  7.615474E+00  7.617583E+00
 2.557500E+02  7.596033E+00  7.598142E+00
 2.560000E+02  7.576582E+00  7.578691E+00
 2.562500E+02  7.557121E+00  7.559231E+00
 2.565000E+02  7.537651E+00  7.539761E+00
 2.567500E+02  7.518172E+00  7.520281E+00
 2.570000E+02  7.498683E+00  7.500792E+00
 2.572500E+02  7.479184E+00  7.481294E+00
 2.575000E+02  7.459676E+00  7.461786E+00
 2.577500E+02  7.440159E+00  7.442268E+00
 2.580000E+02  7.420632E+00  7.422741E+00
 2.582500E+02  7.401095E+00  7.403205E+00
 2.585000E+02  7.381549E+00  7.383659E+00
 2.587500E+02  7.361993E+00  7.364103E+00
 2.590000E+02  7.342428E+00  7.344538E+00
 2.592500E+02  7.322854E+00  7.324964E+00
 2.595000E+02  7.303270E+00  7.305380E+00
 2.597500E+02  7.283677E+00  7.285787E+00
 2.600000E+02  7.264074E+00  7.266184E+00
 2.602500E+02  7.244462E+00  7.246572E+00
 2.605000E+02  7.224840E+00  7.226950E+00
 2.607500E+02  7.205209E+00  7.207319E+00
 2.610000E+02  7.185568E+00  7.187678E+00
 2.612500E+02  7.165918E+00  7.168028E+00
 2.615000E+02  7.146259E+00  7.148369E+00
 2.617500E+02  7.126590E+00  7.128700E+00
 2.620000E+02  7.106911E+00  7.109022E+00
 2.622500E+02  7.087224E+00  7.089334E+00
 2.625000E+02  7.067527E+00  7.069637E+00
 2.627500E+02  7.047820E+00  7.049931E+00
 2.630000E+02  7.028104E+00  7.030215E+00
 2.632500E+02  7.008379E+00  7.010490E+00
 2.635000E+02  6.988644E+00  6.990755E+00
 2.637500E+02  6.968900E+00  6.971011E+00
 2.640000E+02  6.949147E+00  6.951258E+00
 2.642500E+02  6.929384E+00  6.931495E+00
 2.645000E+02  6.909612E+00  6.911723E+00
 2.647500E+02  6.889831E+00  6.891942E+00
 2.650000E+02  6.870040E+00  6.872151E+00
 2.652500E+02  6.850240E+00  6.852351E+00
 2.655000E+02  6.830430E+00  6.832542E+00
 2.657500E+02  6.810612E+00  6.812723E+00
 2.660000E+02  6.790784E+00  6.792895E+00
 2.662500E+02  6.770946E+00  6.773057E+00
 2.665000E+02  6.751099E+00  6.753211E+00
 2.667500E+02  6.731243E+00  6.733355E+00
 2.670000E+02  6.711378E+00  6.713489E+00
 2.672500E+02  6.691503E+00  6.693615E+00
 2.675000E+02  6.671619E+00  6.673731E+00
 2.677500E+02  6.651726E+00  6.653838E+00
 2.680000E+02  6.631823E+00  6.633935E+00
 2.682500E+02  6.611911E+00  6.614023E+00
 2.685000E+02  6.591990E+00  6.594102E+00
 2.687500E+02  6.572060E+00  6.574172E+00
 2.690000E+02  6.552120E+00  6.554232E+00
 2.692500E+02  6.532171E+00  6.534283E+00
 2.695000E+02  6.512213E+00  6.514325E+00
 2.697500E+02  6.492246E+00  6.494358E+00
 2.700000E+02  6.472269E+00  6.474381E+00
 2.702500E+02  6.452283E+00  6.454395E+00
 2.705000E+02  6.432288E+00  6.434400E+00
 2.707500E+02  6.412283E+00  6.414396E+00
 2.710000E+02  6.392270E+00  6.394382E+00
 2.712500E+02  6.372247E+00  6.374359E+00
 2.715000E+02  6.352214E+00  6.354327E+00
 2.717500E+02  6.332173E+00  6.334286E+00
 2.720000E+02  6.312123E+00  6.314235E+00
 2.722500E+02  6.292063E+00  6.294175E+00
 2.725000E+02  6.271994E+00  6.274107E+00
 2.727500E+02  6.251916E+00  6.254028E+00
 2.730000E+02  6.231828E+00  6.233941E+00
 2.732500E+02  6.211732E+00  6.213844E+00
 2.735000E+02  6.191626E+00  6.193739E+00
 2.737500E+02  6.171511E+00  6.173624E+00
 2.740000E+02  6.151387E+00  6.153500E+00
 2.742500E+02  6.131253E+00  6.133367E+00
 2.745000E+02  6.111111E+00  6.113224E+00
 2.747500E+02  6.090959E+00  6.093072E+00
 2.750000E+02  6.070798E+00  6.072912E+00
 2.752500E+02  6.050628E+00  6.052742E+00
 2.755000E+02  6.030449E+00  6.032563E+00
 2.757500E+02  6.010261E+00  6.012374E+00
 2.760000E+02  5.990063E+00  5.992177E+00
 2.762500E+02  5.969857E+00  5.971970E+00
 2.765000E+02  5.949641E+00  5.951755E+00
 2.767500E+02  5.929416E+00  5.931530E+00
 2.770000E+02  5.909182E+00  5.911296E+00
 2.772500E+02  5.888939E+00  5.891053E+00
 2.775000E+02  5.868687E+00  5.870801E+00
 2.777500E+02  5.848426E+00  5.850539E+00
 2.780000E+02  5.828155E+00  5.830269E+00
 2.782500E+02  5.807875E+00  5.809989E+00
 2.785000E+02  5.787587E+00  5.789701E+00
 2.787500E+02  5.767289E+00  5.769403E+00
 2.790000E+02  5.746982E+00  5.749096E+00
 2.792500E+02  5.726666E+00  5.728780E+00
 2.795000E+02  5.706341E+00  5.708455E+00
 2.797500E+02  5.686007E+00  5.688121E+00
 2.800000E+02  5.665663E+00  5.667778E+00
 2.802500E+02  5.645311E+00  5.647425E+00
 2.805000E+02  5.624949E+00  5.627064E+00
 2.807500E+02  5.604579E+00  5.606694E+00
 2.810000E+02  5.584199E+00  5.586314E+00
 2.812500E+02  5.563811E+00  5.565925E+00
 2.815000E+02  5.543413E+00  5.545528E+00
 2.817500E+02  5.523006E+00  5.525121E+00
 2.820000E+02  5.502590E+00  5.504705E+00
 2.822500E+02  5.482165E+00  5.484280E+00
 2.825000E+02  5.461731E+00  5.463846E+00
 2.827500E+02  5.441288E+00  5.443403E+00
 2.830000E+02  5.420836E+00  5.422951E+00
 2.832500E+02  5.400375E+00  5.402490E+00
 2.835000E+02  5.379905E+00  5.382020E+00
 2.837500E+02  5.359426E+00  5.361541E+00
 2.840000E+02  5.338938E+00  5.341053E+00
 2.842500E+02  5.318440E+00  5.320556E+00
 2.845000E+02  5.297934E+00  5.300050E+00
 2.847500E+02  5.277419E+00  5.279534E+00
 2.850000E+02  5.256894E+00  5.259010E+00
 2.852500E+02  5.236361E+00  5.238477E+00
 2.855000E+02  5.215819E+00  5.217935E+00
 2.857500E+02  5.195267E+00  5.197383E+00
 2.860000E+02  5.174707E+00  5.176823E+00
 2.862500E+02  5.154138E+00  5.156254E+00
 2.865000E+02  5.133559E+00  5.135675E+00
 2.867500E+02  5.112972E+00  5.115088E+00
 2.870000E+02  5.092376E+00  5.094492E+00
 2.872500E+02  5.071770E+00  5.073886E+00
 2.875000E+02  5.051156E+00  5.053272E+00
 2.877500E+02  5.030533E+00  5.032649E+00
 2.880000E+02  5.009900E+00  5.012017E+00
 2.882500E+02  4.989259E+00  4.991375E+00
 2.885000E+02  4.968609E+00  4.970725E+00
 2.887500E+02  4.947950E+00  4.950066E+00
 2.890000E+02  4.927281E+00  4.929398E+00
 2.892500E+02  4.906604E+00  4.908721E+00
 2.895000E+02  4.885918E+00  4.888035E+00
 2.897500E+02  4.865223E+00  4.867340E+00
 2.900000E+02  4.844519E+00  4.846636E+00
 2.902500E+02  4.823806E+00  4.825923E+00
 2.905000E+02  4.803084E+00  4.805201E+00
 2.907500E+02  4.782353E+00  4.784470E+00
 2.910000E+02  4.761613E+00  4.763730E+00
 2.912500E+02  4.740864E+00  4.742981E+00
 2.915000E+02  4.720107E+00  4.722224E+00
 2.917500E+02  4.699340E+00  4.701457E+00
 2.920000E+02  4.678564E+00  4.680681E+00
 2.922500E+02  4.657780E+00  4.659897E+00
 2.925000E+02  4.636986E+00  4.639103E+00
 2.927500E+02  4.616184E+00  4.618301E+00
 2.930000E+02  4.595372E+00  4.597490E+00
 2.932500E+02  4.574552E+00  4.576669E+00
 2.935000E+02  4.553723E+00  4.555840E+00
 2.937500E+02  4.532884E+00  4.535002E+00
 2.940000E+02  4.512037E+00  4.514155E+00
 2.942500E+02  4.491181E+00  4.493299E+00
 2.945000E+02  4.470316E+00  4.472434E+00
 2.947500E+02  4.449442E+00  4.451560E+00
 2.950000E+02  4.428560E+00  4.430678E+00
 2.952500E+02  4.407668E+00  4.409786E+00
 2.955000E+02  4.386767E+00  4.388885E+00
 2.957500E+02  4.365858E+00  4.367976E+00
 2.960000E+02  4.344939E+00  4.347058E+00
 2.962500E+02  4.324012E+00  4.326130E+00
 2.965000E+02  4.303076E+00  4.305194E+00
 2.967500E+02  4.282131E+00  4.284249E+00
 2.970000E+02  4.261177E+00  4.263295E+00
 2.972500E+02  4.240214E+00  4.242332E+00
 2.975000E+02  4.219242E+00  4.221361E+00
 2.977500E+02  4.198262E+00  4.200380E+00
 2.980000E+02  4.177272E+00  4.179391E+00
 2.982500E+02  4.156273E+00  4.158392E+00
 2.985000E+02  4.135266E+00  4.137385E+00
 2.987500E+02  4.114250E+00  4.116369E+00
 2.990000E+02  4.093225E+00  4.095344E+00
 2.992500E+02  4.072191E+00  4.074310E+00
 2.995000E+02  4.051148E+00  4.053267E+00
 2.997500E+02  4.030096E+00  4.032215E+00
 3.000000E+02  4.009036E+00  4.011155E+00
 3.002500E+02  3.987966E+00  3.990085E+00
 3.005000E+02  3.966888E+00  3.969007E+00
 3.007500E+02  3.945800E+00  3.947920E+00
 3.010000E+02  3.924704E+00  3.926824E+00
 3.012500E+02  3.903599E+00  3.905719E+00
 3.015000E+02  3.882485E+00  3.884605E+00
 3.017500E+02  3.861363E+00  3.863482E+00
 3.020000E+02  3.840231E+00  3.842351E+00
 3.022500E+02  3.819091E+00  3.821210E+00
 3.025000E+02  3.797941E+00  3.800061E+00
 3.027500E+02  3.776783E+00  3.778903E+00
 3.030000E+02  3.755616E+00  3.757736E+00
 3.032500E+02  3.734440E+00  3.736560E+00
 3.035000E+02  3.713256E+00  3.715376E+00
 3.037500E+02  3.692062E+00  3.694182E+00
 3.040000E+02  3.670860E+00  3.672980E+00
 3.042500E+02  3.649648E+00  3.651768E+00
 3.045000E+02  3.628428E+00  3.630548E+00
 3.047500E+02  3.607199E+00  3.609319E+00
 3.050000E+02  3.585961E+00  3.588082E+00
 3.052500E+02  3.564715E+00  3.566835E+00
 3.055000E+02  3.543459E+00  3.545579E+00
 3.057500E+02  3.522195E+00  3.524315E+00
 3.060000E+02  3.500921E+00  3.503042E+00
 3.062500E+02  3.479639E+00  3.481760E+00
 3.065000E+02  3.458348E+00  3.460469E+00
 3.067500E+02  3.437049E+00  3.439169E+00
 3.070000E+02  3.415740E+00  3.417861E+00
 3.072500E+02  3.394423E+00  3.396543E+00
 3.075000E+02  3.373096E+00  3.375217E+00
 3.077500E+02  3.351761E+00  3.353882E+00
 3.080000E+02  3.330417E+00  3.332538E+00
 3.082500E+02  3.309064E+00  3.311185E+00
 3.085000E+02  3.287703E+00  3.289824E+00
 3.087500E+02  3.266332E+00  3.268453E+00
 3.090000E+02  3.244953E+00  3.247074E+00
 3.092500E+02  3.223565E+00  3.225686E+00
 3.095000E+02  3.202168E+00  3.204289E+00
 3.097500E+02  3.180762E+00  3.182883E+00
 3.100000E+02  3.159347E+00  3.161469E+00
 3.102500E+02  3.137924E+00  3.140045E+00
 3.105000E+02  3.116491E+00  3.118613E+00
 3.107500E+02  3.095050E+00  3.097172E+00
 3.110000E+02  3.073600E+00  3.075722E+00
 3.112500E+02  3.052141E+00  3.054263E+00
 3.115000E+02  3.030674E+00  3.032796E+00
 3.117500E+02  3.009197E+00  3.011319E+00
 3.120000E+02  2.987712E+00  2.989834E+00
 3.122500E+02  2.966218E+00  2.968340E+00
 3.125000E+02  2.944715E+00  2.946837E+00
 3.127500E+02  2.923203E+00  2.925325E+00
 3.130000E+02  2.901682E+00  2.903805E+00
 3.132500E+02  2.880153E+00  2.882275E+00
 3.135000E+02  2.858615E+00  2.860737E+00
 3.137500E+02  2.837068E+00  2.839190E+00
 3.140000E+02  2.815512E+00  2.817634E+00
 3.142500E+02  2.793947E+00  2.796069E+00
 3.145000E+02  2.772373E+00  2.774496E+00
 3.147500E+02  2.750791E+00  2.752913E+00
 3.150000E+02  2.729199E+00  2.731322E+00
 3.152500E+02  2.707599E+00  2.709722E+00
 3.155000E+02  2.685990E+00  2.688113E+00
 3.157500E+02  2.664373E+00  2.666496E+00
 3.160000E+02  2.642746E+00  2.644869E+00
 3.162500E+02  2.621111E+00  2.623234E+00
 3.165000E+02  2.599466E+00  2.601589E+00
 3.167500E+02  2.577813E+00  2.579936E+00
 3.170000E+02  2.556151E+00  2.558275E+00
 3.172500E+02  2.534481E+00  2.536604E+00
 3.175000E+02  2.512801E+00  2.514924E+00
 3.177500E+02  2.491113E+00  2.493236E+00
 3.180000E+02  2.469415E+00  2.471539E+00
 3.182500E+02  2.447709E+00  2.449833E+00
 3.185000E+02  2.425994E+00  2.428118E+00
 3.187500E+02  2.404271E+00  2.406394E+00
 3.190000E+02  2.382538E+00  2.384662E+00
 3.192500E+02  2.360797E+00  2.362920E+00
 3.195000E+02  2.339046E+00  2.341170E+00
 3.197500E+02  2.317287E+00  2.319411E+00
 3.200000E+02  2.295519E+00  2.297643E+00
 3.202500E+02  2.273742E+00  2.275867E+00
 3.205000E+02  2.251957E+00  2.254081E+00
 3.207500E+02  2.230162E+00  2.232287E+00
 3.210000E+02  2.208359E+00  2.210483E+00
 3.212500E+02  2.186547E+00  2.188671E+00
 3.215000E+02  2.164726E+00  2.166850E+00
 3.217500E+02  2.142896E+00  2.145021E+00
 3.220000E+02  2.121058E+00  2.123182E+00
 3.222500E+02  2.099210E+00  2.101335E+00
 3.225000E+02  2.077354E+00  2.079478E+00
 3.227500E+02  2.055489E+00  2.057613E+00
 3.230000E+02  2.033614E+00  2.035739E+00
 3.232500E+02  2.011732E+00  2.013856E+00
 3.235000E+02  1.989840E+00  1.991965E+00
 3.237500E+02  1.967939E+00  1.970064E+00
 3.240000E+02  1.946030E+00  1.948155E+00
 3.242500E+02  1.924112E+00  1.926237E+00
 3.245000E+02  1.902184E+00  1.904309E+00
 3.247500E+02  1.880248E+00  1.882374E+00
 3.250000E+02  1.858303E+00  1.860429E+00
 3.252500E+02  1.836350E+00  1.838475E+00
 3.255000E+02  1.814387E+00  1.816513E+00
 3.257500E+02  1.792416E+00  1.794541E+00
 3.260000E+02  1.770435E+00  1.772561E+00
 3.262500E+02  1.748446E+00  1.750572E+00
 3.265000E+02  1.726448E+00  1.728574E+00
 3.267500E+02  1.704441E+00  1.706567E+00
 3.270000E+02  1.682426E+00  1.684551E+00
 3.272500E+02  1.660401E+00  1.662527E+00
 3.275000E+02  1.638367E+00  1.640493E+00
 3.277500E+02  1.616325E+00  1.618451E+00
 3.280000E+02  1.594274E+00  1.596400E+00
 3.282500E+02  1.572214E+00  1.574340E+00
 3.285000E+02  1.550145E+00  1.552271E+00
 3.287500E+02  1.528067E+00  1.530193E+00
 3.290000E+02  1.505980E+00  1.508106E+00
 3.292500E+02  1.483884E+00  1.486011E+00
 3.295000E+02  1.461780E+00  1.463906E+00
 3.297500E+02  1.439666E+00  1.441793E+00
 3.300000E+02  1.417544E+00  1.419671E+00
 3.302500E+02  1.395413E+00  1.397539E+00
 3.305000E+02  1.373273E+00  1.375399E+00
 3.307500E+02  1.351124E+00  1.353250E+00
 3.310000E+02  1.328966E+00  1.331093E+00
 3.312500E+02  1.306799E+00  1.308926E+00
 3.315000E+02  1.284623E+00  1.286750E+00
 3.317500E+02  1.262439E+00  1.264566E+00
 3.320000E+02  1.240245E+00  1.242372E+00
 3.322500E+02  1.218043E+00  1.220170E+00
 3.325000E+02  1.195831E+00  1.197959E+00
 3.327500E+02  1.173611E+00  1.175738E+00
 3.330000E+02  1.151382E+00  1.153509E+00
 3.332500E+02  1.129144E+00  1.131271E+00
 3.335000E+02  1.106897E+00  1.109024E+00
 3.337500E+02  1.084641E+00  1.086769E+00
 3.340000E+02  1.062376E+00  1.064504E+00
 3.342500E+02  1.040102E+00  1.042230E+00
 3.345000E+02  1.017820E+00  1.019948E+00
 3.347500E+02  9.955281E-01  9.976560E-01
 3.350000E+02  9.732276E-01  9.753555E-01
 3.352500E+02  9.509181E-01  9.530460E-01
 3.355000E+02  9.285996E-01  9.307277E-01
 3.357500E+02  9.062722E-01  9.084004E-01
 3.360000E+02  8.839359E-01  8.860641E-01
 3.362500E+02  8.615907E-01  8.637189E-01
 3.365000E+02  8.392364E-01  8.413648E-01
 3.367500E+02  8.168733E-01  8.190017E-01
 3.370000E+02  7.945011E-01  7.966296E-01
 3.372500E+02  7.721200E-01  7.742486E-01
 3.375000E+02  7.497300E-01  7.518586E-01
 3.377500E+02  7.273310E-01  7.294597E-01
 3.380000E+02  7.049230E-01  7.070517E-01
 3.382500E+02  6.825060E-01  6.846349E-01
 3.385000E+02  6.600801E-01  6.622090E-01
 3.387500E+02  6.376452E-01  6.397742E-01
 3.390000E+02  6.152013E-01  6.173304E-01
 3.392500E+02  5.927485E-01  5.948776E-01
 3.395000E+02  5.702866E-01  5.724158E-01
 3.397500E+02  5.478158E-01  5.499450E-01
 3.400000E+02  5.253359E-01  5.274652E-01
 3.402500E+02  5.028471E-01  5.049765E-01
 3.405000E+02  4.803493E-01  4.824787E-01
 3.407500E+02  4.578424E-01  4.599719E-01
 3.410000E+02  4.353266E-01  4.374562E-01
 3.412500E+02  4.128017E-01  4.149314E-01
 3.415000E+02  3.902679E-01  3.923976E-01
 3.417500E+02  3.677250E-01  3.698548E-01
 3.420000E+02  3.451731E-01  3.473030E-01
 3.422500E+02  3.226122E-01  3.247421E-01
 3.425000E+02  3.000422E-01  3.021722E-01
 3.427500E+02  2.774632E-01  2.795933E-01
 3.430000E+02  2.548752E-01  2.570053E-01
 3.432500E+02  2.322781E-01  2.344084E-01
 3.435000E+02  2.096720E-01  2.118023E-01
 3.437500E+02  1.870569E-01  1.891873E-01
 3.440000E+02  1.644327E-01  1.665631E-01
 3.442500E+02  1.417994E-01  1.439299E-01
 3.445000E+02  1.191571E-01  1.212877E-01
 3.447500E+02  9.650576E-02  9.863641E-02
 3.450000E+02  7.384532E-02  7.597605E-02
 3.452500E+02  5.117581E-02  5.330661E-02
 3.455000E+02  2.849723E-02  3.062810E-02
 3.457500E+02  5.809572E-03  7.940517E-03
 3.460000E+02 -1.688717E-02 -1.475615E-02
 3.462500E+02 -3.959300E-02 -3.746191E-02
 3.465000E+02 -6.230791E-02 -6.017675E-02
 3.467500E+02 -8.503193E-02 -8.290069E-02
 3.470000E+02 -1.077650E-01 -1.056337E-01
 3.472500E+02 -1.305073E-01 -1.283759E-01
 3.475000E+02 -1.532586E-01 -1.511271E-01
 3.477500E+02 -1.760190E-01 -1.738875E-01
 3.480000E+02 -1.987886E-01 -1.966570E-01
 3.482500E+02 -2.215672E-01 -2.194356E-01
 3.485000E+02 -2.443550E-01 -2.422233E-01
 3.487500E+02 -2.671520E-01 -2.650201E-01
 3.490000E+02 -2.899580E-01 -2.878261E-01
 3.492500E+02 -3.127732E-01 -3.106412E-01
 3.495000E+02 -3.355976E-01 -3.334655E-01
 3.497500E+02 -3.584311E-01 -3.562989E-01
 3.500000E+02 -3.812737E-01 -3.791415E-01
 3.502500E+02 -4.041255E-01 -4.019932E-01
 3.505000E+02 -4.269865E-01 -4.248541E-01
 3.507500E+02 -4.498566E-01 -4.477242E-01
 3.510000E+02 -4.727359E-01 -4.706034E-01
 3.512500E+02 -4.956244E-01 -4.934918E-01
 3.515000E+02 -5.185221E-01 -5.163894E-01
 3.517500E+02 -5.414289E-01 -5.392962E-01
 3.520000E+02 -5.643450E-01 -5.622122E-01
 3.522500E+02 -5.872702E-01 -5.851374E-01
 3.525000E+02 -6.102047E-01 -6.080717E-01
 3.527500E+02 -6.331484E-01 -6.310153E-01
 3.530000E+02 -6.561012E-01 -6.539681E-01
 3.532500E+02 -6.790633E-01 -6.769301E-01
 3.535000E+02 -7.020346E-01 -6.999014E-01
 3.537500E+02 -7.250152E-01 -7.228818E-01
 3.540000E+02 -7.480049E-01 -7.458715E-01
 3.542500E+02 -7.710040E-01 -7.688705E-01
 3.545000E+02 -7.940122E-01 -7.918787E-01
 3.547500E+02 -8.170297E-01 -8.148961E-01
 3.550000E+02 -8.400565E-01 -8.379228E-01
 3.552500E+02 -8.630925E-01 -8.609587E-01
 3.555000E+02 -8.861378E-01 -8.840040E-01
 3.557500E+02 -9.091924E-01 -9.070585E-01
 3.560000E+02 -9.322563E-01 -9.301222E-01
 3.562500E+02 -9.553294E-01 -9.531953E-01
 3.565000E+02 -9.784118E-01 -9.762776E-01
 3.567500E+02 -1.001504E+00 -9.993693E-01
 3.570000E+02 -1.024605E+00 -1.022470E+00
 3.572500E+02 -1.047715E+00 -1.045580E+00
 3.575000E+02 -1.070835E+00 -1.068700E+00
 3.577500E+02 -1.093964E+00 -1.091829E+00
 3.580000E+02 -1.117102E+00 -1.114967E+00
 3.582500E+02 -1.140249E+00 -1.138115E+00
 3.585000E+02 -1.163406E+00 -1.161272E+00
 3.587500E+02 -1.186573E+00 -1.184438E+00
 3.590000E+02 -1.209748E+00 -1.207613E+00
 3.592500E+02 -1.232933E+00 -1.230798E+00
 3.595000E+02 -1.256128E+00 -1.253993E+00
 3.597500E+02 -1.279332E+00 -1.277196E+00
 3.600000E+02 -1.302545E+00 -1.300409E+00
 3.602500E+02 -1.325767E+00 -1.323632E+00
 3.605000E+02 -1.348999E+00 -1.346864E+00
 3.607500E+02 -1.372240E+00 -1.370105E+00
 3.610000E+02 -1.395491E+00 -1.393355E+00
 3.612500E+02 -1.418751E+00 -1.416615E+00
 3.615000E+02 -1.442021E+00 -1.439885E+00
 3.617500E+02 -1.465300E+00 -1.463164E+00
 3.620000E+02 -1.488588E+00 -1.486452E+00
 3.622500E+02 -1.511886E+00 -1.509750E+00
 3.625000E+02 -1.535193E+00 -1.533057E+00
 3.627500E+02 -1.558510E+00 -1.556373E+00
 3.630000E+02 -1.581836E+00 -1.579699E+00
 3.632500E+02 -1.605171E+00 -1.603035E+00
 3.635000E+02 -1.628516E+00 -1.626380E+00
 3.637500E+02 -1.651871E+00 -1.649734E+00
 3.640000E+02 -1.675235E+00 -1.673098E+00
 3.642500E+02 -1.698609E+00 -1.696472E+00
 3.645000E+02 -1.721992E+00 -1.719855E+00
 3.647500E+02 -1.745384E+00 -1.743247E+00
 3.650000E+02 -1.768786E+00 -1.766649E+00
 3.652500E+02 -1.792198E+00 -1.790061E+00
 3.655000E+02 -1.815619E+00 -1.813482E+00
 3.657500E+02 -1.839049E+00 -1.836912E+00
 3.660000E+02 -1.862490E+00 -1.860352E+00
 3.662500E+02 -1.885939E+00 -1.883802E+00
 3.665000E+02 -1.909399E+00 -1.907261E+00
 3.667500E+02 -1.932867E+00 -1.930730E+00
 3.670000E+02 -1.956346E+00 -1.954208E+00
 3.672500E+02 -1.979834E+00 -1.977696E+00
 3.675000E+02 -2.003331E+00 -2.001193E+00
 3.677500E+02 -2.026838E+00 -2.024701E+00
 3.680000E+02 -2.050355E+00 -2.048217E+00
 3.682500E+02 -2.073882E+00 -2.071744E+00
 3.685000E+02 -2.097418E+00 -2.095279E+00
 3.687500E+02 -2.120963E+00 -2.118825E+00
 3.690000E+02 -2.144518E+00 -2.142380E+00
 3.692500E+02 -2.168083E+00 -2.165945E+00
 3.695000E+02 -2.191658E+00 -2.189519E+00
 3.697500E+02 -2.215242E+00 -2.213103E+00
 3.700000E+02 -2.238836E+00 -2.236697E+00
 3.702500E+02 -2.262440E+00 -2.260301E+00
 3.705000E+02 -2.286053E+00 -2.283914E+00
 3.707500E+02 -2.309676E+00 -2.307537E+00
 3.710000E+02 -2.333308E+00 -2.331169E+00
 3.712500E+02 -2.356951E+00 -2.354811E+00
 3.715000E+02 -2.380603E+00 -2.378463E+00
 3.717500E+02 -2.404264E+00 -2.402125E+00
 3.720000E+02 -2.427936E+00 -2.425796E+00
 3.722500E+02 -2.451617E+00 -2.449478E+00
 3.725000E+02 -2.475308E+00 -2.473169E+00
 3.727500E+02 -2.499009E+00 -2.496869E+00
 3.730000E+02 -2.522719E+00 -2.520580E+00
 3.732500E+02 -2.546440E+00 -2.544300E+00
 3.735000E+02 -2.570170E+00 -2.568030E+00
 3.737500E+02 -2.593910E+00 -2.591770E+00
 3.740000E+02 -2.617659E+00 -2.615519E+00
 3.742500E+02 -2.641419E+00 -2.639279E+00
 3.745000E+02 -2.665188E+00 -2.663048E+00
 3.747500E+02 -2.688967E+00 -2.686827E+00
 3.750000E+02 -2.712756E+00 -2.710616E+00
 3.752500E+02 -2.736555E+00 -2.734414E+00
 3.755000E+02 -2.760364E+00 -2.758223E+00
 3.757500E+02 -2.784182E+00 -2.782042E+00
 3.760000E+02 -2.808011E+00 -2.805870E+00
 3.762500E+02 -2.831849E+00 -2.829708E+00
 3.765000E+02 -2.855697E+00 -2.853556E+00
 3.767500E+02 -2.879555E+00 -2.877414E+00
 3.770000E+02 -2.903423E+00 -2.901282E+00
 3.772500E+02 -2.927301E+00 -2.925160E+00
 3.775000E+02 -2.951189E+00 -2.949048E+00
 3.777500E+02 -2.975087E+00 -2.972946E+00
 3.780000E+02 -2.998995E+00 -2.996853E+00
 3.782500E+02 -3.022913E+00 -3.020771E+00
 3.785000E+02 -3.046840E+00 -3.044699E+00
 3.787500E+02 -3.070778E+00 -3.068636E+00
 3.790000E+02 -3.094726E+00 -3.092584E+00
 3.792500E+02 -3.118684E+00 -3.116541E+00
 3.795000E+02 -3.142651E+00 -3.140509E+00
 3.797500E+02 -3.166629E+00 -3.164487E+00
 3.800000E+02 -3.190617E+00 -3.188474E+00
 3.802500E+02 -3.214615E+00 -3.212472E+00
 3.805000E+02 -3.238622E+00 -3.236480E+00
 3.807500E+02 -3.262640E+00 -3.260498E+00
 3.810000E+02 -3.286668E+00 -3.284526E+00
 3.812500E+02 -3.310706E+00 -3.308564E+00
 3.815000E+02 -3.334755E+00 -3.332612E+00
 3.817500E+02 -3.358813E+00 -3.356670E+00
 3.820000E+02 -3.382881E+00 -3.380738E+00
 3.822500E+02 -3.406960E+00 -3.404817E+00
 3.825000E+02 -3.431049E+00 -3.428905E+00
 3.827500E+02 -3.455147E+00 -3.453004E+00
 3.830000E+02 -3.479256E+00 -3.477113E+00
 3.832500E+02 -3.503376E+00 -3.501232E+00
 3.835000E+02 -3.527505E+00 -3.525361E+00
 3.837500E+02 -3.551644E+00 -3.549501E+00
 3.840000E+02 -3.575794E+00 -3.573650E+00
 3.842500E+02 -3.599954E+00 -3.597810E+00
 3.845000E+02 -3.624124E+00 -3.621980E+00
 3.847500E+02 -3.648305E+00 -3.646160E+00
 3.850000E+02 -3.672495E+00 -3.670351E+00
 3.852500E+02 -3.696696E+00 -3.694552E+00
 3.855000E+02 -3.720907E+00 -3.718763E+00
 3.857500E+02 -3.745129E+00 -3.742984E+00
 3.860000E+02 -3.769361E+00 -3.767216E+00
 3.862500E+02 -3.793603E+00 -3.791458E+00
 3.865000E+02 -3.817855E+00 -3.815710E+00
 3.867500E+02 -3.842118E+00 -3.839973E+00
 3.870000E+02 -3.866391E+00 -3.864246E+00
 3.872500E+02 -3.890674E+00 -3.888529E+00
 3.875000E+02 -3.914968E+00 -3.912823E+00
 3.877500E+02 -3.939272E+00 -3.937127E+00
 3.880000E+02 -7.178408E+00 -3.966786E+00
 3.882500E+02 -7.232304E+00 -4.018590E+00
 3.885000E+02 -7.286206E+00 -4.070400E+00
 3.887500E+02 -7.340113E+00 -4.122217E+00
 3.890000E+02 -7.394027E+00 -4.174040E+00
 3.892500E+02 -7.447948E+00 -4.225868E+00
 3.895000E+02 -7.501874E+00 -4.277703E+00
 3.897500E+02 -7.555806E+00 -4.329545E+00
 3.900000E+02 -7.609745E+00 -4.381392E+00
 3.902500E+02 -7.663689E+00 -4.433245E+00
 3.905000E+02 -7.717640E+00 -4.485105E+00
 3.907500E+02 -7.771597E+00 -4.536971E+00
 3.910000E+02 -7.825560E+00 -4.588843E+00
 3.912500E+02 -7.879529E+00 -4.640721E+00
 3.915000E+02 -7.933504E+00 -4.692605E+00
 3.917500E+02 -7.987485E+00 -4.744495E+00
 3.920000E+02 -8.041473E+00 -4.796391E+00
 3.922500E+02 -8.095466E+00 -4.848294E+00
 3.925000E+02 -8.149466E+00 -4.900202E+00
 3.927500E+02 -8.203471E+00 -4.952117E+00
 3.930000E+02 -8.257483E+00 -5.004038E+00
 3.932500E+02 -8.311501E+00 -5.055965E+00
 3.935000E+02 -8.365525E+00 -5.107898E+00
 3.937500E+02 -8.419555E+00 -5.159837E+00
 3.940000E+02 -8.473591E+00 -5.211782E+00
 3.942500E+02 -8.527633E+00 -5.263733E+00
 3.945000E+02 -8.581681E+00 -5.315691E+00
 3.947500E+02 -8.635735E+00 -5.367654E+00
 3.950000E+02 -8.689795E+00 -5.419624E+00
 3.952500E+02 -8.743862E+00 -5.471599E+00
 3.955000E+02 -8.797934E+00 -5.523581E+00
 3.957500E+02 -8.852012E+00 -5.575569E+00
 3.960000E+02 -8.906097E+00 -5.627562E+00
 3.962500E+02 -8.960187E+00 -5.679562E+00
 3.965000E+02 -9.014284E+00 -5.731568E+00
 3.967500E+02 -9.068386E+00 -5.783580E+00
 3.970000E+02 -9.122495E+00 -5.835598E+00
 3.972500E+02 -9.176610E+00 -5.887622E+00
 3.975000E+02 -9.230730E+00 -5.939652E+00
 3.977500E+02 -9.284857E+00 -5.991689E+00
 3.980000E+02 -9.338990E+00 -6.043731E+00
 3.982500E+02 -9.393128E+00 -6.095779E+00
 3.985000E+02 -9.447273E+00 -6.147834E+00
 3.987500E+02 -9.501424E+00 -6.199894E+00
 3.990000E+02 -9.555581E+00 -6.251960E+00
 3.992500E+02 -9.609743E+00 -6.304033E+00
 3.995000E+02 -9.663912E+00 -6.356111E+00
 3.997500E+02 -9.718087E+00 -6.408196E+00
 4.000000E+02 -9.772267E+00 -6.460286E+00
 4.002500E+02 -9.826454E+00 -6.512382E+00
 4.005000E+02 -9.880647E+00 -6.564485E+00
 4.007500E+02 -9.934846E+00 -6.616593E+00
 4.010000E+02 -9.989050E+00 -6.668708E+00
 4.012500E+02 -1.004326E+01 -6.720828E+00
 4.015000E+02 -1.009748E+01 -6.772955E+00
 4.017500E+02 -1.015170E+01 -6.825087E+00
 4.020000E+02 -1.020593E+01 -6.877226E+00
 4.022500E+02 -1.026016E+01 -6.929370E+00
 4.025000E+02 -1.031440E+01 -6.981521E+00
 4.027500E+02 -1.036865E+01 -7.033677E+00
 4.030000E+02 -1.042290E+01 -7.085840E+00
 4.032500E+02 -1.047716E+01 -7.138008E+00
 4.035000E+02 -1.053143E+01 -7.190182E+00
 4.037500E+02 -1.058570E+01 -7.242363E+00
 4.040000E+02 -1.063997E+01 -7.294549E+00
 4.042500E+02 -1.069425E+01 -7.346741E+00
 4.045000E+02 -1.074854E+01 -7.398940E+00
 4.047500E+02 -1.080284E+01 -7.451144E+00
 4.050000E+02 -1.085714E+01 -7.503354E+00
 4.052500E+02 -1.091144E+01 -7.555570E+00
 4.055000E+02 -1.096575E+01 -7.607792E+00
 4.057500E+02 -1.102007E+01 -7.660020E+00
 4.060000E+02 -1.107440E+01 -7.712254E+00
 4.062500E+02 -1.112873E+01 -7.764494E+00
 4.065000E+02 -1.118306E+01 -7.816740E+00
 4.067500E+02 -1.123740E+01 -7.868992E+00
 4.070000E+02 -1.129175E+01 -7.921249E+00
 4.072500E+02 -1.134610E+01 -7.973513E+00
 4.075000E+02 -1.140046E+01 -8.025782E+00
 4.077500E+02 -1.145483E+01 -8.078058E+00
 4.080000E+02 -1.150920E+01 -8.130339E+00
 4.082500E+02 -1.156358E+01 -8.182626E+00
 4.085000E+02 -1.161796E+01 -8.234920E+00
 4.087500E+02 -1.167235E+01 -8.287219E+00
 4.090000E+02 -1.172674E+01 -8.339524E+00
 4.092500E+02 -1.178114E+01 -8.391835E+00
 4.095000E+02 -1.183555E+01 -8.444152E+00
 4.097500E+02 -1.188996E+01 -8.496474E+00
 4.100000E+02 -1.194438E+01 -8.548803E+00
 4.102500E+02 -1.199880E+01 -8.601137E+00
 4.105000E+02 -1.205323E+01 -8.653478E+00
 4.107500E+02 -1.210767E+01 -8.705824E+00
 4.110000E+02 -1.216211E+01 -8.758176E+00
 4.112500E+02 -1.221656E+01 -8.810534E+00
 4.115000E+02 -1.227101E+01 -8.862898E+00
 4.117500E+02 -1.232547E+01 -8.915268E+00
 4.120000E+02 -1.237993E+01 -8.967644E+00
 4.122500E+02 -1.243441E+01 -9.020025E+00
 4.125000E+02 -1.248888E+01 -9.072413E+00
 4.127500E+02 -1.254336E+01 -9.124806E+00
 4.130000E+02 -1.259785E+01 -9.177205E+00
 4.132500E+02 -1.265235E+01 -9.229610E+00
 4.135000E+02 -1.270685E+01 -9.282021E+00
 4.137500E+02 -1.276135E+01 -9.334438E+00
 4.140000E+02 -1.281586E+01 -9.386860E+00
 4.142500E+02 -1.287038E+01 -9.439289E+00
 4.145000E+02 -1.292491E+01 -9.491723E+00
 4.147500E+02 -1.297943E+01 -9.544163E+00
 4.150000E+02 -1.303397E+01 -9.596609E+00
 4.152500E+02 -1.308851E+01 -9.649061E+00
 4.155000E+02 -1.314306E+01 -9.701518E+00
 4.157500E+02 -1.319761E+01 -9.753982E+00
 4.160000E+02 -1.325217E+01 -9.806451E+00
 4.162500E+02 -1.330673E+01 -9.858926E+00
 4.165000E+02 -1.336130E+01 -9.911407E+00
 4.167500E+02 -1.341588E+01 -9.963893E+00
 4.170000E+02 -1.347046E+01 -1.001639E+01
 4.172500E+02 -1.352505E+01 -1.006888E+01
 4.175000E+02 -1.357964E+01 -1.012139E+01
 4.177500E+02 -1.363424E+01 -1.017390E+01
 4.180000E+02 -1.368884E+01 -1.022641E+01
 4.182500E+02 -1.374345E+01 -1.027894E+01
 4.185000E+02 -1.379807E+01 -1.033146E+01
 4.187500E+02 -1.385269E+01 -1.038400E+01
 4.190000E+02 -1.390732E+01 -1.043653E+01
 4.192500E+02 -1.396195E+01 -1.048908E+01
 4.195000E+02 -1.401659E+01 -1.054163E+01
 4.197500E+02 -1.407124E+01 -1.059419E+01
 4.200000E+02 -1.412589E+01 -1.064675E+01
 4.202500E+02 -1.418054E+01 -1.069932E+01
 4.205000E+02 -1.423521E+01 -1.075189E+01
 4.207500E+02 -1.428987E+01 -1.080447E+01
 4.210000E+02 -1.434455E+01 -1.085705E+01
 4.212500E+02 -1.439923E+01 -1.090965E+01
 4.215000E+02 -1.445391E+01 -1.096224E+01
 4.217500E+02 -1.450860E+01 -1.101484E+01
 4.220000E+02 -1.456330E+01 -1.106745E+01
 4.222500E+02 -1.461800E+01 -1.112007E+01
 4.225000E+02 -1.467271E+01 -1.117269E+01
 4.227500E+02 -1.472743E+01 -1.122531E+01
 4.230000E+02 -1.478215E+01 -1.127794E+01
 4.232500E+02 -1.483687E+01 -1.133058E+01
 4.235000E+02 -1.489160E+01 -1.138322E+01
 4.237500E+02 -1.494634E+01 -1.143587E+01
 4.240000E+02 -1.500108E+01 -1.148852E+01
 4.242500E+02 -1.505583E+01 -1.154118E+01
 4.245000E+02 -1.511058E+01 -1.159385E+01
 4.247500E+02 -1.516534E+01 -1.164652E+01
 4.250000E+02 -1.522011E+01 -1.169920E+01
 4.252500E+02 -1.527488E+01 -1.175188E+01
 4.255000E+02 -1.532966E+01 -1.180457E+01
 4.257500E+02 -1.538444E+01 -1.185726E+01
 4.260000E+02 -1.543923E+01 -1.190996E+01
 4.262500E+02 -1.549402E+01 -1.196267E+01
 4.265000E+02 -1.554882E+01 -1.201538E+01
 4.267500E+02 -1.560363E+01 -1.206810E+01
 4.270000E+02 -1.565844E+01 -1.212082E+01
 4.272500E+02 -1.571325E+01 -1.217355E+01
 4.275000E+02 -1.576808E+01 -1.222628E+01
 4.277500E+02 -1.582291E+01 -1.227902E+01
 4.280000E+02 -1.587774E+01 -1.233177E+01
 4.282500E+02 -1.593258E+01 -1.238452E+01
 4.285000E+02 -1.598742E+01 -1.243728E+01
 4.287500E+02 -1.604227E+01 -1.249004E+01
 4.290000E+02 -1.609713E+01 -1.254281E+01
 4.292500E+02 -1.615199E+01 -1.259558E+01
 4.295000E+02 -1.620686E+01 -1.264836E+01
 4.297500E+02 -1.626173E+01 -1.270115E+01
 4.300000E+02 -1.631661E+01 -1.275394E+01
 4.302500E+02 -1.637150E+01 -1.280673E+01
 4.305000E+02 -1.642639E+01 -1.285954E+01
 4.307500E+02 -1.648128E+01 -1.291234E+01
 4.310000E+02 -1.653619E+01 -1.296516E+01
 4.312500E+02 -1.659109E+01 -1.301798E+01
 4.315000E+02 -1.664601E+01 -1.307080E+01
 4.317500E+02 -1.670092E+01 -1.312363E+01
 4.320000E+02 -1.675585E+01 -1.317647E+01
 4.322500E+02 -1.681078E+01 -1.322931E+01
 4.325000E+02 -1.686571E+01 -1.328216E+01
 4.327500E+02 -1.692066E+01 -1.333501E+01
 4.330000E+02 -1.697560E+01 -1.338787E+01
 4.332500E+02 -1.703055E+01 -1.344073E+01
 4.335000E+02 -1.708551E+01 -1.349360E+01
 4.337500E+02 -1.714048E+01 -1.354648E+01
 4.340000E+02 -1.719545E+01 -1.359936E+01
 4.342500E+02 -1.725042E+01 -1.365225E+01
 4.345000E+02 -1.730540E+01 -1.370514E+01
 4.347500E+02 -1.736039E+01 -1.375804E+01
 4.350000E+02 -1.741538E+01 -1.381094E+01
 4.352500E+02 -1.747038E+01 -1.386385E+01
 4.355000E+02 -1.752538E+01 -1.391677E+01
 4.357500E+02 -1.758039E+01 -1.396969E+01
 4.360000E+02 -1.763540E+01 -1.402261E+01
 4.362500E+02 -1.769042E+01 -1.407555E+01
 4.365000E+02 -1.774545E+01 -1.412848E+01
 4.367500E+02 -1.780048E+01 -1.418143E+01
 4.370000E+02 -1.785551E+01 -1.423438E+01
 4.372500E+02 -1.791055E+01 -1.428733E+01
 4.375000E+02 -1.796560E+01 -1.434029E+01
 4.377500E+02 -1.802065E+01 -1.439326E+01
 4.380000E+02 -1.807571E+01 -1.444623E+01
 4.382500E+02 -1.813078E+01 -1.449920E+01
 4.385000E+02 -1.818585E+01 -1.455218E+01
 4.387500E+02 -1.824092E+01 -1.460517E+01
 4.390000E+02 -1.829600E+01 -1.465817E+01
 4.392500E+02 -1.835109E+01 -1.471116E+01
 4.395000E+02 -1.840618E+01 -1.476417E+01
 4.397500E+02 -1.846128E+01 -1.481718E+01
 4.400000E+02 -1.851638E+01 -1.487019E+01
 4.402500E+02 -1.857149E+01 -1.492322E+01
 4.405000E+02 -1.862661E+01 -1.497624E+01
 4.407500E+02 -1.868173E+01 -1.502928E+01
 4.410000E+02 -1.873685E+01 -1.508231E+01
 4.412500E+02 -1.879198E+01 -1.513536E+01
 4.415000E+02 -1.884712E+01 -1.518841E+01
 4.417500E+02 -1.890226E+01 -1.524146E+01
 4.420000E+02 -1.895741E+01 -1.529452E+01
 4.422500E+02 -1.901256E+01 -1.534759E+01
 4.425000E+02 -1.906772E+01 -1.540066E+01
 4.427500E+02 -1.912288E+01 -1.545373E+01
 4.430000E+02 -1.917805E+01 -1.550682E+01
 4.432500E+02 -1.923323E+01 -1.555990E+01
 4.435000E+02 -1.928841E+01 -1.561300E+01
 4.437500E+02 -1.934359E+01 -1.566610E+01
 4.440000E+02 -1.939879E+01 -1.571920E+01
 4.442500E+02 -1.945398E+01 -1.577231E+01
 4.445000E+02 -1.950919E+01 -1.582542E+01
 4.447500E+02 -1.956439E+01 -1.587855E+01
 4.450000E+02 -1.961961E+01 -1.593167E+01
 4.452500E+02 -1.967483E+01 -1.598480E+01
 4.455000E+02 -1.973005E+01 -1.603794E+01
 4.457500E+02 -1.978528E+01 -1.609108E+01
 4.460000E+02 -1.984052E+01 -1.614423E+01
 4.462500E+02 -1.989576E+01 -1.619739E+01
 4.465000E+02 -1.995101E+01 -1.625055E+01
 4.467500E+02 -2.000626E+01 -1.630371E+01
 4.470000E+02 -2.006151E+01 -1.635688E+01
 4.472500E+02 -2.011678E+01 -1.641006E+01
 4.475000E+02 -2.017205E+01 -1.646324E+01
 4.477500E+02 -2.022732E+01 -1.651643E+01
 4.480000E+02 -2.028260E+01 -1.656962E+01
 4.482500E+02 -2.033788E+01 -1.662282E+01
 4.485000E+02 -2.039318E+01 -1.667602E+01
 4.487500E+02 -2.044847E+01 -1.672923E+01
 4.490000E+02 -2.050377E+01 -1.678244E+01
 4.492500E+02 -2.055908E+01 -1.683566E+01
 4.495000E+02 -2.061439E+01 -1.688889E+01
 4.497500E+02 -2.066971E+01 -1.694212E+01
 4.500000E+02 -2.072503E+01 -1.699535E+01
 4.502500E+02 -2.078036E+01 -1.704860E+01
 4.505000E+02 -2.083570E+01 -1.710184E+01
 4.507500E+02 -2.089103E+01 -1.715509E+01
 4.510000E+02 -2.094638E+01 -1.720835E+01
 4.512500E+02 -2.100173E+01 -1.726162E+01
 4.515000E+02 -2.105709E+01 -1.731489E+01
 4.517500E+02 -2.111245E+01 -1.736816E+01
 4.520000E+02 -2.116781E+01 -1.742144E+01
 4.522500E+02 -2.122319E+01 -1.747472E+01
 4.525000E+02 -2.127856E+01 -1.752802E+01
 4.527500E+02 -2.133395E+01 -1.758131E+01
 4.530000E+02 -2.138934E+01 -1.763461E+01
 4.532500E+02 -2.144473E+01 -1.768792E+01
 4.535000E+02 -2.150013E+01 -1.774123E+01
 4.537500E+02 -2.155553E+01 -1.779455E+01
 4.540000E+02 -2.161094E+01 -1.784787E+01
 4.542500E+02 -2.166636E+01 -1.790120E+01
 4.545000E+02 -2.172178E+01 -1.795454E+01
 4.547500E+02 -2.177721E+01 -1.800788E+01
 4.550000E+02 -2.183264E+01 -1.806122E+01
 4.552500E+02 -2.188807E+01 -1.811457E+01
 4.555000E+02 -2.194352E+01 -1.816793E+01
 4.557500E+02 -2.199897E+01 -1.822129E+01
 4.560000E+02 -2.205442E+01 -1.827465E+01
 4.562500E+02 -2.210988E+01 -1.832803E+01
 4.565000E+02 -2.216534E+01 -1.838140E+01
 4.567500E+02 -2.222081E+01 -1.843479E+01
 4.570000E+02 -2.227629E+01 -1.848818E+01
 4.572500E+02 -2.233177E+01 -1.854157E+01
 4.575000E+02 -2.238725E+01 -1.859497E+01
 4.577500E+02 -2.244274E+01 -1.864837E+01
 4.580000E+02 -2.249824E+01 -1.870178E+01
 4.582500E+02 -2.255374E+01 -1.875520E+01
 4.585000E+02 -2.260925E+01 -1.880862E+01
 4.587500E+02 -2.266476E+01 -1.886204E+01
 4.590000E+02 -2.272028E+01 -1.891548E+01
 4.592500E+02 -2.277580E+01 -1.896891E+01
 4.595000E+02 -2.283133E+01 -1.902235E+01
 4.597500E+02 -2.288686E+01 -1.907580E+01
 4.600000E+02 -2.294240E+01 -1.912925E+01
 4.602500E+02 -2.299795E+01 -1.918271E+01
 4.605000E+02 -2.305350E+01 -1.923618E+01
 4.607500E+02 -2.310905E+01 -1.928965E+01
 4.610000E+02 -2.316462E+01 -1.934312E+01
 4.612500E+02 -2.322018E+01 -1.939660E+01
 4.615000E+02 -2.327575E+01 -1.945008E+01
 4.617500E+02 -2.333133E+01 -1.950357E+01
 4.620000E+02 -2.338691E+01 -1.955707E+01
 4.622500E+02 -2.344250E+01 -1.961057E+01
 4.625000E+02 -2.349809E+01 -1.966408E+01
 4.627500E+02 -2.355369E+01 -1.971759E+01
 4.630000E+02 -2.360929E+01 -1.977111E+01
 4.632500E+02 -2.366490E+01 -1.982463E+01
 4.635000E+02 -2.372052E+01 -1.987816E+01
 4.637500E+02 -2.377614E+01 -1.993169E+01
 4.640000E+02 -2.383176E+01 -1.998523E+01
 4.642500E+02 -2.388739E+01 -2.003877E+01
 4.645000E+02 -2.394303E+01 -2.009232E+01
 4.647500E+02 -2.399867E+01 -2.014588E+01
 4.650000E+02 -2.405431E+01 -2.019944E+01
 4.652500E+02 -2.410996E+01 -2.025300E+01
 4.655000E+02 -2.416562E+01 -2.030657E+01
 4.657500E+02 -2.422128E+01 -2.036015E+01
 4.660000E+02 -2.427695E+01 -2.041373E+01
 4.662500E+02 -2.433262E+01 -2.046731E+01
 4.665000E+02 -2.438830E+01 -2.052091E+01
 4.667500E+02 -2.444398E+01 -2.057450E+01
 4.670000E+02 -2.449967E+01 -2.062810E+01
 4.672500E+02 -2.455537E+01 -2.068171E+01
 4.675000E+02 -2.461107E+01 -2.073533E+01
 4.677500E+02 -2.466677E+01 -2.078894E+01
 4.680000E+02 -2.472248E+01 -2.084257E+01
 4.682500E+02 -2.477820E+01 -2.089620E+01
 4.685000E+02 -2.483392E+01 -2.094983E+01
 4.687500E+02 -2.488964E+01 -2.100347E+01
 4.690000E+02 -2.494537E+01 -2.105711E+01
 4.692500E+02 -2.500111E+01 -2.111076E+01
 4.695000E+02 -2.505685E+01 -2.116442E+01
 4.697500E+02 -2.511260E+01 -2.121808E+01
 4.700000E+02 -2.516835E+01 -2.127174E+01
 4.702500E+02 -2.522410E+01 -2.132542E+01
 4.705000E+02 -2.527987E+01 -2.137909E+01
 4.707500E+02 -2.533563E+01 -2.143277E+01
 4.710000E+02 -2.539141E+01 -2.148646E+01
 4.712500E+02 -2.544719E+01 -2.154015E+01
 4.715000E+02 -2.550297E+01 -2.159385E+01
 4.717500E+02 -2.555876E+01 -2.164755E+01
 4.720000E+02 -2.561455E+01 -2.170126E+01
 4.722500E+02 -2.567035E+01 -2.175497E+01
 4.725000E+02 -2.572616E+01 -2.180869E+01
 4.727500E+02 -2.578197E+01 -2.186242E+01
 4.730000E+02 -2.583778E+01 -2.191615E+01
 4.732500E+02 -2.589360E+01 -2.196988E+01
 4.735000E+02 -2.594943E+01 -2.202362E+01
 4.737500E+02 -2.600526E+01 -2.207736E+01
 4.740000E+02 -2.606109E+01 -2.213111E+01
 4.742500E+02 -2.611693E+01 -2.218487E+01
 4.745000E+02 -2.617278E+01 -2.223863E+01
 4.747500E+02 -2.622863E+01 -2.229239E+01
 4.750000E+02 -2.628449E+01 -2.234617E+01
 4.752500E+02 -2.634035E+01 -2.239994E+01
 4.755000E+02 -2.639622E+01 -2.245372E+01
 4.757500E+02 -2.645209E+01 -2.250751E+01
 4.760000E+02 -2.650797E+01 -2.256130E+01
 4.762500E+02 -2.656385E+01 -2.261510E+01
 4.765000E+02 -2.661974E+01 -2.266890E+01
 4.767500E+02 -2.667563E+01 -2.272271E+01
 4.770000E+02 -2.673153E+01 -2.277652E+01
 4.772500E+02 -2.678743E+01 -2.283034E+01
 4.775000E+02 -2.684334E+01 -2.288416E+01
 4.777500E+02 -2.689926E+01 -2.293799E+01
 4.780000E+02 -2.695518E+01 -2.299182E+01
 4.782500E+02 -2.701110E+01 -2.304566E+01
 4.785000E+02 -2.706703E+01 -2.309951E+01
 4.787500E+02 -2.712297E+01 -2.315336E+01
 4.790000E+02 -2.717891E+01 -2.320721E+01
 4.792500E+02 -2.723485E+01 -2.326107E+01
 4.795000E+02 -2.729080E+01 -2.331493E+01
 4.797500E+02 -2.734676E+01 -2.336880E+01
 4.800000E+02 -2.740272E+01 -2.342268E+01
 4.802500E+02 -2.745869E+01 -2.347656E+01
 4.805000E+02 -2.751466E+01 -2.353045E+01
 4.807500E+02 -2.757063E+01 -2.358434E+01
 4.810000E+02 -2.762661E+01 -2.363823E+01
 4.812500E+02 -2.768260E+01 -2.369213E+01
 4.815000E+02 -2.773859E+01 -2.374604E+01
 4.817500E+02 -2.779459E+01 -2.379995E+01
 4.820000E+02 -2.785059E+01 -2.385387E+01
 4.822500E+02 -2.790660E+01 -2.390779E+01
 4.825000E+02 -2.796261E+01 -2.396172E+01
 4.827500E+02 -2.801863E+01 -2.401565E+01
 4.830000E+02 -2.807465E+01 -2.406959E+01
 4.832500E+02 -2.813068E+01 -2.412353E+01
 4.835000E+02 -2.818671E+01 -2.417748E+01
 4.837500E+02 -2.824275E+01 -2.423143E+01
 4.840000E+02 -2.829880E+01 -2.428539E+01
 4.842500E+02 -2.835484E+01 -2.433935E+01
 4.845000E+02 -2.841090E+01 -2.439332E+01
 4.847500E+02 -2.846696E+01 -2.444729E+01
 4.850000E+02 -2.852302E+01 -2.450127E+01
 4.852500E+02 -2.857909E+01 -2.455525E+01
 4.855000E+02 -2.863517E+01 -2.460924E+01
 4.857500E+02 -2.869124E+01 -2.466324E+01
 4.860000E+02 -2.874733E+01 -2.471724E+01
 4.862500E+02 -2.880342E+01 -2.477124E+01
 4.865000E+02 -2.885951E+01 -2.482525E+01
 4.867500E+02 -2.891561E+01 -2.487926E+01
 4.870000E+02 -2.897172E+01 -2.493328E+01
 4.872500E+02 -2.902783E+01 -2.498731E+01
 4.875000E+02 -2.908395E+01 -2.504134E+01
 4.877500E+02 -2.914007E+01 -2.509537E+01
 4.880000E+02 -2.919619E+01 -2.514941E+01
 4.882500E+02 -2.925232E+01 -2.520346E+01
 4.885000E+02 -2.930846E+01 -2.525751E+01
 4.887500E+02 -2.936460E+01 -2.531157E+01
 4.890000E+02 -2.942074E+01 -2.536563E+01
 4.892500E+02 -2.947690E+01 -2.541969E+01
 4.895000E+02 -2.953305E+01 -2.547376E+01
 4.897500E+02 -2.958921E+01 -2.552784E+01
 4.900000E+02 -2.964538E+01 -2.558192E+01
 4.902500E+02 -2.970155E+01 -2.563601E+01
 4.905000E+02 -2.975773E+01 -2.569010E+01
 4.907500E+02 -2.981391E+01 -2.574419E+01
 4.910000E+02 -2.987010E+01 -2.579830E+01
 4.912500E+02 -2.992629E+01 -2.585240E+01
 4.915000E+02 -2.998249E+01 -2.590651E+01
 4.917500E+02 -3.003869E+01 -2.596063E+01
 4.920000E+02 -3.009490E+01 -2.601475E+01
 4.922500E+02 -3.015111E+01 -2.606888E+01
 4.925000E+02 -3.020733E+01 -2.612301E+01
 4.927500E+02 -3.026355E+01 -2.617715E+01
 4.930000E+02 -3.031978E+01 -2.623129E+01
 4.932500E+02 -3.037601E+01 -2.628544E+01
 4.935000E+02 -3.043225E+01 -2.633959E+01
 4.937500E+02 -3.048849E+01 -2.639375E+01
 4.940000E+02 -3.054474E+01 -2.644791E+01
 4.942500E+02 -3.060099E+01 -2.650208E+01
 4.945000E+02 -3.065725E+01 -2.655625E+01
 4.947500E+02 -3.071351E+01 -2.661043E+01
 4.950000E+02 -3.076978E+01 -2.666461E+01
 4.952500E+02 -3.082605E+01 -2.671880E+01
 4.955000E+02 -3.088233E+01 -2.677299E+01
 4.957500E+02 -3.093861E+01 -2.682719E+01
 4.960000E+02 -3.099490E+01 -2.688139E+01
 4.962500E+02 -3.105119E+01 -2.693560E+01
 4.965000E+02 -3.110749E+01 -2.698982E+01
 4.967500E+02 -3.116380E+01 -2.704403E+01
 4.970000E+02 -3.122010E+01 -2.709826E+01
 4.972500E+02 -3.127642E+01 -2.715249E+01
 4.975000E+02 -3.133274E+01 -2.720672E+01
 4.977500E+02 -3.138906E+01 -2.726096E+01
 4.980000E+02 -3.144539E+01 -2.731520E+01
 4.982500E+02 -3.150172E+01 -2.736945E+01
 4.985000E+02 -3.155806E+01 -2.742370E+01
 4.987500E+02 -3.161441E+01 -2.747796E+01
 4.990000E+02 -3.167075E+01 -2.753223E+01
 4.992500E+02 -3.172711E+01 -2.758649E+01
 4.995000E+02 -3.178347E+01 -2.764077E+01
 4.997500E+02 -3.183983E+01 -2.769505E+01
 5.000000E+02 -3.189620E+01 -2.774933E+01
