#         T/K     Cv/J*K^-1     Cp/J*K^-1
 2.500000E+02  3.353488E+01  3.353510E+01
 2.502500E+02  3.355128E+01  3.355150E+01
 2.505000E+02  3.356766E+01  3.356788E+01
 2.507500E+02  3.358403E+01  3.358425E+01
 2.510000E+02  3.360039E+01  3.360061E+01
 2.512500E+02  3.361673E+01  3.361695E+01
 2.515000E+02  3.363305E+01  3.363328E+01
 2.517500E+02  3.364937E+01  3.364959E+01
 2.520000E+02  3.366566E+01  3.366589E+01
 2.522500E+02  3.368195E+01  3.368217E+01
 2.525000E+02  3.369822E+01  3.369844E+01
 2.527500E+02  3.371447E+01  3.371470E+01
 2.530000E+02  3.373072E+01  3.373094E+01
 2.532500E+02  3.374694E+01  3.374716E+01
 2.535000E+02  3.376316E+01  3.376338E+01
 2.537500E+02  3.377936E+01  3.377958E+01
 2.540000E+02  3.379554E+01  3.379576E+01
 2.542500E+02  3.381171E+01  3.381193E+01
 2.545000E+02  3.382787E+01  3.382809E+01
 2.547500E+02  3.384401E+01  3.384423E+01
 2.550000E+02  3.386014E+01  3.386036E+01
 2.552500E+02  3.387626E+01  3.387648E+01
 2.555000E+02  3.389236E+01  3.389258E+01
 2.557500E+02  3.390845E+01  3.390867E+01
 2.560000E+02  3.392452E+01  3.392474E+01
 2.562500E+02  3.394058E+01  3.394080E+01
 2.565000E+02  3.395663E+01  3.395685E+01
 2.567500E+02  3.397266E+01  3.397288E+01
 2.570000E+02  3.398868E+01  3.398890E+01
 2.572500E+02  3.400468E+01  3.400491E+01
 2.575000E+02  3.402068E+01  3.402090E+01
 2.577500E+02  3.403665E+01  3.403688E+01
 2.580000E+02  3.405262E+01  3.405284E+01
 2.582500E+02  3.406857E+01  3.406879E+01
 2.585000E+02  3.408451E+01  3.408473E+01
 2.587500E+02  3.410043E+01  3.410065E+01
 2.590000E+02  3.411634E+01  3.411657E+01
 2.592500E+02  3.413224E+01  3.413246E+01
 2.595000E+02  3.414812E+01  3.414835E+01
 2.597500E+02  3.416399E+01  3.416422E+01
 2.600000E+02  3.417985E+01  3.418007E+01
 2.602500E+02  3.419569E+01  3.419592E+01
 2.605000E+02  3.421152E+01  3.421175E+01
 2.607500E+02  3.422734E+01  3.422756E+01
 2.610000E+02  3.424314E+01  3.424337E+01
 2.612500E+02  3.425893E+01  3.425916E+01
 2.615000E+02  3.427471E+01  3.427493E+01
 2.617500E+02  3.429048E+01  3.429070E+01
 2.620000E+02  3.430623E+01  3.430645E+01
 2.622500E+02  3.432196E+01  3.432219E+01
 2.625000E+02  3.433769E+01  3.433791E+01
 2.627500E+02  3.435340E+01  3.435362E+01
 2.630000E+02  3.436910E+01  3.436932E+01
 2.632500E+02  3.438478E+01  3.438501E+01
 2.635000E+02  3.440045E+01  3.440068E+01
 2.637500E+02  3.441611E+01  3.441634E+01
 2.640000E+02  3.443176E+01  3.443198E+01
 2.642500E+02  3.444739E+01  3.444762E+01
 2.645000E+02  3.446301E+01  3.446324E+01
 2.647500E+02  3.447862E+01  3.447884E+01
 2.650000E+02  3.449421E+01  3.449444E+01
 2.652500E+02  3.450979E+01  3.451002E+01
 2.655000E+02  3.452536E+01  3.452559E+01
 2.657500E+02  3.454092E+01  3.454114E+01
 2.660000E+02  3.455646E+01  3.455668E+01
 2.662500E+02  3.457199E+01  3.457221E+01
 2.665000E+02  3.458751E+01  3.458773E+01
 2.667500E+02  3.460301E+01  3.460324E+01
 2.670000E+02  3.461850E+01  3.461873E+01
 2.672500E+02  3.463398E+01  3.463421E+01
 2.675000E+02  3.464945E+01  3.464967E+01
 2.677500E+02  3.466490E+01  3.466512E+01
 2.680000E+02  3.468034E+01  3.468057E+01
 2.682500E+02  3.469577E+01  3.469599E+01
 2.685000E+02  3.471118E+01  3.471141E+01
 2.687500E+02  3.472659E+01  3.472681E+01
 2.690000E+02  3.474198E+01  3.474220E+01
 2.692500E+02  3.475735E+01  3.475758E+01
 2.695000E+02  3.477272E+01  3.477294E+01
 2.697500E+02  3.478807E+01  3.478830E+01
 2.700000E+02  3.480341E+01  3.480364E+01
 2.702500E+02  3.481874E+01  3.481896E+01
 2.705000E+02  3.483405E+01  3.483428E+01
 2.707500E+02  3.484936E+01  3.484958E+01
 2.710000E+02  3.486465E+01  3.486487E+01
 2.712500E+02  3.487992E+01  3.488015E+01
 2.715000E+02  3.489519E+01  3.489542E+01
 2.717500E+02  3.491044E+01  3.491067E+01
 2.720000E+02  3.492568E+01  3.492591E+01
 2.722500E+02  3.494091E+01  3.494114E+01
 2.725000E+02  3.495613E+01  3.495635E+01
 2.727500E+02  3.497133E+01  3.497156E+01
 2.730000E+02  3.498652E+01  3.498675E+01
 2.732500E+02  3.500170E+01  3.500193E+01
 2.735000E+02  3.501687E+01  3.501709E+01
 2.737500E+02  3.503202E+01  3.503225E+01
 2.740000E+02  3.504716E+01  3.504739E+01
 2.742500E+02  3.506229E+01  3.506252E+01
 2.745000E+02  3.507741E+01  3.507764E+01
 2.747500E+02  3.509252E+01  3.509274E+01
 2.750000E+02  3.510761E+01  3.510784E+01
 2.752500E+02  3.512269E+01  3.512292E+01
 2.755000E+02  3.513776E+01  3.513799E+01
 2.757500E+02  3.515282E+01  3.515304E+01
 2.760000E+02  3.516786E+01  3.516809E+01
 2.762500E+02  3.518289E+01  3.518312E+01
 2.765000E+02  3.519791E+01  3.519814E+01
 2.767500E+02  3.521292E+01  3.521315E+01
 2.770000E+02  3.522792E+01  3.522815E+01
 2.772500E+02  3.524290E+01  3.524313E+01
 2.775000E+02  3.525788E+01  3.525810E+01
 2.777500E+02  3.527284E+01  3.527306E+01
 2.780000E+02  3.528778E+01  3.528801E+01
 2.782500E+02  3.530272E+01  3.530295E+01
 2.785000E+02  3.531765E+01  3.531787E+01
 2.787500E+02  3.533256E+01  3.533279E+01
 2.790000E+02  3.534746E+01  3.534769E+01
 2.792500E+02  3.536235E+01  3.536257E+01
 2.795000E+02  3.537722E+01  3.537745E+01
 2.797500E+02  3.539209E+01  3.539232E+01
 2.800000E+02  3.540694E+01  3.540717E+01
 2.802500E+02  3.542178E+01  3.542201E+01
 2.805000E+02  3.543661E+01  3.543684E+01
 2.807500E+02  3.545143E+01  3.545166E+01
 2.810000E+02  3.546623E+01  3.546646E+01
 2.812500E+02  3.548103E+01  3.548126E+01
 2.815000E+02  3.549581E+01  3.549604E+01
 2.817500E+02  3.551058E+01  3.551081E+01
 2.820000E+02  3.552534E+01  3.552557E+01
 2.822500E+02  3.554008E+01  3.554031E+01
 2.825000E+02  3.555482E+01  3.555505E+01
 2.827500E+02  3.556954E+01  3.556977E+01
 2.830000E+02  3.558425E+01  3.558448E+01
 2.832500E+02  3.559895E+01  3.559918E+01
 2.835000E+02  3.561364E+01  3.561387E+01
 2.837500E+02  3.562832E+01  3.562855E+01
 2.840000E+02  3.564298E+01  3.564321E+01
 2.842500E+02  3.565763E+01  3.565786E+01
 2.845000E+02  3.567227E+01  3.567250E+01
 2.847500E+02  3.568690E+01  3.568713E+01
 2.850000E+02  3.570152E+01  3.570175E+01
 2.852500E+02  3.571613E+01  3.571636E+01
 2.855000E+02  3.573072E+01  3.573095E+01
 2.857500E+02  3.574530E+01  3.574553E+01
 2.860000E+02  3.575988E+01  3.576011E+01
 2.862500E+02  3.577444E+01  3.577467E+01
 2.865000E+02  3.578898E+01  3.578921E+01
 2.867500E+02  3.580352E+01  3.580375E+01
 2.870000E+02  3.581804E+01  3.581827E+01
 2.872500E+02  3.583256E+01  3.583279E+01
 2.875000E+02  3.584706E+01  3.584729E+01
 2.877500E+02  3.586155E+01  3.586178E+01
 2.880000E+02  3.587603E+01  3.587626E+01
 2.882500E+02  3.589050E+01  3.589073E+01
 2.885000E+02  3.590495E+01  3.590518E+01
 2.887500E+02  3.591940E+01  3.591963E+01
 2.890000E+02  3.593383E+01  3.593406E+01
 2.892500E+02  3.594825E+01  3.594848E+01
 2.895000E+02  3.596266E+01  3.596289E+01
 2.897500E+02  3.597706E+01  3.597729E+01
 2.900000E+02  3.599144E+01  3.599168E+01
 2.902500E+02  3.600582E+01  3.600605E+01
 2.905000E+02  3.602018E+01  3.602042E+01
 2.907500E+02  3.603454E+01  3.603477E+01
 2.910000E+02  3.604888E+01  3.604911E+01
 2.912500E+02  3.606321E+01  3.606344E+01
 2.915000E+02  3.607753E+01  3.607776E+01
 2.917500E+02  3.609183E+01  3.609207E+01
 2.920000E+02  3.610613E+01  3.610636E+01
 2.922500E+02  3.612041E+01  3.612065E+01
 2.925000E+02  3.613468E+01  3.613492E+01
 2.927500E+02  3.614895E+01  3.614918E+01
 2.930000E+02  3.616320E+01  3.616343E+01
 2.932500E+02  3.617744E+01  3.617767E+01
 2.935000E+02  3.619166E+01  3.619190E+01
 2.937500E+02  3.620588E+01  3.620611E+01
 2.940000E+02  3.622008E+01  3.622032E+01
 2.942500E+02  3.623428E+01  3.623451E+01
 2.945000E+02  3.624846E+01  3.624869E+01
 2.947500E+02  3.626263E+01  3.626286E+01
 2.950000E+02  3.627679E+01  3.627702E+01
 2.952500E+02  3.629094E+01  3.629117E+01
 2.955000E+02  3.630507E+01  3.630531E+01
 2.957500E+02  3.631920E+01  3.631943E+01
 2.960000E+02  3.633331E+01  3.633355E+01
 2.962500E+02  3.634742E+01  3.634765E+01
 2.965000E+02  3.636151E+01  3.636174E+01
 2.967500E+02  3.637559E+01  3.637582E+01
 2.970000E+02  3.638966E+01  3.638989E+01
 2.972500E+02  3.640372E+01  3.640395E+01
 2.975000E+02  3.641776E+01  3.641800E+01
 2.977500E+02  3.643180E+01  3.643203E+01
 2.980000E+02  3.644582E+01  3.644606E+01
 2.982500E+02  3.645983E+01  3.646007E+01
 2.985000E+02  3.647384E+01  3.647407E+01
 2.987500E+02  3.648783E+01  3.648806E+01
 2.990000E+02  3.650181E+01  3.650204E+01
 2.992500E+02  3.651577E+01  3.651601E+01
 2.995000E+02  3.652973E+01  3.652997E+01
 2.997500E+02  3.654368E+01  3.654391E+01
 3.000000E+02  3.655761E+01  3.655785E+01
 3.002500E+02  3.657153E+01  3.657177E+01
 3.005000E+02  3.658545E+01  3.658568E+01
 3.007500E+02  3.659935E+01  3.659959E+01
 3.010000E+02  3.661324E+01  3.661348E+01
 3.012500E+02  3.662712E+01  3.662735E+01
 3.015000E+02  3.664098E+01  3.664122E+01
 3.017500E+02  3.665484E+01  3.665508E+01
 3.020000E+02  3.666868E+01  3.666892E+01
 3.022500E+02  3.668252E+01  3.668276E+01
 3.025000E+02  3.669634E+01  3.669658E+01
 3.027500E+02  3.671015E+01  3.671039E+01
 3.030000E+02  3.672395E+01  3.672419E+01
 3.032500E+02  3.673774E+01  3.673798E+01
 3.035000E+02  3.675152E+01  3.675176E+01
 3.037500E+02  3.676529E+01  3.676553E+01
 3.040000E+02  3.677904E+01  3.677928E+01
 3.042500E+02  3.679279E+01  3.679303E+01
 3.045000E+02  3.680652E+01  3.680676E+01
 3.047500E+02  3.682024E+01  3.682048E+01
 3.050000E+02  3.683396E+01  3.683420E+01
 3.052500E+02  3.684766E+01  3.684790E+01
 3.055000E+02  3.686134E+01  3.686159E+01
 3.057500E+02  3.687502E+01  3.687526E+01
 3.060000E+02  3.688869E+01  3.688893E+01
 3.062500E+02  3.690235E+01  3.690259E+01
 3.065000E+02  3.691599E+01  3.691623E+01
 3.067500E+02  3.692962E+01  3.692987E+01
 3.070000E+02  3.694325E+01  3.694349E+01
 3.072500E+02  3.695686E+01  3.695710E+01
 3.075000E+02  3.697046E+01  3.697070E+01
 3.077500E+02  3.698405E+01  3.698429E+01
 3.080000E+02  3.699762E+01  3.699787E+01
 3.082500E+02  3.701119E+01  3.701143E+01
 3.085000E+02  3.702475E+01  3.702499E+01
 3.087500E+02  3.703829E+01  3.703853E+01
 3.090000E+02  3.705182E+01  3.705207E+01
 3.092500E+02  3.706535E+01  3.706559E+01
 3.095000E+02  3.707886E+01  3.707910E+01
 3.097500E+02  3.709236E+01  3.709260E+01
 3.100000E+02  3.710585E+01  3.710609E+01
 3.102500E+02  3.711933E+01  3.711957E+01
 3.105000E+02  3.713279E+01  3.713304E+01
 3.107500E+02  3.714625E+01  3.714649E+01
 3.110000E+02  3.715969E+01  3.715994E+01
 3.112500E+02  3.717313E+01  3.717337E+01
 3.115000E+02  3.718655E+01  3.718679E+01
 3.117500E+02  3.719996E+01  3.720021E+01
 3.120000E+02  3.721336E+01  3.721361E+01
 3.122500E+02  3.722675E+01  3.722700E+01
 3.125000E+02  3.724013E+01  3.724037E+01
 3.127500E+02  3.725350E+01  3.725374E+01
 3.130000E+02  3.726685E+01  3.726710E+01
 3.132500E+02  3.728020E+01  3.728044E+01
 3.135000E+02  3.729353E+01  3.729378E+01
 3.137500E+02  3.730685E+01  3.730710E+01
 3.140000E+02  3.732016E+01  3.732041E+01
 3.142500E+02  3.733346E+01  3.733371E+01
 3.145000E+02  3.734675E+01  3.734700E+01
 3.147500E+02  3.736003E+01  3.736028E+01
 3.150000E+02  3.737330E+01  3.737355E+01
 3.152500E+02  3.738656E+01  3.738680E+01
 3.155000E+02  3.739980E+01  3.740005E+01
 3.157500E+02  3.741303E+01  3.741328E+01
 3.160000E+02  3.742626E+01  3.742651E+01
 3.162500E+02  3.743947E+01  3.743972E+01
 3.165000E+02  3.745267E+01  3.745292E+01
 3.167500E+02  3.746586E+01  3.746611E+01
 3.170000E+02  3.747904E+01  3.747929E+01
 3.172500E+02  3.749220E+01  3.749245E+01
 3.175000E+02  3.750536E+01  3.750561E+01
 3.177500E+02  3.751850E+01  3.751876E+01
 3.180000E+02  3.753164E+01  3.753189E+01
 3.182500E+02  3.754476E+01  3.754501E+01
 3.185000E+02  3.755787E+01  3.755812E+01
 3.187500E+02  3.757097E+01  3.757122E+01
 3.190000E+02  3.758406E+01  3.758431E+01
 3.192500E+02  3.759714E+01  3.759739E+01
 3.195000E+02  3.761021E+01  3.761046E+01
 3.197500E+02  3.762326E+01  3.762351E+01
 3.200000E+02  3.763631E+01  3.763656E+01
 3.202500E+02  3.764934E+01  3.764959E+01
 3.205000E+02  3.766236E+01  3.766262E+01
 3.207500E+02  3.767537E+01  3.767563E+01
 3.210000E+02  3.768837E+01  3.768863E+01
 3.212500E+02  3.770136E+01  3.770162E+01
 3.215000E+02  3.771434E+01  3.771459E+01
 3.217500E+02  3.772731E+01  3.772756E+01
 3.220000E+02  3.774026E+01  3.774052E+01
 3.222500E+02  3.775321E+01  3.775346E+01
 3.225000E+02  3.776614E+01  3.776639E+01
 3.227500E+02  3.777906E+01  3.777932E+01
 3.230000E+02  3.779197E+01  3.779223E+01
 3.232500E+02  3.780487E+01  3.780513E+01
 3.235000E+02  3.781776E+01  3.781801E+01
 3.237500E+02  3.783063E+01  3.783089E+01
 3.240000E+02  3.784350E+01  3.784376E+01
 3.242500E+02  3.785635E+01  3.785661E+01
 3.245000E+02  3.786920E+01  3.786946E+01
 3.247500E+02  3.788203E+01  3.788229E+01
 3.250000E+02  3.789485E+01  3.789511E+01
 3.252500E+02  3.790766E+01  3.790792E+01
 3.255000E+02  3.792046E+01  3.792072E+01
 3.257500E+02  3.793325E+01  3.793351E+01
 3.260000E+02  3.794602E+01  3.794628E+01
 3.262500E+02  3.795879E+01  3.795905E+01
 3.265000E+02  3.797154E+01  3.797180E+01
 3.267500E+02  3.798428E+01  3.798454E+01
 3.270000E+02  3.799701E+01  3.799727E+01
 3.272500E+02  3.800973E+01  3.800999E+01
 3.275000E+02  3.802244E+01  3.802270E+01
 3.277500E+02  3.803514E+01  3.803540E+01
 3.280000E+02  3.804782E+01  3.804809E+01
 3.282500E+02  3.806050E+01  3.806076E+01
 3.285000E+02  3.807316E+01  3.807342E+01
 3.287500E+02  3.808581E+01  3.808608E+01
 3.290000E+02  3.809845E+01  3.809872E+01
 3.292500E+02  3.811108E+01  3.811135E+01
 3.295000E+02  3.812370E+01  3.812396E+01
 3.297500E+02  3.813631E+01  3.813657E+01
 3.300000E+02  3.814890E+01  3.814917E+01
 3.302500E+02  3.816148E+01  3.816175E+01
 3.305000E+02  3.817406E+01  3.817432E+01
 3.307500E+02  3.818662E+01  3.818688E+01
 3.310000E+02  3.819917E+01  3.819943E+01
 3.312500E+02  3.821170E+01  3.821197E+01
 3.315000E+02  3.822423E+01  3.822450E+01
 3.317500E+02  3.823675E+01  3.823701E+01
 3.320000E+02  3.824925E+01  3.824952E+01
 3.322500E+02  3.826174E+01  3.826201E+01
 3.325000E+02  3.827422E+01  3.827449E+01
 3.327500E+02  3.828669E+01  3.828696E+01
 3.330000E+02  3.829915E+01  3.829942E+01
 3.332500E+02  3.831160E+01  3.831187E+01
 3.335000E+02  3.832403E+01  3.832431E+01
 3.337500E+02  3.833646E+01  3.833673E+01
 3.340000E+02  3.834887E+01  3.834914E+01
 3.342500E+02  3.836127E+01  3.836154E+01
 3.345000E+02  3.837366E+01  3.837393E+01
 3.347500E+02  3.838604E+01  3.838631E+01
 3.350000E+02  3.839841E+01  3.839868E+01
 3.352500E+02  3.841076E+01  3.841103E+01
 3.355000E+02  3.842310E+01  3.842338E+01
 3.357500E+02  3.843544E+01  3.843571E+01
 3.360000E+02  3.844776E+01  3.844803E+01
 3.362500E+02  3.846007E+01  3.846034E+01
 3.365000E+02  3.847236E+01  3.847264E+01
 3.367500E+02  3.848465E+01  3.848492E+01
 3.370000E+02  3.849692E+01  3.849720E+01
 3.372500E+02  3.850919E+01  3.850946E+01
 3.375000E+02  3.852144E+01  3.852171E+01
 3.377500E+02  3.853368E+01  3.853395E+01
 3.380000E+02  3.854590E+01  3.854618E+01
 3.382500E+02  3.855812E+01  3.855840E+01
 3.385000E+02  3.857032E+01  3.857060E+01
 3.387500E+02  3.858252E+01  3.858280E+01
 3.390000E+02  3.859470E+01  3.859498E+01
 3.392500E+02  3.860687E+01  3.860715E+01
 3.395000E+02  3.861903E+01  3.861931E+01
 3.397500E+02  3.863117E+01  3.863145E+01
 3.400000E+02  3.864331E+01  3.864359E+01
 3.402500E+02  3.865543E+01  3.865571E+01
 3.405000E+02  3.866754E+01  3.866782E+01
 3.407500E+02  3.867964E+01  3.867992E+01
 3.410000E+02  3.869173E+01  3.869201E+01
 3.412500E+02  3.870380E+01  3.870409E+01
 3.415000E+02  3.871587E+01  3.871615E+01
 3.417500E+02  3.872792E+01  3.872820E+01
 3.420000E+02  3.873996E+01  3.874024E+01
 3.422500E+02  3.875199E+01  3.875227E+01
 3.425000E+02  3.876401E+01  3.876429E+01
 3.427500E+02  3.877601E+01  3.877630E+01
 3.430000E+02  3.878800E+01  3.878829E+01
 3.432500E+02  3.879999E+01  3.880027E+01
 3.435000E+02  3.881195E+01  3.881224E+01
 3.437500E+02  3.882391E+01  3.882420E+01
 3.440000E+02  3.883586E+01  3.883615E+01
 3.442500E+02  3.884779E+01  3.884808E+01
 3.445000E+02  3.885971E+01  3.886000E+01
 3.447500E+02  3.887162E+01  3.887191E+01
 3.450000E+02  3.888352E+01  3.888381E+01
 3.452500E+02  3.889541E+01  3.889570E+01
 3.455000E+02  3.890728E+01  3.890757E+01
 3.457500E+02  3.891914E+01  3.891944E+01
 3.460000E+02  3.893099E+01  3.893129E+01
 3.462500E+02  3.894283E+01  3.894313E+01
 3.465000E+02  3.895466E+01  3.895495E+01
 3.467500E+02  3.896647E+01  3.896677E+01
 3.470000E+02  3.897828E+01  3.897857E+01
 3.472500E+02  3.899007E+01  3.899036E+01
 3.475000E+02  3.900184E+01  3.900214E+01
 3.477500E+02  3.901361E+01  3.901390E+01
 3.480000E+02  3.902536E+01  3.902566E+01
 3.482500E+02  3.903711E+01  3.903740E+01
 3.485000E+02  3.904884E+01  3.904913E+01
 3.487500E+02  3.906055E+01  3.906085E+01
 3.490000E+02  3.907226E+01  3.907256E+01
 3.492500E+02  3.908395E+01  3.908425E+01
 3.495000E+02  3.909563E+01  3.909593E+01
 3.497500E+02  3.910730E+01  3.910760E+01
 3.500000E+02  3.911896E+01  3.911926E+01
 3.502500E+02  3.913060E+01  3.913090E+01
 3.505000E+02  3.914223E+01  3.914253E+01
 3.507500E+02  3.915385E+01  3.915416E+01
 3.510000E+02  3.916546E+01  3.916576E+01
 3.512500E+02  3.917706E+01  3.917736E+01
 3.515000E+02  3.918864E+01  3.918894E+01
 3.517500E+02  3.920021E+01  3.920051E+01
 3.520000E+02  3.921177E+01  3.921207E+01
 3.522500E+02  3.922331E+01  3.922362E+01
 3.525000E+02  3.923485E+01  3.923515E+01
 3.527500E+02  3.924637E+01  3.924668E+01
 3.530000E+02  3.925788E+01  3.925818E+01
 3.532500E+02  3.926938E+01  3.926968E+01
 3.535000E+02  3.928086E+01  3.928117E+01
 3.537500E+02  3.929233E+01  3.929264E+01
 3.540000E+02  3.930379E+01  3.930410E+01
 3.542500E+02  3.931524E+01  3.931555E+01
 3.545000E+02  3.932667E+01  3.932698E+01
 3.547500E+02  3.933809E+01  3.933840E+01
 3.550000E+02  3.934950E+01  3.934981E+01
 3.552500E+02  3.936090E+01  3.936121E+01
 3.555000E+02  3.937228E+01  3.937259E+01
 3.557500E+02  3.938365E+01  3.938397E+01
 3.560000E+02  3.939501E+01  3.939532E+01
 3.562500E+02  3.940636E+01  3.940667E+01
 3.565000E+02  3.941769E+01  3.941801E+01
 3.567500E+02  3.942901E+01  3.942933E+01
 3.570000E+02  3.944032E+01  3.944064E+01
 3.572500E+02  3.945162E+01  3.945193E+01
 3.575000E+02  3.946290E+01  3.946322E+01
 3.577500E+02  3.947417E+01  3.947449E+01
 3.580000E+02  3.948543E+01  3.948574E+01
 3.582500E+02  3.949667E+01  3.949699E+01
 3.585000E+02  3.950790E+01  3.950822E+01
 3.587500E+02  3.951912E+01  3.951944E+01
 3.590000E+02  3.953033E+01  3.953065E+01
 3.592500E+02  3.954152E+01  3.954184E+01
 3.595000E+02  3.955270E+01  3.955302E+01
 3.597500E+02  3.956387E+01  3.956419E+01
 3.600000E+02  3.957502E+01  3.957534E+01
 3.602500E+02  3.958616E+01  3.958649E+01
 3.605000E+02  3.959729E+01  3.959762E+01
 3.607500E+02  3.960841E+01  3.960873E+01
 3.610000E+02  3.961951E+01  3.961984E+01
 3.612500E+02  3.963060E+01  3.963093E+01
 3.615000E+02  3.964168E+01  3.964200E+01
 3.617500E+02  3.965274E+01  3.965307E+01
 3.620000E+02  3.966379E+01  3.966412E+01
 3.622500E+02  3.967483E+01  3.967516E+01
 3.625000E+02  3.968585E+01  3.968618E+01
 3.627500E+02  3.969686E+01  3.969719E+01
 3.630000E+02  3.970786E+01  3.970819E+01
 3.632500E+02  3.971885E+01  3.971918E+01
 3.635000E+02  3.972982E+01  3.973015E+01
 3.637500E+02  3.974078E+01  3.974111E+01
 3.640000E+02  3.975172E+01  3.975206E+01
 3.642500E+02  3.976265E+01  3.976299E+01
 3.645000E+02  3.977357E+01  3.977391E+01
 3.647500E+02  3.978448E+01  3.978481E+01
 3.650000E+02  3.979537E+01  3.979571E+01
 3.652500E+02  3.980625E+01  3.980659E+01
 3.655000E+02  3.981711E+01  3.981745E+01
 3.657500E+02  3.982796E+01  3.982830E+01
 3.660000E+02  3.983880E+01  3.983914E+01
 3.662500E+02  3.984963E+01  3.984997E+01
 3.665000E+02  3.986044E+01  3.986078E+01
 3.667500E+02  3.987124E+01  3.987158E+01
 3.670000E+02  3.988202E+01  3.988236E+01
 3.672500E+02  3.989279E+01  3.989314E+01
 3.675000E+02  3.990355E+01  3.990389E+01
 3.677500E+02  3.991429E+01  3.991464E+01
 3.680000E+02  3.992502E+01  3.992537E+01
 3.682500E+02  3.993574E+01  3.993609E+01
 3.685000E+02  3.994644E+01  3.994679E+01
 3.687500E+02  3.995713E+01  3.995748E+01
 3.690000E+02  3.996781E+01  3.996816E+01
 3.692500E+02  3.997847E+01  3.997882E+01
 3.695000E+02  3.998912E+01  3.998947E+01
 3.697500E+02  3.999975E+01  4.000010E+01
 3.700000E+02  4.001037E+01  4.001072E+01
 3.702500E+02  4.002098E+01  4.002133E+01
 3.705000E+02  4.003157E+01  4.003193E+01
 3.707500E+02  4.004215E+01  4.004250E+01
 3.710000E+02  4.005271E+01  4.005307E+01
 3.712500E+02  4.006326E+01  4.006362E+01
 3.715000E+02  4.007380E+01  4.007416E+01
 3.717500E+02  4.008432E+01  4.008468E+01
 3.720000E+02  4.009483E+01  4.009519E+01
 3.722500E+02  4.010533E+01  4.010569E+01
 3.725000E+02  4.011581E+01  4.011617E+01
 3.727500E+02  4.012628E+01  4.012664E+01
 3.730000E+02  4.013673E+01  4.013709E+01
 3.732500E+02  4.014717E+01  4.014753E+01
 3.735000E+02  4.015759E+01  4.015796E+01
 3.737500E+02  4.016800E+01  4.016837E+01
 3.740000E+02  4.017840E+01  4.017876E+01
 3.742500E+02  4.018878E+01  4.018915E+01
 3.745000E+02  4.019914E+01  4.019951E+01
 3.747500E+02  4.020950E+01  4.020987E+01
 3.750000E+02  4.021984E+01  4.022021E+01
 3.752500E+02  4.023016E+01  4.023053E+01
 3.755000E+02  4.024047E+01  4.024084E+01
 3.757500E+02  4.025076E+01  4.025114E+01
 3.760000E+02  4.026105E+01  4.026142E+01
 3.762500E+02  4.027131E+01  4.027169E+01
 3.765000E+02  4.028156E+01  4.028194E+01
 3.767500E+02  4.029180E+01  4.029218E+01
 3.770000E+02  4.030202E+01  4.030240E+01
 3.772500E+02  4.031223E+01  4.031261E+01
 3.775000E+02  4.032242E+01  4.032280E+01
 3.777500E+02  4.033260E+01  4.033298E+01
 3.780000E+02  4.034277E+01  4.034315E+01
 3.782500E+02  4.035292E+01  4.035330E+01
 3.785000E+02  4.036305E+01  4.036343E+01
 3.787500E+02  4.037317E+01  4.037355E+01
 3.790000E+02  4.038327E+01  4.038366E+01
 3.792500E+02  4.039336E+01  4.039375E+01
 3.795000E+02  4.040344E+01  4.040383E+01
 3.797500E+02  4.041350E+01  4.041389E+01
 3.800000E+02  4.042354E+01  4.042393E+01
 3.802500E+02  4.043357E+01  4.043396E+01
 3.805000E+02  4.044359E+01  4.044398E+01
 3.807500E+02  4.045359E+01  4.045398E+01
 3.810000E+02  4.046357E+01  4.046397E+01
 3.812500E+02  4.047354E+01  4.047394E+01
 3.815000E+02  4.048350E+01  4.048389E+01
 3.817500E+02  4.049344E+01  4.049383E+01
 3.820000E+02  4.050336E+01  4.050376E+01
 3.822500E+02  4.051327E+01  4.051367E+01
 3.825000E+02  4.052316E+01  4.052356E+01
 3.827500E+02  4.053304E+01  4.053344E+01
 3.830000E+02  4.054290E+01  4.054331E+01
 3.832500E+02  4.055275E+01  4.055315E+01
 3.835000E+02  4.056258E+01  4.056299E+01
 3.837500E+02  4.057240E+01  4.057281E+01
 3.840000E+02  4.058220E+01  4.058261E+01
 3.842500E+02  4.059199E+01  4.059239E+01
 3.845000E+02  4.060176E+01  4.060217E+01
 3.847500E+02  4.061151E+01  4.061192E+01
 3.850000E+02  4.062125E+01  4.062166E+01
 3.852500E+02  4.063097E+01  4.063138E+01
 3.855000E+02  4.064068E+01  4.064109E+01
 3.857500E+02  4.065037E+01  4.065079E+01
 3.860000E+02  4.066005E+01  4.066046E+01
 3.862500E+02  4.066971E+01  4.067012E+01
 3.865000E+02  4.067935E+01  4.067977E+01
 3.867500E+02  4.068898E+01  4.068940E+01
 3.870000E+02  4.069859E+01  4.069901E+01
 3.872500E+02  4.070819E+01  4.070861E+01
 3.875000E+02  4.071777E+01  4.071819E+01
 3.877500E+02  4.072733E+01  6.459681E+03
 3.880000E+02  2.983725E+01  6.452974E+03
 3.882500E+02  2.984162E+01  3.820709E+01
 3.885000E+02  2.984599E+01  3.821136E+01
 3.887500E+02  2.985037E+01  3.821563E+01
 3.890000E+02  2.985474E+01  3.821991E+01
 3.892500E+02  2.985911E+01  3.822418E+01
 3.895000E+02  2.986349E+01  3.822846E+01
 3.897500E+02  2.986787E+01  3.823274E+01
 3.900000E+02  2.987224E+01  3.823701E+01
 3.902500E+02  2.987662E+01  3.824129E+01
 3.905000E+02  2.988100E+01  3.824557E+01
 3.907500E+02  2.988538E+01  3.824986E+01
 3.910000E+02  2.988976E+01  3.825414E+01
 3.912500E+02  2.989415E+01  3.825843E+01
 3.915000E+02  2.989853E+01  3.826271E+01
 3.917500E+02  2.990292E+01  3.826700E+01
 3.920000E+02  2.990730E+01  3.827129E+01
 3.922500E+02  2.991169E+01  3.827558E+01
 3.925000E+02  2.991608E+01  3.827987E+01
 3.927500E+02  2.992046E+01  3.828417E+01
 3.930000E+02  2.992485E+01  3.828846E+01
 3.932500E+02  2.992924E+01  3.829276E+01
 3.935000E+02  2.993364E+01  3.829705E+01
 3.937500E+02  2.993803E+01  3.830135E+01
 3.940000E+02  2.994242E+01  3.830565E+01
 3.942500E+02  2.994681E+01  3.830995E+01
 3.945000E+02  2.995121E+01  3.831425E+01
 3.947500E+02  2.995561E+01  3.831856E+01
 3.950000E+02  2.996000E+01  3.832286E+01
 3.952500E+02  2.996440E+01  3.832717E+01
 3.955000E+02  2.996880E+01  3.833147E+01
 3.957500E+02  2.997320E+01  3.833578E+01
 3.960000E+02  2.997760E+01  3.834009E+01
 3.962500E+02  2.998200E+01  3.834440E+01
 3.965000E+02  2.998640E+01  3.834871E+01
 3.967500E+02  2.999081E+01  3.835303E+01
 3.970000E+02  2.999521E+01  3.835734E+01
 3.972500E+02  2.999962E+01  3.836166E+01
 3.975000E+02  3.000402E+01  3.836597E+01
 3.977500E+02  3.000843E+01  3.837029E+01
 3.980000E+02  3.001284E+01  3.837461E+01
 3.982500E+02  3.001725E+01  3.837893E+01
 3.985000E+02  3.002166E+01  3.838325E+01
 3.987500E+02  3.002607E+01  3.838757E+01
 3.990000E+02  3.003048E+01  3.839190E+01
 3.992500E+02  3.003489E+01  3.839622E+01
 3.995000E+02  3.003930E+01  3.840055E+01
 3.997500E+02  3.004372E+01  3.840487E+01
 4.000000E+02  3.004813E+01  3.840920E+01
 4.002500E+02  3.005255E+01  3.841353E+01
 4.005000E+02  3.005696E+01  3.841786E+01
 4.007500E+02  3.006138E+01  3.842219E+01
 4.010000E+02  3.006580E+01  3.842652E+01
 4.012500E+02  3.007021E+01  3.843086E+01
 4.015000E+02  3.007463E+01  3.843519E+01
 4.017500E+02  3.007905E+01  3.843953E+01
 4.020000E+02  3.008348E+01  3.844386E+01
 4.022500E+02  3.008790E+01  3.844820E+01
 4.025000E+02  3.009232E+01  3.845254E+01
 4.027500E+02  3.009674E+01  3.845688E+01
 4.030000E+02  3.010117E+01  3.846122E+01
 4.032500E+02  3.010559E+01  3.846556E+01
 4.035000E+02  3.011002E+01  3.846991E+01
 4.037500E+02  3.011444E+01  3.847425E+01
 4.040000E+02  3.011887E+01  3.847860E+01
 4.042500E+02  3.012330E+01  3.848294E+01
 4.045000E+02  3.012773E+01  3.848729E+01
 4.047500E+02  3.013216E+01  3.849164E+01
 4.050000E+02  3.013659E+01  3.849599E+01
 4.052500E+02  3.014102E+01  3.850034E+01
 4.055000E+02  3.014545E+01  3.850469E+01
 4.057500E+02  3.014988E+01  3.850904E+01
 4.060000E+02  3.015432E+01  3.851339E+01
 4.062500E+02  3.015875E+01  3.851775E+01
 4.065000E+02  3.016319E+01  3.852210E+01
 4.067500E+02  3.016762E+01  3.852646E+01
 4.070000E+02  3.017206E+01  3.853081E+01
 4.072500E+02  3.017649E+01  3.853517E+01
 4.075000E+02  3.018093E+01  3.853953E+01
 4.077500E+02  3.018537E+01  3.854389E+01
 4.080000E+02  3.018981E+01  3.854825E+01
 4.082500E+02  3.019425E+01  3.855261E+01
 4.085000E+02  3.019869E+01  3.855698E+01
 4.087500E+02  3.020313E+01  3.856134E+01
 4.090000E+02  3.020757E+01  3.856570E+01
 4.092500E+02  3.021201E+01  3.857007E+01
 4.095000E+02  3.021646E+01  3.857444E+01
 4.097500E+02  3.022090E+01  3.857880E+01
 4.100000E+02  3.022534E+01  3.858317E+01
 4.102500E+02  3.022979E+01  3.858754E+01
 4.105000E+02  3.023423E+01  3.859191E+01
 4.107500E+02  3.023868E+01  3.859628E+01
 4.110000E+02  3.024313E+01  3.860065E+01
 4.112500E+02  3.024757E+01  3.860502E+01
 4.115000E+02  3.025202E+01  3.860940E+01
 4.117500E+02  3.025647E+01  3.861377E+01
 4.120000E+02  3.026092E+01  3.861815E+01
 4.122500E+02  3.026537E+01  3.862252E+01
 4.125000E+02  3.026982E+01  3.862690E+01
 4.127500E+02  3.027427E+01  3.863128E+01
 4.130000E+02  3.027872E+01  3.863565E+01
 4.132500E+02  3.028318E+01  3.864003E+01
 4.135000E+02  3.028763E+01  3.864441E+01
 4.137500E+02  3.029208E+01  3.864879E+01
 4.140000E+02  3.029654E+01  3.865318E+01
 4.142500E+02  3.030099E+01  3.865756E+01
 4.145000E+02  3.030545E+01  3.866194E+01
 4.147500E+02  3.030990E+01  3.866633E+01
 4.150000E+02  3.031436E+01  3.867071E+01
 4.152500E+02  3.031882E+01  3.867510E+01
 4.155000E+02  3.032328E+01  3.867948E+01
 4.157500E+02  3.032773E+01  3.868387E+01
 4.160000E+02  3.033219E+01  3.868826E+01
 4.162500E+02  3.033665E+01  3.869265E+01
 4.165000E+02  3.034111E+01  3.869704E+01
 4.167500E+02  3.034557E+01  3.870143E+01
 4.170000E+02  3.035003E+01  3.870582E+01
 4.172500E+02  3.035450E+01  3.871021E+01
 4.175000E+02  3.035896E+01  3.871460E+01
 4.177500E+02  3.036342E+01  3.871900E+01
 4.180000E+02  3.036788E+01  3.872339E+01
 4.182500E+02  3.037235E+01  3.872778E+01
 4.185000E+02  3.037681E+01  3.873218E+01
 4.187500E+02  3.038128E+01  3.873658E+01
 4.190000E+02  3.038574E+01  3.874097E+01
 4.192500E+02  3.039021E+01  3.874537E+01
 4.195000E+02  3.039467E+01  3.874977E+01
 4.197500E+02  3.039914E+01  3.875417E+01
 4.200000E+02  3.040361E+01  3.875857E+01
 4.202500E+02  3.040808E+01  3.876297E+01
 4.205000E+02  3.041255E+01  3.876737E+01
 4.207500E+02  3.041701E+01  3.877177E+01
 4.210000E+02  3.042148E+01  3.877617E+01
 4.212500E+02  3.042595E+01  3.878058E+01
 4.215000E+02  3.043042E+01  3.878498E+01
 4.217500E+02  3.043489E+01  3.878938E+01
 4.220000E+02  3.043937E+01  3.879379E+01
 4.222500E+02  3.044384E+01  3.879820E+01
 4.225000E+02  3.044831E+01  3.880260E+01
 4.227500E+02  3.045278E+01  3.880701E+01
 4.230000E+02  3.045726E+01  3.881142E+01
 4.232500E+02  3.046173E+01  3.881582E+01
 4.235000E+02  3.046620E+01  3.882023E+01
 4.237500E+02  3.047068E+01  3.882464E+01
 4.240000E+02  3.047515E+01  3.882905E+01
 4.242500E+02  3.047963E+01  3.883346E+01
 4.245000E+02  3.048410E+01  3.883788E+01
 4.247500E+02  3.048858E+01  3.884229E+01
 4.250000E+02  3.049306E+01  3.884670E+01
 4.252500E+02  3.049753E+01  3.885111E+01
 4.255000E+02  3.050201E+01  3.885553E+01
 4.257500E+02  3.050649E+01  3.885994E+01
 4.260000E+02  3.051097E+01  3.886436E+01
 4.262500E+02  3.051545E+01  3.886877E+01
 4.265000E+02  3.051993E+01  3.887319E+01
 4.267500E+02  3.052441E+01  3.887761E+01
 4.270000E+02  3.052889E+01  3.888202E+01
 4.272500E+02  3.053337E+01  3.888644E+01
 4.275000E+02  3.053785E+01  3.889086E+01
 4.277500E+02  3.054233E+01  3.889528E+01
 4.280000E+02  3.054681E+01  3.889970E+01
 4.282500E+02  3.055129E+01  3.890412E+01
 4.285000E+02  3.055577E+01  3.890854E+01
 4.287500E+02  3.056026E+01  3.891296E+01
 4.290000E+02  3.056474E+01  3.891738E+01
 4.292500E+02  3.056922E+01  3.892181E+01
 4.295000E+02  3.057371E+01  3.892623E+01
 4.297500E+02  3.057819E+01  3.893065E+01
 4.300000E+02  3.058267E+01  3.893508E+01
 4.302500E+02  3.058716E+01  3.893950E+01
 4.305000E+02  3.059165E+01  3.894393E+01
 4.307500E+02  3.059613E+01  3.894835E+01
 4.310000E+02  3.060062E+01  3.895278E+01
 4.312500E+02  3.060510E+01  3.895720E+01
 4.315000E+02  3.060959E+01  3.896163E+01
 4.317500E+02  3.061408E+01  3.896606E+01
 4.320000E+02  3.061856E+01  3.897049E+01
 4.322500E+02  3.062305E+01  3.897491E+01
 4.325000E+02  3.062754E+01  3.897934E+01
 4.327500E+02  3.063203E+01  3.898377E+01
 4.330000E+02  3.063652E+01  3.898820E+01
 4.332500E+02  3.064100E+01  3.899263E+01
 4.335000E+02  3.064549E+01  3.899706E+01
 4.337500E+02  3.064998E+01  3.900150E+01
 4.340000E+02  3.065447E+01  3.900593E+01
 4.342500E+02  3.065896E+01  3.901036E+01
 4.345000E+02  3.066345E+01  3.901479E+01
 4.347500E+02  3.066794E+01  3.901922E+01
 4.350000E+02  3.067243E+01  3.902366E+01
 4.352500E+02  3.067693E+01  3.902809E+01
 4.355000E+02  3.068142E+01  3.903253E+01
 4.357500E+02  3.068591E+01  3.903696E+01
 4.360000E+02  3.069040E+01  3.904140E+01
 4.362500E+02  3.069489E+01  3.904583E+01
 4.365000E+02  3.069939E+01  3.905027E+01
 4.367500E+02  3.070388E+01  3.905471E+01
 4.370000E+02  3.070837E+01  3.905914E+01
 4.372500E+02  3.071287E+01  3.906358E+01
 4.375000E+02  3.071736E+01  3.906802E+01
 4.377500E+02  3.072185E+01  3.907246E+01
 4.380000E+02  3.072635E+01  3.907689E+01
 4.382500E+02  3.073084E+01  3.908133E+01
 4.385000E+02  3.073534E+01  3.908577E+01
 4.387500E+02  3.073983E+01  3.909021E+01
 4.390000E+02  3.074433E+01  3.909465E+01
 4.392500E+02  3.074882E+01  3.909909E+01
 4.395000E+02  3.075332E+01  3.910353E+01
 4.397500E+02  3.075781E+01  3.910798E+01
 4.400000E+02  3.076231E+01  3.911242E+01
 4.402500E+02  3.076681E+01  3.911686E+01
 4.405000E+02  3.077130E+01  3.912130E+01
 4.407500E+02  3.077580E+01  3.912574E+01
 4.410000E+02  3.078030E+01  3.913019E+01
 4.412500E+02  3.078479E+01  3.913463E+01
 4.415000E+02  3.078929E+01  3.913907E+01
 4.417500E+02  3.079379E+01  3.914352E+01
 4.420000E+02  3.079829E+01  3.914796E+01
 4.422500E+02  3.080278E+01  3.915241E+01
 4.425000E+02  3.080728E+01  3.915685E+01
 4.427500E+02  3.081178E+01  3.916130E+01
 4.430000E+02  3.081628E+01  3.916574E+01
 4.432500E+02  3.082078E+01  3.917019E+01
 4.435000E+02  3.082528E+01  3.917464E+01
 4.437500E+02  3.082978E+01  3.917908E+01
 4.440000E+02  3.083427E+01  3.918353E+01
 4.442500E+02  3.083877E+01  3.918798E+01
 4.445000E+02  3.084327E+01  3.919242E+01
 4.447500E+02  3.084777E+01  3.919687E+01
 4.450000E+02  3.085227E+01  3.920132E+01
 4.452500E+02  3.085677E+01  3.920577E+01
 4.455000E+02  3.086127E+01  3.921022E+01
 4.457500E+02  3.086577E+01  3.921467E+01
 4.460000E+02  3.087027E+01  3.921912E+01
 4.462500E+02  3.087478E+01  3.922357E+01
 4.465000E+02  3.087928E+01  3.922802E+01
 4.467500E+02  3.088378E+01  3.923247E+01
 4.470000E+02  3.088828E+01  3.923692E+01
 4.472500E+02  3.089278E+01  3.924137E+01
 4.475000E+02  3.089728E+01  3.924582E+01
 4.477500E+02  3.090178E+01  3.925027E+01
 4.480000E+02  3.090628E+01  3.925472E+01
 4.482500E+02  3.091079E+01  3.925917E+01
 4.485000E+02  3.091529E+01  3.926362E+01
 4.487500E+02  3.091979E+01  3.926808E+01
 4.490000E+02  3.092429E+01  3.927253E+01
 4.492500E+02  3.092879E+01  3.927698E+01
 4.495000E+02  3.093330E+01  3.928143E+01
 4.497500E+02  3.093780E+01  3.928589E+01
 4.500000E+02  3.094230E+01  3.929034E+01
 4.502500E+02  3.094681E+01  3.929480E+01
 4.505000E+02  3.095131E+01  3.929925E+01
 4.507500E+02  3.095581E+01  3.930370E+01
 4.510000E+02  3.096031E+01  3.930816E+01
 4.512500E+02  3.096482E+01  3.931261E+01
 4.515000E+02  3.096932E+01  3.931707E+01
 4.517500E+02  3.097382E+01  3.932152E+01
 4.520000E+02  3.097833E+01  3.932598E+01
 4.522500E+02  3.098283E+01  3.933043E+01
 4.525000E+02  3.098733E+01  3.933489E+01
 4.527500E+02  3.099184E+01  3.933934E+01
 4.530000E+02  3.099634E+01  3.934380E+01
 4.532500E+02  3.100085E+01  3.934826E+01
 4.535000E+02  3.100535E+01  3.935271E+01
 4.537500E+02  3.100985E+01  3.935717E+01
 4.540000E+02  3.101436E+01  3.936162E+01
 4.542500E+02  3.101886E+01  3.936608E+01
 4.545000E+02  3.102337E+01  3.937054E+01
 4.547500E+02  3.102787E+01  3.937500E+01
 4.550000E+02  3.103237E+01  3.937945E+01
 4.552500E+02  3.103688E+01  3.938391E+01
 4.555000E+02  3.104138E+01  3.938837E+01
 4.557500E+02  3.104589E+01  3.939283E+01
 4.560000E+02  3.105039E+01  3.939728E+01
 4.562500E+02  3.105490E+01  3.940174E+01
 4.565000E+02  3.105940E+01  3.940620E+01
 4.567500E+02  3.106391E+01  3.941066E+01
 4.570000E+02  3.106841E+01  3.941512E+01
 4.572500E+02  3.107292E+01  3.941958E+01
 4.575000E+02  3.107742E+01  3.942404E+01
 4.577500E+02  3.108192E+01  3.942849E+01
 4.580000E+02  3.108643E+01  3.943295E+01
 4.582500E+02  3.109093E+01  3.943741E+01
 4.585000E+02  3.109544E+01  3.944187E+01
 4.587500E+02  3.109994E+01  3.944633E+01
 4.590000E+02  3.110445E+01  3.945079E+01
 4.592500E+02  3.110895E+01  3.945525E+01
 4.595000E+02  3.111346E+01  3.945971E+01
 4.597500E+02  3.111796E+01  3.946417E+01
 4.600000E+02  3.112247E+01  3.946863E+01
 4.602500E+02  3.112697E+01  3.947309E+01
 4.605000E+02  3.113148E+01  3.947755E+01
 4.607500E+02  3.113598E+01  3.948201E+01
 4.610000E+02  3.114049E+01  3.948647E+01
 4.612500E+02  3.114499E+01  3.949093E+01
 4.615000E+02  3.114950E+01  3.949539E+01
 4.617500E+02  3.115400E+01  3.949985E+01
 4.620000E+02  3.115851E+01  3.950432E+01
 4.622500E+02  3.116301E+01  3.950878E+01
 4.625000E+02  3.116752E+01  3.951324E+01
 4.627500E+02  3.117202E+01  3.951770E+01
 4.630000E+02  3.117653E+01  3.952216E+01
 4.632500E+02  3.118103E+01  3.952662E+01
 4.635000E+02  3.118554E+01  3.953108E+01
 4.637500E+02  3.119004E+01  3.953554E+01
 4.640000E+02  3.119455E+01  3.954001E+01
 4.642500E+02  3.119905E+01  3.954447E+01
 4.645000E+02  3.120355E+01  3.954893E+01
 4.647500E+02  3.120806E+01  3.955339E+01
 4.650000E+02  3.121256E+01  3.955785E+01
 4.652500E+02  3.121707E+01  3.956231E+01
 4.655000E+02  3.122157E+01  3.956678E+01
 4.657500E+02  3.122608E+01  3.957124E+01
 4.660000E+02  3.123058E+01  3.957570E+01
 4.662500E+02  3.123509E+01  3.958016E+01
 4.665000E+02  3.123959E+01  3.958462E+01
 4.667500E+02  3.124409E+01  3.958909E+01
 4.670000E+02  3.124860E+01  3.959355E+01
 4.672500E+02  3.125310E+01  3.959801E+01
 4.675000E+02  3.125761E+01  3.960247E+01
 4.677500E+02  3.126211E+01  3.960693E+01
 4.680000E+02  3.126661E+01  3.961140E+01
 4.682500E+02  3.127112E+01  3.961586E+01
 4.685000E+02  3.127562E+01  3.962032E+01
 4.687500E+02  3.128012E+01  3.962478E+01
 4.690000E+02  3.128463E+01  3.962925E+01
 4.692500E+02  3.128913E+01  3.963371E+01
 4.695000E+02  3.129363E+01  3.963817E+01
 4.697500E+02  3.129814E+01  3.964263E+01
 4.700000E+02  3.130264E+01  3.964709E+01
 4.702500E+02  3.130714E+01  3.965156E+01
 4.705000E+02  3.131165E+01  3.965602E+01
 4.707500E+02  3.131615E+01  3.966048E+01
 4.710000E+02  3.132065E+01  3.966494E+01
 4.712500E+02  3.132516E+01  3.966941E+01
 4.715000E+02  3.132966E+01  3.967387E+01
 4.717500E+02  3.133416E+01  3.967833E+01
 4.720000E+02  3.133866E+01  3.968279E+01
 4.722500E+02  3.134317E+01  3.968726E+01
 4.725000E+02  3.134767E+01  3.969172E+01
 4.727500E+02  3.135217E+01  3.969618E+01
 4.730000E+02  3.135667E+01  3.970064E+01
 4.732500E+02  3.136117E+01  3.970510E+01
 4.735000E+02  3.136568E+01  3.970957E+01
 4.737500E+02  3.137018E+01  3.971403E+01
 4.740000E+02  3.137468E+01  3.971849E+01
 4.742500E+02  3.137918E+01  3.972295E+01
 4.745000E+02  3.138368E+01  3.972741E+01
 4.747500E+02  3.138818E+01  3.973188E+01
 4.750000E+02  3.139268E+01  3.973634E+01
 4.752500E+02  3.139718E+01  3.974080E+01
 4.755000E+02  3.140169E+01  3.974526E+01
 4.757500E+02  3.140619E+01  3.974972E+01
 4.760000E+02  3.141069E+01  3.975419E+01
 4.762500E+02  3.141519E+01  3.975865E+01
 4.765000E+02  3.141969E+01  3.976311E+01
 4.767500E+02  3.142419E+01  3.976757E+01
 4.770000E+02  3.142869E+01  3.977203E+01
 4.772500E+02  3.143319E+01  3.977649E+01
 4.775000E+02  3.143769E+01  3.978096E+01
 4.777500E+02  3.144219E+01  3.978542E+01
 4.780000E+02  3.144669E+01  3.978988E+01
 4.782500E+02  3.145119E+01  3.979434E+01
 4.785000E+02  3.145568E+01  3.979880E+01
 4.787500E+02  3.146018E+01  3.980326E+01
 4.790000E+02  3.146468E+01  3.980772E+01
 4.792500E+02  3.146918E+01  3.981218E+01
 4.795000E+02  3.147368E+01  3.981664E+01
 4.797500E+02  3.147818E+01  3.982111E+01
 4.800000E+02  3.148268E+01  3.982557E+01
 4.802500E+02  3.148717E+01  3.983003E+01
 4.805000E+02  3.149167E+01  3.983449E+01
 4.807500E+02  3.149617E+01  3.983895E+01
 4.810000E+02  3.150067E+01  3.984341E+01
 4.812500E+02  3.150516E+01  3.984787E+01
 4.815000E+02  3.150966E+01  3.985233E+01
 4.817500E+02  3.151416E+01  3.985679E+01
 4.820000E+02  3.151865E+01  3.986125E+01
 4.822500E+02  3.152315E+01  3.986571E+01
 4.825000E+02  3.152765E+01  3.987017E+01
 4.827500E+02  3.153214E+01  3.987463E+01
 4.830000E+02  3.153664E+01  3.987909E+01
 4.832500E+02  3.154114E+01  3.988355E+01
 4.835000E+02  3.154563E+01  3.988801E+01
 4.837500E+02  3.155013E+01  3.989246E+01
 4.840000E+02  3.155462E+01  3.989692E+01
 4.842500E+02  3.155912E+01  3.990138E+01
 4.845000E+02  3.156361E+01  3.990584E+01
 4.847500E+02  3.156811E+01  3.991030E+01
 4.850000E+02  3.157260E+01  3.991476E+01
 4.852500E+02  3.157710E+01  3.991922E+01
 4.855000E+02  3.158159E+01  3.992368E+01
 4.857500E+02  3.158608E+01  3.992813E+01
 4.860000E+02  3.159058E+01  3.993259E+01
 4.862500E+02  3.159507E+01  3.993705E+01
 4.865000E+02  3.159956E+01  3.994151E+01
 4.867500E+02  3.160406E+01  3.994597E+01
 4.870000E+02  3.160855E+01  3.995042E+01
 4.872500E+02  3.161304E+01  3.995488E+01
 4.875000E+02  3.161754E+01  3.995934E+01
 4.877500E+02  3.162203E+01  3.996379E+01
 4.880000E+02  3.162652E+01  3.996825E+01
 4.882500E+02  3.163101E+01  3.997271E+01
 4.885000E+02  3.163550E+01  3.997717E+01
 4.887500E+02  3.163999E+01  3.998162E+01
 4.890000E+02  3.164449E+01  3.998608E+01
 4.892500E+02  3.164898E+01  3.999053E+01
 4.895000E+02  3.165347E+01  3.999499E+01
 4.897500E+02  3.165796E+01  3.999945E+01
 4.900000E+02  3.166245E+01  4.000390E+01
 4.902500E+02  3.166694E+01  4.000836E+01
 4.905000E+02  3.167143E+01  4.001281E+01
 4.907500E+02  3.167592E+01  4.001727E+01
 4.910000E+02  3.168041E+01  4.002172E+01
 4.912500E+02  3.168489E+01  4.002618E+01
 4.915000E+02  3.168938E+01  4.003063E+01
 4.917500E+02  3.169387E+01  4.003509E+01
 4.920000E+02  3.169836E+01  4.003954E+01
 4.922500E+02  3.170285E+01  4.004400E+01
 4.925000E+02  3.170734E+01  4.004845E+01
 4.927500E+02  3.171182E+01  4.005290E+01
 4.930000E+02  3.171631E+01  4.005736E+01
 4.932500E+02  3.172080E+01  4.006181E+01
 4.935000E+02  3.172529E+01  4.006626E+01
 4.937500E+02  3.172977E+01  4.007072E+01
 4.940000E+02  3.173426E+01  4.007517E+01
 4.942500E+02  3.173874E+01  4.007962E+01
 4.945000E+02  3.174323E+01  4.008408E+01
 4.947500E+02  3.174772E+01  4.008853E+01
 4.950000E+02  3.175220E+01  4.009298E+01
 4.952500E+02  3.175669E+01  4.009743E+01
 4.955000E+02  3.176117E+01  4.010188E+01
 4.957500E+02  3.176566E+01  4.010634E+01
 4.960000E+02  3.177014E+01  4.011079E+01
 4.962500E+02  3.177462E+01  4.011524E+01
 4.965000E+02  3.177911E+01  4.011969E+01
 4.967500E+02  3.178359E+01  4.012414E+01
 4.970000E+02  3.178807E+01  4.012859E+01
 4.972500E+02  3.179256E+01  4.013304E+01
 4.975000E+02  3.179704E+01  4.013749E+01
 4.977500E+02  3.180152E+01  4.014194E+01
 4.980000E+02  3.180600E+01  4.014639E+01
 4.982500E+02  3.181049E+01  4.015084E+01
 4.985000E+02  3.181497E+01  4.015529E+01
 4.987500E+02  3.181945E+01  4.015974E+01
 4.990000E+02  3.182393E+01  4.016419E+01
 4.992500E+02  3.182841E+01  4.016864E+01
 4.995000E+02  3.183289E+01  4.017308E+01
 4.997500E+02  3.183737E+01  4.017753E+01
 5.000000E+02  3.184185E+01  4.018200E+01
