#         T/K          U/kJ          H/kJ      S/J*K^-1
 2.500000E+02  2.726582E+01  2.726793E+01  7.690024E+01
 2.502500E+02  2.727550E+01  2.727761E+01  7.693895E+01
 2.505000E+02  2.728519E+01  2.728729E+01  7.697763E+01
 2.507500E+02  2.729488E+01  2.729698E+01  7.701629E+01
 2.510000E+02  2.730457E+01  2.730668E+01  7.705493E+01
 2.512500E+02  2.731426E+01  2.731637E+01  7.709354E+01
 2.515000E+02  2.732396E+01  2.732607E+01  7.713213E+01
 2.517500E+02  2.733367E+01  2.733577E+01  7.717069E+01
 2.520000E+02  2.734337E+01  2.734548E+01  7.720922E+01
 2.522500E+02  2.735308E+01  2.735519E+01  7.724774E+01
 2.525000E+02  2.736280E+01  2.736490E+01  7.728623E+01
 2.527500E+02  2.737251E+01  2.737462E+01  7.732469E+01
 2.530000E+02  2.738223E+01  2.738434E+01  7.736313E+01
 2.532500E+02  2.739196E+01  2.739407E+01  7.740155E+01
 2.535000E+02  2.740169E+01  2.740379E+01  7.743994E+01
 2.537500E+02  2.741142E+01  2.741353E+01  7.747831E+01
 2.540000E+02  2.742115E+01  2.742326E+01  7.751666E+01
 2.542500E+02  2.743089E+01  2.743300E+01  7.755498E+01
 2.545000E+02  2.744063E+01  2.744274E+01  7.759328E+01
 2.547500E+02  2.745038E+01  2.745249E+01  7.763155E+01
 2.550000E+02  2.746013E+01  2.746224E+01  7.766980E+01
 2.552500E+02  2.746988E+01  2.747199E+01  7.770803E+01
 2.555000E+02  2.747964E+01  2.748175E+01  7.774624E+01
 2.557500E+02  2.748940E+01  2.749151E+01  7.778442E+01
 2.560000E+02  2.749916E+01  2.750127E+01  7.782258E+01
 2.562500E+02  2.750893E+01  2.751104E+01  7.786071E+01
 2.565000E+02  2.751870E+01  2.752081E+01  7.789883E+01
 2.567500E+02  2.752848E+01  2.753058E+01  7.793692E+01
 2.570000E+02  2.753825E+01  2.754036E+01  7.797499E+01
 2.572500E+02  2.754804E+01  2.755015E+01  7.801303E+01
 2.575000E+02  2.755782E+01  2.755993E+01  7.805105E+01
 2.577500E+02  2.756761E+01  2.756972E+01  7.808905E+01
 2.580000E+02  2.757741E+01  2.757951E+01  7.812703E+01
 2.582500E+02  2.758720E+01  2.758931E+01  7.816498E+01
 2.585000E+02  2.759700E+01  2.759911E+01  7.820292E+01
 2.587500E+02  2.760681E+01  2.760892E+01  7.824083E+01
 2.590000E+02  2.761662E+01  2.761873E+01  7.827871E+01
 2.592500E+02  2.762643E+01  2.762854E+01  7.831658E+01
 2.595000E+02  2.763624E+01  2.763835E+01  7.835443E+01
 2.597500E+02  2.764606E+01  2.764817E+01  7.839225E+01
 2.600000E+02  2.765589E+01  2.765800E+01  7.843005E+01
 2.602500E+02  2.766571E+01  2.766782E+01  7.846783E+01
 2.605000E+02  2.767554E+01  2.767765E+01  7.850558E+01
 2.607500E+02  2.768538E+01  2.768749E+01  7.854332E+01
 2.610000E+02  2.769522E+01  2.769733E+01  7.858103E+01
 2.612500E+02  2.770506E+01  2.770717E+01  7.861873E+01
 2.615000E+02  2.771491E+01  2.771702E+01  7.865640E+01
 2.617500E+02  2.772476E+01  2.772687E+01  7.869405E+01
 2.620000E+02  2.773461E+01  2.773672E+01  7.873168E+01
 2.622500E+02  2.774447E+01  2.774658E+01  7.876928E+01
 2.625000E+02  2.775433E+01  2.775644E+01  7.880687E+01
 2.627500E+02  2.776420E+01  2.776631E+01  7.884444E+01
 2.630000E+02  2.777407E+01  2.777618E+01  7.888198E+01
 2.632500E+02  2.778394E+01  2.778605E+01  7.891951E+01
 2.635000E+02  2.779382E+01  2.779593E+01  7.895701E+01
 2.637500E+02  2.780370E+01  2.780581E+01  7.899450E+01
 2.640000E+02  2.781358E+01  2.781570E+01  7.903196E+01
 2.642500E+02  2.782347E+01  2.782558E+01  7.906940E+01
 2.645000E+02  2.783337E+01  2.783548E+01  7.910682E+01
 2.647500E+02  2.784326E+01  2.784538E+01  7.914423E+01
 2.650000E+02  2.785317E+01  2.785528E+01  7.918161E+01
 2.652500E+02  2.786307E+01  2.786518E+01  7.921897E+01
 2.655000E+02  2.787298E+01  2.787509E+01  7.925631E+01
 2.657500E+02  2.788290E+01  2.788501E+01  7.929363E+01
 2.660000E+02  2.789281E+01  2.789492E+01  7.933094E+01
 2.662500E+02  2.790273E+01  2.790485E+01  7.936822E+01
 2.665000E+02  2.791266E+01  2.791477E+01  7.940548E+01
 2.667500E+02  2.792259E+01  2.792470E+01  7.944273E+01
 2.670000E+02  2.793252E+01  2.793464E+01  7.947995E+01
 2.672500E+02  2.794246E+01  2.794457E+01  7.951716E+01
 2.675000E+02  2.795241E+01  2.795452E+01  7.955434E+01
 2.677500E+02  2.796235E+01  2.796446E+01  7.959151E+01
 2.680000E+02  2.797230E+01  2.797441E+01  7.962866E+01
 2.682500E+02  2.798226E+01  2.798437E+01  7.966578E+01
 2.685000E+02  2.799222E+01  2.799433E+01  7.970289E+01
 2.687500E+02  2.800218E+01  2.800429E+01  7.973999E+01
 2.690000E+02  2.801215E+01  2.801426E+01  7.977706E+01
 2.692500E+02  2.802212E+01  2.802423E+01  7.981411E+01
 2.695000E+02  2.803210E+01  2.803421E+01  7.985115E+01
 2.697500E+02  2.804208E+01  2.804419E+01  7.988816E+01
 2.700000E+02  2.805206E+01  2.805417E+01  7.992516E+01
 2.702500E+02  2.806205E+01  2.806416E+01  7.996214E+01
 2.705000E+02  2.807205E+01  2.807416E+01  7.999910E+01
 2.707500E+02  2.808204E+01  2.808416E+01  8.003605E+01
 2.710000E+02  2.809205E+01  2.809416E+01  8.007297E+01
 2.712500E+02  2.810205E+01  2.810416E+01  8.010988E+01
 2.715000E+02  2.811206E+01  2.811418E+01  8.014677E+01
 2.717500E+02  2.812208E+01  2.812419E+01  8.018364E+01
 2.720000E+02  2.813210E+01  2.813421E+01  8.022050E+01
 2.722500E+02  2.814212E+01  2.814424E+01  8.025734E+01
 2.725000E+02  2.815215E+01  2.815426E+01  8.029416E+01
 2.727500E+02  2.816218E+01  2.816430E+01  8.033096E+01
 2.730000E+02  2.817222E+01  2.817434E+01  8.036775E+01
 2.732500E+02  2.818227E+01  2.818438E+01  8.040451E+01
 2.735000E+02  2.819231E+01  2.819442E+01  8.044127E+01
 2.737500E+02  2.820236E+01  2.820448E+01  8.047800E+01
 2.740000E+02  2.821242E+01  2.821453E+01  8.051472E+01
 2.742500E+02  2.822248E+01  2.822459E+01  8.055142E+01
 2.745000E+02  2.823254E+01  2.823466E+01  8.058810E+01
 2.747500E+02  2.824261E+01  2.824473E+01  8.062477E+01
 2.750000E+02  2.825269E+01  2.825480E+01  8.066142E+01
 2.752500E+02  2.826277E+01  2.826488E+01  8.069806E+01
 2.755000E+02  2.827285E+01  2.827497E+01  8.073467E+01
 2.757500E+02  2.828294E+01  2.828505E+01  8.077128E+01
 2.760000E+02  2.829303E+01  2.829515E+01  8.080786E+01
 2.762500E+02  2.830313E+01  2.830524E+01  8.084443E+01
 2.765000E+02  2.831323E+01  2.831535E+01  8.088099E+01
 2.767500E+02  2.832334E+01  2.832545E+01  8.091752E+01
 2.770000E+02  2.833345E+01  2.833557E+01  8.095405E+01
 2.772500E+02  2.834357E+01  2.834568E+01  8.099055E+01
 2.775000E+02  2.835369E+01  2.835581E+01  8.102704E+01
 2.777500E+02  2.836382E+01  2.836593E+01  8.106352E+01
 2.780000E+02  2.837395E+01  2.837606E+01  8.109998E+01
 2.782500E+02  2.838409E+01  2.838620E+01  8.113643E+01
 2.785000E+02  2.839423E+01  2.839634E+01  8.117286E+01
 2.787500E+02  2.840437E+01  2.840649E+01  8.120927E+01
 2.790000E+02  2.841452E+01  2.841664E+01  8.124567E+01
 2.792500E+02  2.842468E+01  2.842679E+01  8.128206E+01
 2.795000E+02  2.843484E+01  2.843696E+01  8.131843E+01
 2.797500E+02  2.844501E+01  2.844712E+01  8.135478E+01
 2.800000E+02  2.845518E+01  2.845729E+01  8.139112E+01
 2.802500E+02  2.846535E+01  2.846747E+01  8.142745E+01
 2.805000E+02  2.847554E+01  2.847765E+01  8.146376E+01
 2.807500E+02  2.848572E+01  2.848784E+01  8.150006E+01
 2.810000E+02  2.849591E+01  2.849803E+01  8.153635E+01
 2.812500E+02  2.850611E+01  2.850822E+01  8.157261E+01
 2.815000E+02  2.851631E+01  2.851842E+01  8.160887E+01
 2.817500E+02  2.852652E+01  2.852863E+01  8.164511E+01
 2.820000E+02  2.853673E+01  2.853884E+01  8.168134E+01
 2.822500E+02  2.854695E+01  2.854906E+01  8.171756E+01
 2.825000E+02  2.855717E+01  2.855928E+01  8.175376E+01
 2.827500E+02  2.856739E+01  2.856951E+01  8.178994E+01
 2.830000E+02  2.857763E+01  2.857974E+01  8.182612E+01
 2.832500E+02  2.858787E+01  2.858998E+01  8.186228E+01
 2.835000E+02  2.859811E+01  2.860022E+01  8.189843E+01
 2.837500E+02  2.860836E+01  2.861047E+01  8.193456E+01
 2.840000E+02  2.861861E+01  2.862073E+01  8.197068E+01
 2.842500E+02  2.862887E+01  2.863099E+01  8.200679E+01
 2.845000E+02  2.863913E+01  2.864125E+01  8.204288E+01
 2.847500E+02  2.864940E+01  2.865152E+01  8.207897E+01
 2.850000E+02  2.865968E+01  2.866180E+01  8.211504E+01
 2.852500E+02  2.866996E+01  2.867208E+01  8.215110E+01
 2.855000E+02  2.868025E+01  2.868236E+01  8.218714E+01
 2.857500E+02  2.869054E+01  2.869266E+01  8.222317E+01
 2.860000E+02  2.870084E+01  2.870295E+01  8.225919E+01
 2.862500E+02  2.871114E+01  2.871326E+01  8.229520E+01
 2.865000E+02  2.872145E+01  2.872356E+01  8.233120E+01
 2.867500E+02  2.873176E+01  2.873388E+01  8.236719E+01
 2.870000E+02  2.874208E+01  2.874420E+01  8.240316E+01
 2.872500E+02  2.875241E+01  2.875452E+01  8.243912E+01
 2.875000E+02  2.876274E+01  2.876485E+01  8.247507E+01
 2.877500E+02  2.877308E+01  2.877519E+01  8.251101E+01
 2.880000E+02  2.878342E+01  2.878553E+01  8.254693E+01
 2.882500E+02  2.879377E+01  2.879588E+01  8.258285E+01
 2.885000E+02  2.880412E+01  2.880624E+01  8.261875E+01
 2.887500E+02  2.881448E+01  2.881660E+01  8.265465E+01
 2.890000E+02  2.882484E+01  2.882696E+01  8.269053E+01
 2.892500E+02  2.883522E+01  2.883733E+01  8.272640E+01
 2.895000E+02  2.884559E+01  2.884771E+01  8.276226E+01
 2.897500E+02  2.885598E+01  2.885809E+01  8.279811E+01
 2.900000E+02  2.886636E+01  2.886848E+01  8.283395E+01
 2.902500E+02  2.887676E+01  2.887888E+01  8.286978E+01
 2.905000E+02  2.888716E+01  2.888928E+01  8.290560E+01
 2.907500E+02  2.889757E+01  2.889968E+01  8.294140E+01
 2.910000E+02  2.890798E+01  2.891010E+01  8.297720E+01
 2.912500E+02  2.891840E+01  2.892051E+01  8.301299E+01
 2.915000E+02  2.892882E+01  2.893094E+01  8.304877E+01
 2.917500E+02  2.893925E+01  2.894137E+01  8.308454E+01
 2.920000E+02  2.894969E+01  2.895181E+01  8.312029E+01
 2.922500E+02  2.896013E+01  2.896225E+01  8.315604E+01
 2.925000E+02  2.897058E+01  2.897270E+01  8.319178E+01
 2.927500E+02  2.898104E+01  2.898315E+01  8.322751E+01
 2.930000E+02  2.899150E+01  2.899362E+01  8.326323E+01
 2.932500E+02  2.900197E+01  2.900408E+01  8.329894E+01
 2.935000E+02  2.901244E+01  2.901456E+01  8.333464E+01
 2.937500E+02  2.902292E+01  2.902504E+01  8.337034E+01
 2.940000E+02  2.903341E+01  2.903552E+01  8.340602E+01
 2.942500E+02  2.904390E+01  2.904602E+01  8.344170E+01
 2.945000E+02  2.905440E+01  2.905652E+01  8.347736E+01
 2.947500E+02  2.906490E+01  2.906702E+01  8.351302E+01
 2.950000E+02  2.907542E+01  2.907753E+01  8.354867E+01
 2.952500E+02  2.908594E+01  2.908805E+01  8.358431E+01
 2.955000E+02  2.909646E+01  2.909858E+01  8.361994E+01
 2.957500E+02  2.910699E+01  2.910911E+01  8.365557E+01
 2.960000E+02  2.911753E+01  2.911965E+01  8.369118E+01
 2.962500E+02  2.912807E+01  2.913019E+01  8.372679E+01
 2.965000E+02  2.913862E+01  2.914074E+01  8.376239E+01
 2.967500E+02  2.914918E+01  2.915130E+01  8.379798E+01
 2.970000E+02  2.915975E+01  2.916186E+01  8.383357E+01
 2.972500E+02  2.917032E+01  2.917244E+01  8.386914E+01
 2.975000E+02  2.918089E+01  2.918301E+01  8.390471E+01
 2.977500E+02  2.919148E+01  2.919360E+01  8.394028E+01
 2.980000E+02  2.920207E+01  2.920419E+01  8.397583E+01
 2.982500E+02  2.921267E+01  2.921479E+01  8.401138E+01
 2.985000E+02  2.922327E+01  2.922539E+01  8.404692E+01
 2.987500E+02  2.923388E+01  2.923600E+01  8.408245E+01
 2.990000E+02  2.924450E+01  2.924662E+01  8.411798E+01
 2.992500E+02  2.925513E+01  2.925724E+01  8.415350E+01
 2.995000E+02  2.926576E+01  2.926788E+01  8.418901E+01
 2.997500E+02  2.927640E+01  2.927852E+01  8.422452E+01
 3.000000E+02  2.928704E+01  2.928916E+01  8.426002E+01
 3.002500E+02  2.929769E+01  2.929981E+01  8.429552E+01
 3.005000E+02  2.930835E+01  2.931047E+01  8.433101E+01
 3.007500E+02  2.931902E+01  2.932114E+01  8.436649E+01
 3.010000E+02  2.932970E+01  2.933181E+01  8.440196E+01
 3.012500E+02  2.934038E+01  2.934250E+01  8.443743E+01
 3.015000E+02  2.935106E+01  2.935318E+01  8.447290E+01
 3.017500E+02  2.936176E+01  2.936388E+01  8.450836E+01
 3.020000E+02  2.937246E+01  2.937458E+01  8.454381E+01
 3.022500E+02  2.938317E+01  2.938529E+01  8.457926E+01
 3.025000E+02  2.939389E+01  2.939601E+01  8.461470E+01
 3.027500E+02  2.940461E+01  2.940673E+01  8.465014E+01
 3.030000E+02  2.941534E+01  2.941746E+01  8.468557E+01
 3.032500E+02  2.942608E+01  2.942820E+01  8.472100E+01
 3.035000E+02  2.943683E+01  2.943895E+01  8.475642E+01
 3.037500E+02  2.944758E+01  2.944970E+01  8.479184E+01
 3.040000E+02  2.945834E+01  2.946046E+01  8.482725E+01
 3.042500E+02  2.946911E+01  2.947123E+01  8.486266E+01
 3.045000E+02  2.947989E+01  2.948201E+01  8.489807E+01
 3.047500E+02  2.949067E+01  2.949279E+01  8.493347E+01
 3.050000E+02  2.950146E+01  2.950358E+01  8.496886E+01
 3.052500E+02  2.951226E+01  2.951438E+01  8.500425E+01
 3.055000E+02  2.952307E+01  2.952519E+01  8.503964E+01
 3.057500E+02  2.953388E+01  2.953600E+01  8.507503E+01
 3.060000E+02  2.954471E+01  2.954683E+01  8.511041E+01
 3.062500E+02  2.955554E+01  2.955766E+01  8.514578E+01
 3.065000E+02  2.956637E+01  2.956849E+01  8.518115E+01
 3.067500E+02  2.957722E+01  2.957934E+01  8.521652E+01
 3.070000E+02  2.958807E+01  2.959019E+01  8.525189E+01
 3.072500E+02  2.959893E+01  2.960105E+01  8.528725E+01
 3.075000E+02  2.960980E+01  2.961192E+01  8.532261E+01
 3.077500E+02  2.962068E+01  2.962280E+01  8.535797E+01
 3.080000E+02  2.963156E+01  2.963368E+01  8.539332E+01
 3.082500E+02  2.964245E+01  2.964457E+01  8.542867E+01
 3.085000E+02  2.965335E+01  2.965547E+01  8.546402E+01
 3.087500E+02  2.966426E+01  2.966638E+01  8.549937E+01
 3.090000E+02  2.967518E+01  2.967730E+01  8.553471E+01
 3.092500E+02  2.968610E+01  2.968822E+01  8.557005E+01
 3.095000E+02  2.969704E+01  2.969916E+01  8.560539E+01
 3.097500E+02  2.970798E+01  2.971010E+01  8.564073E+01
 3.100000E+02  2.971893E+01  2.972105E+01  8.567606E+01
 3.102500E+02  2.972988E+01  2.973201E+01  8.571140E+01
 3.105000E+02  2.974085E+01  2.974297E+01  8.574673E+01
 3.107500E+02  2.975182E+01  2.975395E+01  8.578206E+01
 3.110000E+02  2.976281E+01  2.976493E+01  8.581738E+01
 3.112500E+02  2.977380E+01  2.977592E+01  8.585271E+01
 3.115000E+02  2.978480E+01  2.978692E+01  8.588804E+01
 3.117500E+02  2.979580E+01  2.979793E+01  8.592336E+01
 3.120000E+02  2.980682E+01  2.980894E+01  8.595868E+01
 3.122500E+02  2.981785E+01  2.981997E+01  8.599400E+01
 3.125000E+02  2.982888E+01  2.983100E+01  8.602933E+01
 3.127500E+02  2.983992E+01  2.984204E+01  8.606465E+01
 3.130000E+02  2.985097E+01  2.985309E+01  8.609997E+01
 3.132500E+02  2.986203E+01  2.986415E+01  8.613529E+01
 3.135000E+02  2.987310E+01  2.987522E+01  8.617060E+01
 3.137500E+02  2.988418E+01  2.988630E+01  8.620592E+01
 3.140000E+02  2.989526E+01  2.989738E+01  8.624124E+01
 3.142500E+02  2.990636E+01  2.990848E+01  8.627656E+01
 3.145000E+02  2.991746E+01  2.991958E+01  8.631188E+01
 3.147500E+02  2.992857E+01  2.993069E+01  8.634720E+01
 3.150000E+02  2.993969E+01  2.994182E+01  8.638252E+01
 3.152500E+02  2.995082E+01  2.995295E+01  8.641784E+01
 3.155000E+02  2.996196E+01  2.996408E+01  8.645316E+01
 3.157500E+02  2.997311E+01  2.997523E+01  8.648848E+01
 3.160000E+02  2.998427E+01  2.998639E+01  8.652380E+01
 3.162500E+02  2.999543E+01  2.999756E+01  8.655912E+01
 3.165000E+02  3.000661E+01  3.000873E+01  8.659445E+01
 3.167500E+02  3.001779E+01  3.001992E+01  8.662977E+01
 3.170000E+02  3.002899E+01  3.003111E+01  8.666510E+01
 3.172500E+02  3.004019E+01  3.004231E+01  8.670042E+01
 3.175000E+02  3.005140E+01  3.005353E+01  8.673575E+01
 3.177500E+02  3.006262E+01  3.006475E+01  8.677108E+01
 3.180000E+02  3.007386E+01  3.007598E+01  8.680642E+01
 3.182500E+02  3.008510E+01  3.008722E+01  8.684175E+01
 3.185000E+02  3.009635E+01  3.009847E+01  8.687709E+01
 3.187500E+02  3.010761E+01  3.010973E+01  8.691243E+01
 3.190000E+02  3.011888E+01  3.012100E+01  8.694777E+01
 3.192500E+02  3.013015E+01  3.013228E+01  8.698311E+01
 3.195000E+02  3.014144E+01  3.014357E+01  8.701845E+01
 3.197500E+02  3.015274E+01  3.015486E+01  8.705380E+01
 3.200000E+02  3.016405E+01  3.016617E+01  8.708915E+01
 3.202500E+02  3.017537E+01  3.017749E+01  8.712451E+01
 3.205000E+02  3.018669E+01  3.018882E+01  8.715986E+01
 3.207500E+02  3.019803E+01  3.020015E+01  8.719522E+01
 3.210000E+02  3.020938E+01  3.021150E+01  8.723058E+01
 3.212500E+02  3.022073E+01  3.022286E+01  8.726595E+01
 3.215000E+02  3.023210E+01  3.023422E+01  8.730132E+01
 3.217500E+02  3.024348E+01  3.024560E+01  8.733669E+01
 3.220000E+02  3.025486E+01  3.025699E+01  8.737207E+01
 3.222500E+02  3.026626E+01  3.026839E+01  8.740745E+01
 3.225000E+02  3.027767E+01  3.027979E+01  8.744283E+01
 3.227500E+02  3.028908E+01  3.029121E+01  8.747822E+01
 3.230000E+02  3.030051E+01  3.030264E+01  8.751361E+01
 3.232500E+02  3.031195E+01  3.031407E+01  8.754901E+01
 3.235000E+02  3.032340E+01  3.032552E+01  8.758441E+01
 3.237500E+02  3.033486E+01  3.033698E+01  8.761982E+01
 3.240000E+02  3.034632E+01  3.034845E+01  8.765523E+01
 3.242500E+02  3.035780E+01  3.035993E+01  8.769064E+01
 3.245000E+02  3.036929E+01  3.037142E+01  8.772606E+01
 3.247500E+02  3.038079E+01  3.038292E+01  8.776149E+01
 3.250000E+02  3.039230E+01  3.039443E+01  8.779692E+01
 3.252500E+02  3.040382E+01  3.040595E+01  8.783235E+01
 3.255000E+02  3.041535E+01  3.041748E+01  8.786780E+01
 3.257500E+02  3.042690E+01  3.042902E+01  8.790324E+01
 3.260000E+02  3.043845E+01  3.044058E+01  8.793869E+01
 3.262500E+02  3.045001E+01  3.045214E+01  8.797415E+01
 3.265000E+02  3.046159E+01  3.046371E+01  8.800962E+01
 3.267500E+02  3.047317E+01  3.047530E+01  8.804509E+01
 3.270000E+02  3.048477E+01  3.048690E+01  8.808056E+01
 3.272500E+02  3.049638E+01  3.049850E+01  8.811605E+01
 3.275000E+02  3.050799E+01  3.051012E+01  8.815153E+01
 3.277500E+02  3.051962E+01  3.052175E+01  8.818703E+01
 3.280000E+02  3.053126E+01  3.053339E+01  8.822253E+01
 3.282500E+02  3.054292E+01  3.054504E+01  8.825804E+01
 3.285000E+02  3.055458E+01  3.055670E+01  8.829356E+01
 3.287500E+02  3.056625E+01  3.056838E+01  8.832908E+01
 3.290000E+02  3.057794E+01  3.058006E+01  8.836461E+01
 3.292500E+02  3.058963E+01  3.059176E+01  8.840015E+01
 3.295000E+02  3.060134E+01  3.060347E+01  8.843569E+01
 3.297500E+02  3.061306E+01  3.061519E+01  8.847124E+01
 3.300000E+02  3.062479E+01  3.062692E+01  8.850680E+01
 3.302500E+02  3.063653E+01  3.063866E+01  8.854237E+01
 3.305000E+02  3.064828E+01  3.065041E+01  8.857795E+01
 3.307500E+02  3.066005E+01  3.066218E+01  8.861353E+01
 3.310000E+02  3.067183E+01  3.067395E+01  8.864912E+01
 3.312500E+02  3.068361E+01  3.068574E+01  8.868473E+01
 3.315000E+02  3.069541E+01  3.069754E+01  8.872033E+01
 3.317500E+02  3.070723E+01  3.070935E+01  8.875595E+01
 3.320000E+02  3.071905E+01  3.072118E+01  8.879158E+01
 3.322500E+02  3.073088E+01  3.073301E+01  8.882721E+01
 3.325000E+02  3.074273E+01  3.074486E+01  8.886286E+01
 3.327500E+02  3.075459E+01  3.075672E+01  8.889851E+01
 3.330000E+02  3.076646E+01  3.076859E+01  8.893418E+01
 3.332500E+02  3.077835E+01  3.078047E+01  8.896985E+01
 3.335000E+02  3.079024E+01  3.079237E+01  8.900553E+01
 3.337500E+02  3.080215E+01  3.080428E+01  8.904122E+01
 3.340000E+02  3.081407E+01  3.081620E+01  8.907692E+01
 3.342500E+02  3.082600E+01  3.082813E+01  8.911263E+01
 3.345000E+02  3.083794E+01  3.084007E+01  8.914836E+01
 3.347500E+02  3.084990E+01  3.085203E+01  8.918409E+01
 3.350000E+02  3.086187E+01  3.086400E+01  8.921983E+01
 3.352500E+02  3.087385E+01  3.087598E+01  8.925558E+01
 3.355000E+02  3.088585E+01  3.088797E+01  8.929135E+01
 3.357500E+02  3.089785E+01  3.089998E+01  8.932712E+01
 3.360000E+02  3.090987E+01  3.091200E+01  8.936290E+01
 3.362500E+02  3.092190E+01  3.092403E+01  8.939870E+01
 3.365000E+02  3.093395E+01  3.093608E+01  8.943451E+01
 3.367500E+02  3.094601E+01  3.094813E+01  8.947033E+01
 3.370000E+02  3.095808E+01  3.096020E+01  8.950616E+01
 3.372500E+02  3.097016E+01  3.097229E+01  8.954200E+01
 3.375000E+02  3.098225E+01  3.098438E+01  8.957785E+01
 3.377500E+02  3.099436E+01  3.099649E+01  8.961371E+01
 3.380000E+02  3.100649E+01  3.100861E+01  8.964959E+01
 3.382500E+02  3.101862E+01  3.102075E+01  8.968548E+01
 3.385000E+02  3.103077E+01  3.103290E+01  8.972138E+01
 3.387500E+02  3.104293E+01  3.104506E+01  8.975730E+01
 3.390000E+02  3.105510E+01  3.105723E+01  8.979322E+01
 3.392500E+02  3.106729E+01  3.106942E+01  8.982916E+01
 3.395000E+02  3.107949E+01  3.108162E+01  8.986511E+01
 3.397500E+02  3.109171E+01  3.109384E+01  8.990108E+01
 3.400000E+02  3.110394E+01  3.110606E+01  8.993706E+01
 3.402500E+02  3.111618E+01  3.111831E+01  8.997305E+01
 3.405000E+02  3.112843E+01  3.113056E+01  9.000905E+01
 3.407500E+02  3.114070E+01  3.114283E+01  9.004507E+01
 3.410000E+02  3.115298E+01  3.115511E+01  9.008110E+01
 3.412500E+02  3.116528E+01  3.116741E+01  9.011715E+01
 3.415000E+02  3.117759E+01  3.117972E+01  9.015321E+01
 3.417500E+02  3.118991E+01  3.119204E+01  9.018928E+01
 3.420000E+02  3.120225E+01  3.120438E+01  9.022537E+01
 3.422500E+02  3.121460E+01  3.121673E+01  9.026148E+01
 3.425000E+02  3.122697E+01  3.122910E+01  9.029759E+01
 3.427500E+02  3.123935E+01  3.124148E+01  9.033372E+01
 3.430000E+02  3.125174E+01  3.125387E+01  9.036987E+01
 3.432500E+02  3.126415E+01  3.126628E+01  9.040603E+01
 3.435000E+02  3.127657E+01  3.127870E+01  9.044221E+01
 3.437500E+02  3.128901E+01  3.129114E+01  9.047840E+01
 3.440000E+02  3.130146E+01  3.130359E+01  9.051461E+01
 3.442500E+02  3.131392E+01  3.131605E+01  9.055083E+01
 3.445000E+02  3.132640E+01  3.132853E+01  9.058707E+01
 3.447500E+02  3.133890E+01  3.134103E+01  9.062333E+01
 3.450000E+02  3.135141E+01  3.135354E+01  9.065960E+01
 3.452500E+02  3.136393E+01  3.136606E+01  9.069588E+01
 3.455000E+02  3.137647E+01  3.137860E+01  9.073219E+01
 3.457500E+02  3.138902E+01  3.139115E+01  9.076851E+01
 3.460000E+02  3.140159E+01  3.140372E+01  9.080484E+01
 3.462500E+02  3.141417E+01  3.141630E+01  9.084120E+01
 3.465000E+02  3.142677E+01  3.142890E+01  9.087757E+01
 3.467500E+02  3.143938E+01  3.144151E+01  9.091395E+01
 3.470000E+02  3.145201E+01  3.145414E+01  9.095036E+01
 3.472500E+02  3.146465E+01  3.146678E+01  9.098678E+01
 3.475000E+02  3.147731E+01  3.147944E+01  9.102322E+01
 3.477500E+02  3.148998E+01  3.149211E+01  9.105967E+01
 3.480000E+02  3.150267E+01  3.150480E+01  9.109615E+01
 3.482500E+02  3.151537E+01  3.151751E+01  9.113264E+01
 3.485000E+02  3.152809E+01  3.153023E+01  9.116915E+01
 3.487500E+02  3.154083E+01  3.154296E+01  9.120568E+01
 3.490000E+02  3.155358E+01  3.155571E+01  9.124223E+01
 3.492500E+02  3.156635E+01  3.156848E+01  9.127879E+01
 3.495000E+02  3.157913E+01  3.158126E+01  9.131538E+01
 3.497500E+02  3.159192E+01  3.159406E+01  9.135198E+01
 3.500000E+02  3.160474E+01  3.160687E+01  9.138860E+01
 3.502500E+02  3.161757E+01  3.161970E+01  9.142525E+01
 3.505000E+02  3.163041E+01  3.163254E+01  9.146191E+01
 3.507500E+02  3.164327E+01  3.164541E+01  9.149859E+01
 3.510000E+02  3.165615E+01  3.165828E+01  9.153529E+01
 3.512500E+02  3.166904E+01  3.167118E+01  9.157201E+01
 3.515000E+02  3.168195E+01  3.168408E+01  9.160875E+01
 3.517500E+02  3.169488E+01  3.169701E+01  9.164551E+01
 3.520000E+02  3.170782E+01  3.170995E+01  9.168229E+01
 3.522500E+02  3.172078E+01  3.172291E+01  9.171909E+01
 3.525000E+02  3.173375E+01  3.173589E+01  9.175591E+01
 3.527500E+02  3.174674E+01  3.174888E+01  9.179275E+01
 3.530000E+02  3.175975E+01  3.176189E+01  9.182961E+01
 3.532500E+02  3.177278E+01  3.177491E+01  9.186650E+01
 3.535000E+02  3.178582E+01  3.178795E+01  9.190340E+01
 3.537500E+02  3.179888E+01  3.180101E+01  9.194033E+01
 3.540000E+02  3.181195E+01  3.181408E+01  9.197728E+01
 3.542500E+02  3.182504E+01  3.182718E+01  9.201425E+01
 3.545000E+02  3.183815E+01  3.184029E+01  9.205124E+01
 3.547500E+02  3.185128E+01  3.185341E+01  9.208825E+01
 3.550000E+02  3.186442E+01  3.186656E+01  9.212529E+01
 3.552500E+02  3.187758E+01  3.187972E+01  9.216235E+01
 3.555000E+02  3.189076E+01  3.189289E+01  9.219943E+01
 3.557500E+02  3.190395E+01  3.190609E+01  9.223653E+01
 3.560000E+02  3.191717E+01  3.191930E+01  9.227366E+01
 3.562500E+02  3.193040E+01  3.193253E+01  9.231081E+01
 3.565000E+02  3.194364E+01  3.194578E+01  9.234798E+01
 3.567500E+02  3.195691E+01  3.195904E+01  9.238518E+01
 3.570000E+02  3.197019E+01  3.197233E+01  9.242240E+01
 3.572500E+02  3.198349E+01  3.198563E+01  9.245964E+01
 3.575000E+02  3.199681E+01  3.199894E+01  9.249691E+01
 3.577500E+02  3.201015E+01  3.201228E+01  9.253420E+01
 3.580000E+02  3.202350E+01  3.202563E+01  9.257151E+01
 3.582500E+02  3.203687E+01  3.203901E+01  9.260885E+01
 3.585000E+02  3.205026E+01  3.205240E+01  9.264622E+01
 3.587500E+02  3.206367E+01  3.206581E+01  9.268361E+01
 3.590000E+02  3.207710E+01  3.207923E+01  9.272102E+01
 3.592500E+02  3.209054E+01  3.209268E+01  9.275846E+01
 3.595000E+02  3.210401E+01  3.210614E+01  9.279592E+01
 3.597500E+02  3.211749E+01  3.211962E+01  9.283341E+01
 3.600000E+02  3.213099E+01  3.213312E+01  9.287093E+01
 3.602500E+02  3.214451E+01  3.214664E+01  9.290847E+01
 3.605000E+02  3.215805E+01  3.216018E+01  9.294603E+01
 3.607500E+02  3.217160E+01  3.217374E+01  9.298362E+01
 3.610000E+02  3.218518E+01  3.218731E+01  9.302124E+01
 3.612500E+02  3.219877E+01  3.220091E+01  9.305889E+01
 3.615000E+02  3.221239E+01  3.221452E+01  9.309656E+01
 3.617500E+02  3.222602E+01  3.222815E+01  9.313426E+01
 3.620000E+02  3.223967E+01  3.224181E+01  9.317198E+01
 3.622500E+02  3.225334E+01  3.225548E+01  9.320973E+01
 3.625000E+02  3.226703E+01  3.226917E+01  9.324751E+01
 3.627500E+02  3.228074E+01  3.228288E+01  9.328532E+01
 3.630000E+02  3.229447E+01  3.229661E+01  9.332316E+01
 3.632500E+02  3.230822E+01  3.231035E+01  9.336102E+01
 3.635000E+02  3.232199E+01  3.232412E+01  9.339891E+01
 3.637500E+02  3.233577E+01  3.233791E+01  9.343683E+01
 3.640000E+02  3.234958E+01  3.235172E+01  9.347477E+01
 3.642500E+02  3.236341E+01  3.236555E+01  9.351275E+01
 3.645000E+02  3.237726E+01  3.237939E+01  9.355075E+01
 3.647500E+02  3.239113E+01  3.239326E+01  9.358878E+01
 3.650000E+02  3.240501E+01  3.240715E+01  9.362685E+01
 3.652500E+02  3.241892E+01  3.242106E+01  9.366494E+01
 3.655000E+02  3.243285E+01  3.243499E+01  9.370306E+01
 3.657500E+02  3.244680E+01  3.244893E+01  9.374121E+01
 3.660000E+02  3.246077E+01  3.246290E+01  9.377939E+01
 3.662500E+02  3.247476E+01  3.247689E+01  9.381760E+01
 3.665000E+02  3.248877E+01  3.249090E+01  9.385584E+01
 3.667500E+02  3.250280E+01  3.250493E+01  9.389411E+01
 3.670000E+02  3.251685E+01  3.251899E+01  9.393241E+01
 3.672500E+02  3.253092E+01  3.253306E+01  9.397074E+01
 3.675000E+02  3.254501E+01  3.254715E+01  9.400910E+01
 3.677500E+02  3.255913E+01  3.256127E+01  9.404749E+01
 3.680000E+02  3.257326E+01  3.257540E+01  9.408592E+01
 3.682500E+02  3.258742E+01  3.258956E+01  9.412437E+01
 3.685000E+02  3.260160E+01  3.260373E+01  9.416286E+01
 3.687500E+02  3.261580E+01  3.261793E+01  9.420138E+01
 3.690000E+02  3.263002E+01  3.263215E+01  9.423993E+01
 3.692500E+02  3.264426E+01  3.264640E+01  9.427852E+01
 3.695000E+02  3.265852E+01  3.266066E+01  9.431713E+01
 3.697500E+02  3.267281E+01  3.267495E+01  9.435578E+01
 3.700000E+02  3.268711E+01  3.268925E+01  9.439446E+01
 3.702500E+02  3.270144E+01  3.270358E+01  9.443317E+01
 3.705000E+02  3.271579E+01  3.271793E+01  9.447192E+01
 3.707500E+02  3.273017E+01  3.273231E+01  9.451070E+01
 3.710000E+02  3.274456E+01  3.274670E+01  9.454952E+01
 3.712500E+02  3.275898E+01  3.276112E+01  9.458836E+01
 3.715000E+02  3.277342E+01  3.277556E+01  9.462724E+01
 3.717500E+02  3.278788E+01  3.279002E+01  9.466616E+01
 3.720000E+02  3.280236E+01  3.280450E+01  9.470511E+01
 3.722500E+02  3.281687E+01  3.281901E+01  9.474409E+01
 3.725000E+02  3.283140E+01  3.283354E+01  9.478311E+01
 3.727500E+02  3.284595E+01  3.284809E+01  9.482217E+01
 3.730000E+02  3.286053E+01  3.286267E+01  9.486125E+01
 3.732500E+02  3.287513E+01  3.287727E+01  9.490038E+01
 3.735000E+02  3.288975E+01  3.289189E+01  9.493954E+01
 3.737500E+02  3.290439E+01  3.290653E+01  9.497873E+01
 3.740000E+02  3.291906E+01  3.292120E+01  9.501796E+01
 3.742500E+02  3.293375E+01  3.293589E+01  9.505723E+01
 3.745000E+02  3.294846E+01  3.295060E+01  9.509653E+01
 3.747500E+02  3.296320E+01  3.296534E+01  9.513587E+01
 3.750000E+02  3.297796E+01  3.298010E+01  9.517525E+01
 3.752500E+02  3.299275E+01  3.299489E+01  9.521466E+01
 3.755000E+02  3.300756E+01  3.300970E+01  9.525411E+01
 3.757500E+02  3.302239E+01  3.302453E+01  9.529360E+01
 3.760000E+02  3.303724E+01  3.303939E+01  9.533313E+01
 3.762500E+02  3.305213E+01  3.305427E+01  9.537269E+01
 3.765000E+02  3.306703E+01  3.306917E+01  9.541229E+01
 3.767500E+02  3.308196E+01  3.308410E+01  9.545193E+01
 3.770000E+02  3.309691E+01  3.309905E+01  9.549161E+01
 3.772500E+02  3.311189E+01  3.311403E+01  9.553132E+01
 3.775000E+02  3.312689E+01  3.312903E+01  9.557107E+01
 3.777500E+02  3.314192E+01  3.314406E+01  9.561087E+01
 3.780000E+02  3.315697E+01  3.315911E+01  9.565070E+01
 3.782500E+02  3.317205E+01  3.317419E+01  9.569057E+01
 3.785000E+02  3.318715E+01  3.318929E+01  9.573048E+01
 3.787500E+02  3.320227E+01  3.320441E+01  9.577043E+01
 3.790000E+02  3.321742E+01  3.321957E+01  9.581042E+01
 3.792500E+02  3.323260E+01  3.323474E+01  9.585045E+01
 3.795000E+02  3.324780E+01  3.324994E+01  9.589052E+01
 3.797500E+02  3.326303E+01  3.326517E+01  9.593064E+01
 3.800000E+02  3.327828E+01  3.328042E+01  9.597079E+01
 3.802500E+02  3.329356E+01  3.329570E+01  9.601098E+01
 3.805000E+02  3.330886E+01  3.331101E+01  9.605122E+01
 3.807500E+02  3.332419E+01  3.332634E+01  9.609149E+01
 3.810000E+02  3.333955E+01  3.334169E+01  9.613181E+01
 3.812500E+02  3.335493E+01  3.335708E+01  9.617217E+01
 3.815000E+02  3.337034E+01  3.337248E+01  9.621257E+01
 3.817500E+02  3.338577E+01  3.338792E+01  9.625301E+01
 3.820000E+02  3.340124E+01  3.340338E+01  9.629350E+01
 3.822500E+02  3.341672E+01  3.341887E+01  9.633403E+01
 3.825000E+02  3.343224E+01  3.343438E+01  9.637460E+01
 3.827500E+02  3.344778E+01  3.344992E+01  9.641522E+01
 3.830000E+02  3.346334E+01  3.346549E+01  9.645587E+01
 3.832500E+02  3.347894E+01  3.348108E+01  9.649658E+01
 3.835000E+02  3.349456E+01  3.349670E+01  9.653732E+01
 3.837500E+02  3.351021E+01  3.351235E+01  9.657811E+01
 3.840000E+02  3.352588E+01  3.352802E+01  9.661895E+01
 3.842500E+02  3.354158E+01  3.354373E+01  9.665982E+01
 3.845000E+02  3.355731E+01  3.355946E+01  9.670075E+01
 3.847500E+02  3.357307E+01  3.357521E+01  9.674172E+01
 3.850000E+02  3.358886E+01  3.359100E+01  9.678273E+01
 3.852500E+02  3.360467E+01  3.360681E+01  9.682379E+01
 3.855000E+02  3.362051E+01  3.362265E+01  9.686489E+01
 3.857500E+02  3.363638E+01  3.363852E+01  9.690604E+01
 3.860000E+02  3.365227E+01  3.365442E+01  9.694724E+01
 3.862500E+02  3.366820E+01  3.367034E+01  9.698848E+01
 3.865000E+02  3.368415E+01  3.368630E+01  9.702977E+01
 3.867500E+02  3.370013E+01  3.370228E+01  9.707111E+01
 3.870000E+02  3.371614E+01  3.371829E+01  9.711249E+01
 3.872500E+02  3.373218E+01  3.373433E+01  9.715392E+01
 3.875000E+02  3.374825E+01  3.375039E+01  9.719540E+01
 3.877500E+02  3.376434E+01  3.376649E+01  9.723692E+01
 3.880000E+02  7.321695E+01  7.642857E+01  2.072045E+02
 3.882500E+02  7.322443E+01  7.643814E+01  2.072292E+02
 3.885000E+02  7.323191E+01  7.644772E+01  2.072538E+02
 3.887500E+02  7.323940E+01  7.645730E+01  2.072785E+02
 3.890000E+02  7.324689E+01  7.646687E+01  2.073031E+02
 3.892500E+02  7.325437E+01  7.647645E+01  2.073277E+02
 3.895000E+02  7.326186E+01  7.648603E+01  2.073523E+02
 3.897500E+02  7.326935E+01  7.649561E+01  2.073769E+02
 3.900000E+02  7.327684E+01  7.650519E+01  2.074015E+02
 3.902500E+02  7.328433E+01  7.651478E+01  2.074261E+02
 3.905000E+02  7.329182E+01  7.652436E+01  2.074506E+02
 3.907500E+02  7.329932E+01  7.653394E+01  2.074751E+02
 3.910000E+02  7.330681E+01  7.654353E+01  2.074997E+02
 3.912500E+02  7.331431E+01  7.655311E+01  2.075242E+02
 3.915000E+02  7.332180E+01  7.656270E+01  2.075487E+02
 3.917500E+02  7.332930E+01  7.657229E+01  2.075732E+02
 3.920000E+02  7.333680E+01  7.658188E+01  2.075976E+02
 3.922500E+02  7.334430E+01  7.659147E+01  2.076221E+02
 3.925000E+02  7.335180E+01  7.660106E+01  2.076465E+02
 3.927500E+02  7.335930E+01  7.661065E+01  2.076710E+02
 3.930000E+02  7.336680E+01  7.662025E+01  2.076954E+02
 3.932500E+02  7.337430E+01  7.662984E+01  2.077198E+02
 3.935000E+02  7.338181E+01  7.663944E+01  2.077442E+02
 3.937500E+02  7.338931E+01  7.664903E+01  2.077686E+02
 3.940000E+02  7.339682E+01  7.665863E+01  2.077929E+02
 3.942500E+02  7.340433E+01  7.666823E+01  2.078173E+02
 3.945000E+02  7.341184E+01  7.667783E+01  2.078416E+02
 3.947500E+02  7.341935E+01  7.668743E+01  2.078659E+02
 3.950000E+02  7.342686E+01  7.669703E+01  2.078903E+02
 3.952500E+02  7.343437E+01  7.670663E+01  2.079146E+02
 3.955000E+02  7.344188E+01  7.671623E+01  2.079388E+02
 3.957500E+02  7.344939E+01  7.672584E+01  2.079631E+02
 3.960000E+02  7.345691E+01  7.673544E+01  2.079874E+02
 3.962500E+02  7.346442E+01  7.674505E+01  2.080116E+02
 3.965000E+02  7.347194E+01  7.675466E+01  2.080359E+02
 3.967500E+02  7.347946E+01  7.676427E+01  2.080601E+02
 3.970000E+02  7.348698E+01  7.677388E+01  2.080843E+02
 3.972500E+02  7.349450E+01  7.678349E+01  2.081085E+02
 3.975000E+02  7.350202E+01  7.679310E+01  2.081327E+02
 3.977500E+02  7.350954E+01  7.680271E+01  2.081569E+02
 3.980000E+02  7.351706E+01  7.681232E+01  2.081810E+02
 3.982500E+02  7.352459E+01  7.682194E+01  2.082052E+02
 3.985000E+02  7.353211E+01  7.683155E+01  2.082293E+02
 3.987500E+02  7.353964E+01  7.684117E+01  2.082534E+02
 3.990000E+02  7.354717E+01  7.685079E+01  2.082776E+02
 3.992500E+02  7.355469E+01  7.686040E+01  2.083017E+02
 3.995000E+02  7.356222E+01  7.687002E+01  2.083257E+02
 3.997500E+02  7.356975E+01  7.687964E+01  2.083498E+02
 4.000000E+02  7.357728E+01  7.688927E+01  2.083739E+02
 4.002500E+02  7.358482E+01  7.689889E+01  2.083979E+02
 4.005000E+02  7.359235E+01  7.690851E+01  2.084220E+02
 4.007500E+02  7.359988E+01  7.691814E+01  2.084460E+02
 4.010000E+02  7.360742E+01  7.692776E+01  2.084700E+02
 4.012500E+02  7.361496E+01  7.693739E+01  2.084940E+02
 4.015000E+02  7.362249E+01  7.694702E+01  2.085180E+02
 4.017500E+02  7.363003E+01  7.695665E+01  2.085420E+02
 4.020000E+02  7.363757E+01  7.696628E+01  2.085659E+02
 4.022500E+02  7.364511E+01  7.697591E+01  2.085899E+02
 4.025000E+02  7.365265E+01  7.698554E+01  2.086138E+02
 4.027500E+02  7.366020E+01  7.699517E+01  2.086377E+02
 4.030000E+02  7.366774E+01  7.700480E+01  2.086616E+02
 4.032500E+02  7.367529E+01  7.701444E+01  2.086855E+02
 4.035000E+02  7.368283E+01  7.702408E+01  2.087094E+02
 4.037500E+02  7.369038E+01  7.703371E+01  2.087333E+02
 4.040000E+02  7.369793E+01  7.704335E+01  2.087572E+02
 4.042500E+02  7.370548E+01  7.705299E+01  2.087810E+02
 4.045000E+02  7.371303E+01  7.706263E+01  2.088049E+02
 4.047500E+02  7.372058E+01  7.707227E+01  2.088287E+02
 4.050000E+02  7.372813E+01  7.708191E+01  2.088525E+02
 4.052500E+02  7.373568E+01  7.709155E+01  2.088763E+02
 4.055000E+02  7.374324E+01  7.710120E+01  2.089001E+02
 4.057500E+02  7.375079E+01  7.711084E+01  2.089239E+02
 4.060000E+02  7.375835E+01  7.712049E+01  2.089476E+02
 4.062500E+02  7.376591E+01  7.713014E+01  2.089714E+02
 4.065000E+02  7.377346E+01  7.713979E+01  2.089951E+02
 4.067500E+02  7.378102E+01  7.714943E+01  2.090189E+02
 4.070000E+02  7.378858E+01  7.715908E+01  2.090426E+02
 4.072500E+02  7.379615E+01  7.716874E+01  2.090663E+02
 4.075000E+02  7.380371E+01  7.717839E+01  2.090900E+02
 4.077500E+02  7.381127E+01  7.718804E+01  2.091137E+02
 4.080000E+02  7.381884E+01  7.719770E+01  2.091373E+02
 4.082500E+02  7.382640E+01  7.720735E+01  2.091610E+02
 4.085000E+02  7.383397E+01  7.721701E+01  2.091846E+02
 4.087500E+02  7.384154E+01  7.722667E+01  2.092083E+02
 4.090000E+02  7.384911E+01  7.723632E+01  2.092319E+02
 4.092500E+02  7.385668E+01  7.724598E+01  2.092555E+02
 4.095000E+02  7.386425E+01  7.725564E+01  2.092791E+02
 4.097500E+02  7.387182E+01  7.726531E+01  2.093027E+02
 4.100000E+02  7.387939E+01  7.727497E+01  2.093263E+02
 4.102500E+02  7.388697E+01  7.728463E+01  2.093498E+02
 4.105000E+02  7.389454E+01  7.729430E+01  2.093734E+02
 4.107500E+02  7.390212E+01  7.730396E+01  2.093969E+02
 4.110000E+02  7.390970E+01  7.731363E+01  2.094205E+02
 4.112500E+02  7.391728E+01  7.732330E+01  2.094440E+02
 4.115000E+02  7.392485E+01  7.733297E+01  2.094675E+02
 4.117500E+02  7.393244E+01  7.734264E+01  2.094910E+02
 4.120000E+02  7.394002E+01  7.735231E+01  2.095144E+02
 4.122500E+02  7.394760E+01  7.736198E+01  2.095379E+02
 4.125000E+02  7.395518E+01  7.737165E+01  2.095614E+02
 4.127500E+02  7.396277E+01  7.738133E+01  2.095848E+02
 4.130000E+02  7.397035E+01  7.739100E+01  2.096083E+02
 4.132500E+02  7.397794E+01  7.740068E+01  2.096317E+02
 4.135000E+02  7.398553E+01  7.741036E+01  2.096551E+02
 4.137500E+02  7.399312E+01  7.742003E+01  2.096785E+02
 4.140000E+02  7.400071E+01  7.742971E+01  2.097019E+02
 4.142500E+02  7.400830E+01  7.743939E+01  2.097252E+02
 4.145000E+02  7.401589E+01  7.744908E+01  2.097486E+02
 4.147500E+02  7.402349E+01  7.745876E+01  2.097720E+02
 4.150000E+02  7.403108E+01  7.746844E+01  2.097953E+02
 4.152500E+02  7.403868E+01  7.747813E+01  2.098186E+02
 4.155000E+02  7.404627E+01  7.748781E+01  2.098420E+02
 4.157500E+02  7.405387E+01  7.749750E+01  2.098653E+02
 4.160000E+02  7.406147E+01  7.750719E+01  2.098886E+02
 4.162500E+02  7.406907E+01  7.751688E+01  2.099118E+02
 4.165000E+02  7.407667E+01  7.752657E+01  2.099351E+02
 4.167500E+02  7.408427E+01  7.753626E+01  2.099584E+02
 4.170000E+02  7.409188E+01  7.754595E+01  2.099816E+02
 4.172500E+02  7.409948E+01  7.755564E+01  2.100049E+02
 4.175000E+02  7.410708E+01  7.756534E+01  2.100281E+02
 4.177500E+02  7.411469E+01  7.757503E+01  2.100513E+02
 4.180000E+02  7.412230E+01  7.758473E+01  2.100745E+02
 4.182500E+02  7.412991E+01  7.759442E+01  2.100977E+02
 4.185000E+02  7.413752E+01  7.760412E+01  2.101209E+02
 4.187500E+02  7.414513E+01  7.761382E+01  2.101440E+02
 4.190000E+02  7.415274E+01  7.762352E+01  2.101672E+02
 4.192500E+02  7.416035E+01  7.763322E+01  2.101903E+02
 4.195000E+02  7.416796E+01  7.764293E+01  2.102135E+02
 4.197500E+02  7.417558E+01  7.765263E+01  2.102366E+02
 4.200000E+02  7.418320E+01  7.766233E+01  2.102597E+02
 4.202500E+02  7.419081E+01  7.767204E+01  2.102828E+02
 4.205000E+02  7.419843E+01  7.768175E+01  2.103059E+02
 4.207500E+02  7.420605E+01  7.769145E+01  2.103290E+02
 4.210000E+02  7.421367E+01  7.770116E+01  2.103521E+02
 4.212500E+02  7.422129E+01  7.771087E+01  2.103751E+02
 4.215000E+02  7.422891E+01  7.772058E+01  2.103982E+02
 4.217500E+02  7.423654E+01  7.773030E+01  2.104212E+02
 4.220000E+02  7.424416E+01  7.774001E+01  2.104442E+02
 4.222500E+02  7.425179E+01  7.774972E+01  2.104672E+02
 4.225000E+02  7.425941E+01  7.775944E+01  2.104902E+02
 4.227500E+02  7.426704E+01  7.776916E+01  2.105132E+02
 4.230000E+02  7.427467E+01  7.777887E+01  2.105362E+02
 4.232500E+02  7.428230E+01  7.778859E+01  2.105592E+02
 4.235000E+02  7.428993E+01  7.779831E+01  2.105821E+02
 4.237500E+02  7.429756E+01  7.780803E+01  2.106051E+02
 4.240000E+02  7.430520E+01  7.781775E+01  2.106280E+02
 4.242500E+02  7.431283E+01  7.782748E+01  2.106509E+02
 4.245000E+02  7.432047E+01  7.783720E+01  2.106739E+02
 4.247500E+02  7.432810E+01  7.784692E+01  2.106968E+02
 4.250000E+02  7.433574E+01  7.785665E+01  2.107196E+02
 4.252500E+02  7.434338E+01  7.786638E+01  2.107425E+02
 4.255000E+02  7.435102E+01  7.787610E+01  2.107654E+02
 4.257500E+02  7.435866E+01  7.788583E+01  2.107883E+02
 4.260000E+02  7.436630E+01  7.789556E+01  2.108111E+02
 4.262500E+02  7.437394E+01  7.790530E+01  2.108339E+02
 4.265000E+02  7.438159E+01  7.791503E+01  2.108568E+02
 4.267500E+02  7.438923E+01  7.792476E+01  2.108796E+02
 4.270000E+02  7.439688E+01  7.793450E+01  2.109024E+02
 4.272500E+02  7.440452E+01  7.794423E+01  2.109252E+02
 4.275000E+02  7.441217E+01  7.795397E+01  2.109480E+02
 4.277500E+02  7.441982E+01  7.796370E+01  2.109707E+02
 4.280000E+02  7.442747E+01  7.797344E+01  2.109935E+02
 4.282500E+02  7.443512E+01  7.798318E+01  2.110162E+02
 4.285000E+02  7.444278E+01  7.799292E+01  2.110390E+02
 4.287500E+02  7.445043E+01  7.800267E+01  2.110617E+02
 4.290000E+02  7.445809E+01  7.801241E+01  2.110844E+02
 4.292500E+02  7.446574E+01  7.802215E+01  2.111071E+02
 4.295000E+02  7.447340E+01  7.803190E+01  2.111298E+02
 4.297500E+02  7.448106E+01  7.804164E+01  2.111525E+02
 4.300000E+02  7.448871E+01  7.805139E+01  2.111752E+02
 4.302500E+02  7.449638E+01  7.806114E+01  2.111978E+02
 4.305000E+02  7.450404E+01  7.807089E+01  2.112205E+02
 4.307500E+02  7.451170E+01  7.808064E+01  2.112431E+02
 4.310000E+02  7.451936E+01  7.809039E+01  2.112658E+02
 4.312500E+02  7.452703E+01  7.810014E+01  2.112884E+02
 4.315000E+02  7.453469E+01  7.810990E+01  2.113110E+02
 4.317500E+02  7.454236E+01  7.811965E+01  2.113336E+02
 4.320000E+02  7.455003E+01  7.812941E+01  2.113562E+02
 4.322500E+02  7.455770E+01  7.813916E+01  2.113788E+02
 4.325000E+02  7.456537E+01  7.814892E+01  2.114013E+02
 4.327500E+02  7.457304E+01  7.815868E+01  2.114239E+02
 4.330000E+02  7.458071E+01  7.816844E+01  2.114464E+02
 4.332500E+02  7.458838E+01  7.817820E+01  2.114690E+02
 4.335000E+02  7.459606E+01  7.818796E+01  2.114915E+02
 4.337500E+02  7.460373E+01  7.819773E+01  2.115140E+02
 4.340000E+02  7.461141E+01  7.820749E+01  2.115365E+02
 4.342500E+02  7.461909E+01  7.821726E+01  2.115590E+02
 4.345000E+02  7.462676E+01  7.822702E+01  2.115815E+02
 4.347500E+02  7.463444E+01  7.823679E+01  2.116040E+02
 4.350000E+02  7.464212E+01  7.824656E+01  2.116264E+02
 4.352500E+02  7.464981E+01  7.825633E+01  2.116489E+02
 4.355000E+02  7.465749E+01  7.826610E+01  2.116713E+02
 4.357500E+02  7.466517E+01  7.827587E+01  2.116938E+02
 4.360000E+02  7.467286E+01  7.828564E+01  2.117162E+02
 4.362500E+02  7.468054E+01  7.829542E+01  2.117386E+02
 4.365000E+02  7.468823E+01  7.830519E+01  2.117610E+02
 4.367500E+02  7.469592E+01  7.831497E+01  2.117834E+02
 4.370000E+02  7.470361E+01  7.832475E+01  2.118058E+02
 4.372500E+02  7.471130E+01  7.833453E+01  2.118281E+02
 4.375000E+02  7.471899E+01  7.834430E+01  2.118505E+02
 4.377500E+02  7.472669E+01  7.835409E+01  2.118729E+02
 4.380000E+02  7.473438E+01  7.836387E+01  2.118952E+02
 4.382500E+02  7.474207E+01  7.837365E+01  2.119175E+02
 4.385000E+02  7.474977E+01  7.838343E+01  2.119398E+02
 4.387500E+02  7.475747E+01  7.839322E+01  2.119621E+02
 4.390000E+02  7.476517E+01  7.840300E+01  2.119844E+02
 4.392500E+02  7.477287E+01  7.841279E+01  2.120067E+02
 4.395000E+02  7.478057E+01  7.842258E+01  2.120290E+02
 4.397500E+02  7.478827E+01  7.843237E+01  2.120513E+02
 4.400000E+02  7.479597E+01  7.844216E+01  2.120735E+02
 4.402500E+02  7.480367E+01  7.845195E+01  2.120958E+02
 4.405000E+02  7.481138E+01  7.846174E+01  2.121180E+02
 4.407500E+02  7.481908E+01  7.847154E+01  2.121402E+02
 4.410000E+02  7.482679E+01  7.848133E+01  2.121625E+02
 4.412500E+02  7.483450E+01  7.849113E+01  2.121847E+02
 4.415000E+02  7.484221E+01  7.850092E+01  2.122069E+02
 4.417500E+02  7.484992E+01  7.851072E+01  2.122290E+02
 4.420000E+02  7.485763E+01  7.852052E+01  2.122512E+02
 4.422500E+02  7.486534E+01  7.853032E+01  2.122734E+02
 4.425000E+02  7.487306E+01  7.854012E+01  2.122955E+02
 4.427500E+02  7.488077E+01  7.854992E+01  2.123177E+02
 4.430000E+02  7.488849E+01  7.855972E+01  2.123398E+02
 4.432500E+02  7.489620E+01  7.856953E+01  2.123619E+02
 4.435000E+02  7.490392E+01  7.857933E+01  2.123841E+02
 4.437500E+02  7.491164E+01  7.858914E+01  2.124062E+02
 4.440000E+02  7.491936E+01  7.859895E+01  2.124283E+02
 4.442500E+02  7.492708E+01  7.860876E+01  2.124503E+02
 4.445000E+02  7.493480E+01  7.861857E+01  2.124724E+02
 4.447500E+02  7.494253E+01  7.862838E+01  2.124945E+02
 4.450000E+02  7.495025E+01  7.863819E+01  2.125165E+02
 4.452500E+02  7.495798E+01  7.864800E+01  2.125386E+02
 4.455000E+02  7.496570E+01  7.865782E+01  2.125606E+02
 4.457500E+02  7.497343E+01  7.866763E+01  2.125826E+02
 4.460000E+02  7.498116E+01  7.867745E+01  2.126047E+02
 4.462500E+02  7.498889E+01  7.868726E+01  2.126267E+02
 4.465000E+02  7.499662E+01  7.869708E+01  2.126487E+02
 4.467500E+02  7.500435E+01  7.870690E+01  2.126706E+02
 4.470000E+02  7.501209E+01  7.871672E+01  2.126926E+02
 4.472500E+02  7.501982E+01  7.872654E+01  2.127146E+02
 4.475000E+02  7.502756E+01  7.873637E+01  2.127365E+02
 4.477500E+02  7.503529E+01  7.874619E+01  2.127585E+02
 4.480000E+02  7.504303E+01  7.875601E+01  2.127804E+02
 4.482500E+02  7.505077E+01  7.876584E+01  2.128024E+02
 4.485000E+02  7.505851E+01  7.877567E+01  2.128243E+02
 4.487500E+02  7.506625E+01  7.878550E+01  2.128462E+02
 4.490000E+02  7.507399E+01  7.879532E+01  2.128681E+02
 4.492500E+02  7.508174E+01  7.880516E+01  2.128900E+02
 4.495000E+02  7.508948E+01  7.881499E+01  2.129118E+02
 4.497500E+02  7.509723E+01  7.882482E+01  2.129337E+02
 4.500000E+02  7.510497E+01  7.883465E+01  2.129556E+02
 4.502500E+02  7.511272E+01  7.884449E+01  2.129774E+02
 4.505000E+02  7.512047E+01  7.885432E+01  2.129993E+02
 4.507500E+02  7.512822E+01  7.886416E+01  2.130211E+02
 4.510000E+02  7.513597E+01  7.887400E+01  2.130429E+02
 4.512500E+02  7.514372E+01  7.888384E+01  2.130647E+02
 4.515000E+02  7.515148E+01  7.889368E+01  2.130865E+02
 4.517500E+02  7.515923E+01  7.890352E+01  2.131083E+02
 4.520000E+02  7.516699E+01  7.891336E+01  2.131301E+02
 4.522500E+02  7.517474E+01  7.892320E+01  2.131519E+02
 4.525000E+02  7.518250E+01  7.893305E+01  2.131736E+02
 4.527500E+02  7.519026E+01  7.894289E+01  2.131954E+02
 4.530000E+02  7.519802E+01  7.895274E+01  2.132171E+02
 4.532500E+02  7.520578E+01  7.896259E+01  2.132388E+02
 4.535000E+02  7.521354E+01  7.897244E+01  2.132606E+02
 4.537500E+02  7.522130E+01  7.898229E+01  2.132823E+02
 4.540000E+02  7.522907E+01  7.899214E+01  2.133040E+02
 4.542500E+02  7.523683E+01  7.900199E+01  2.133257E+02
 4.545000E+02  7.524460E+01  7.901184E+01  2.133474E+02
 4.547500E+02  7.525237E+01  7.902170E+01  2.133690E+02
 4.550000E+02  7.526013E+01  7.903155E+01  2.133907E+02
 4.552500E+02  7.526790E+01  7.904141E+01  2.134124E+02
 4.555000E+02  7.527568E+01  7.905127E+01  2.134340E+02
 4.557500E+02  7.528345E+01  7.906112E+01  2.134556E+02
 4.560000E+02  7.529122E+01  7.907098E+01  2.134773E+02
 4.562500E+02  7.529899E+01  7.908084E+01  2.134989E+02
 4.565000E+02  7.530677E+01  7.909071E+01  2.135205E+02
 4.567500E+02  7.531455E+01  7.910057E+01  2.135421E+02
 4.570000E+02  7.532232E+01  7.911043E+01  2.135637E+02
 4.572500E+02  7.533010E+01  7.912030E+01  2.135853E+02
 4.575000E+02  7.533788E+01  7.913016E+01  2.136068E+02
 4.577500E+02  7.534566E+01  7.914003E+01  2.136284E+02
 4.580000E+02  7.535344E+01  7.914990E+01  2.136500E+02
 4.582500E+02  7.536123E+01  7.915977E+01  2.136715E+02
 4.585000E+02  7.536901E+01  7.916964E+01  2.136930E+02
 4.587500E+02  7.537679E+01  7.917951E+01  2.137146E+02
 4.590000E+02  7.538458E+01  7.918938E+01  2.137361E+02
 4.592500E+02  7.539237E+01  7.919926E+01  2.137576E+02
 4.595000E+02  7.540016E+01  7.920913E+01  2.137791E+02
 4.597500E+02  7.540795E+01  7.921901E+01  2.138006E+02
 4.600000E+02  7.541574E+01  7.922889E+01  2.138220E+02
 4.602500E+02  7.542353E+01  7.923876E+01  2.138435E+02
 4.605000E+02  7.543132E+01  7.924864E+01  2.138650E+02
 4.607500E+02  7.543911E+01  7.925852E+01  2.138864E+02
 4.610000E+02  7.544691E+01  7.926841E+01  2.139079E+02
 4.612500E+02  7.545471E+01  7.927829E+01  2.139293E+02
 4.615000E+02  7.546250E+01  7.928817E+01  2.139507E+02
 4.617500E+02  7.547030E+01  7.929806E+01  2.139721E+02
 4.620000E+02  7.547810E+01  7.930794E+01  2.139935E+02
 4.622500E+02  7.548590E+01  7.931783E+01  2.140149E+02
 4.625000E+02  7.549370E+01  7.932772E+01  2.140363E+02
 4.627500E+02  7.550151E+01  7.933761E+01  2.140577E+02
 4.630000E+02  7.550931E+01  7.934750E+01  2.140791E+02
 4.632500E+02  7.551711E+01  7.935739E+01  2.141004E+02
 4.635000E+02  7.552492E+01  7.936728E+01  2.141218E+02
 4.637500E+02  7.553273E+01  7.937717E+01  2.141431E+02
 4.640000E+02  7.554054E+01  7.938707E+01  2.141644E+02
 4.642500E+02  7.554834E+01  7.939696E+01  2.141858E+02
 4.645000E+02  7.555616E+01  7.940686E+01  2.142071E+02
 4.647500E+02  7.556397E+01  7.941676E+01  2.142284E+02
 4.650000E+02  7.557178E+01  7.942666E+01  2.142497E+02
 4.652500E+02  7.557959E+01  7.943656E+01  2.142709E+02
 4.655000E+02  7.558741E+01  7.944646E+01  2.142922E+02
 4.657500E+02  7.559522E+01  7.945636E+01  2.143135E+02
 4.660000E+02  7.560304E+01  7.946626E+01  2.143347E+02
 4.662500E+02  7.561086E+01  7.947617E+01  2.143560E+02
 4.665000E+02  7.561868E+01  7.948607E+01  2.143772E+02
 4.667500E+02  7.562650E+01  7.949598E+01  2.143985E+02
 4.670000E+02  7.563432E+01  7.950589E+01  2.144197E+02
 4.672500E+02  7.564214E+01  7.951580E+01  2.144409E+02
 4.675000E+02  7.564997E+01  7.952571E+01  2.144621E+02
 4.677500E+02  7.565779E+01  7.953562E+01  2.144833E+02
 4.680000E+02  7.566562E+01  7.954553E+01  2.145045E+02
 4.682500E+02  7.567344E+01  7.955544E+01  2.145257E+02
 4.685000E+02  7.568127E+01  7.956536E+01  2.145468E+02
 4.687500E+02  7.568910E+01  7.957527E+01  2.145680E+02
 4.690000E+02  7.569693E+01  7.958519E+01  2.145891E+02
 4.692500E+02  7.570476E+01  7.959511E+01  2.146103E+02
 4.695000E+02  7.571260E+01  7.960503E+01  2.146314E+02
 4.697500E+02  7.572043E+01  7.961495E+01  2.146525E+02
 4.700000E+02  7.572826E+01  7.962487E+01  2.146736E+02
 4.702500E+02  7.573610E+01  7.963479E+01  2.146947E+02
 4.705000E+02  7.574394E+01  7.964471E+01  2.147158E+02
 4.707500E+02  7.575178E+01  7.965464E+01  2.147369E+02
 4.710000E+02  7.575961E+01  7.966456E+01  2.147580E+02
 4.712500E+02  7.576746E+01  7.967449E+01  2.147791E+02
 4.715000E+02  7.577530E+01  7.968442E+01  2.148001E+02
 4.717500E+02  7.578314E+01  7.969434E+01  2.148212E+02
 4.720000E+02  7.579098E+01  7.970427E+01  2.148422E+02
 4.722500E+02  7.579883E+01  7.971420E+01  2.148633E+02
 4.725000E+02  7.580667E+01  7.972414E+01  2.148843E+02
 4.727500E+02  7.581452E+01  7.973407E+01  2.149053E+02
 4.730000E+02  7.582237E+01  7.974400E+01  2.149263E+02
 4.732500E+02  7.583022E+01  7.975394E+01  2.149473E+02
 4.735000E+02  7.583807E+01  7.976387E+01  2.149683E+02
 4.737500E+02  7.584592E+01  7.977381E+01  2.149893E+02
 4.740000E+02  7.585377E+01  7.978375E+01  2.150103E+02
 4.742500E+02  7.586162E+01  7.979369E+01  2.150312E+02
 4.745000E+02  7.586948E+01  7.980363E+01  2.150522E+02
 4.747500E+02  7.587734E+01  7.981357E+01  2.150731E+02
 4.750000E+02  7.588519E+01  7.982352E+01  2.150941E+02
 4.752500E+02  7.589305E+01  7.983346E+01  2.151150E+02
 4.755000E+02  7.590091E+01  7.984340E+01  2.151359E+02
 4.757500E+02  7.590877E+01  7.985335E+01  2.151568E+02
 4.760000E+02  7.591663E+01  7.986330E+01  2.151777E+02
 4.762500E+02  7.592449E+01  7.987325E+01  2.151986E+02
 4.765000E+02  7.593236E+01  7.988319E+01  2.152195E+02
 4.767500E+02  7.594022E+01  7.989315E+01  2.152404E+02
 4.770000E+02  7.594809E+01  7.990310E+01  2.152613E+02
 4.772500E+02  7.595595E+01  7.991305E+01  2.152821E+02
 4.775000E+02  7.596382E+01  7.992300E+01  2.153030E+02
 4.777500E+02  7.597169E+01  7.993296E+01  2.153238E+02
 4.780000E+02  7.597956E+01  7.994291E+01  2.153446E+02
 4.782500E+02  7.598743E+01  7.995287E+01  2.153655E+02
 4.785000E+02  7.599530E+01  7.996283E+01  2.153863E+02
 4.787500E+02  7.600318E+01  7.997279E+01  2.154071E+02
 4.790000E+02  7.601105E+01  7.998275E+01  2.154279E+02
 4.792500E+02  7.601893E+01  7.999271E+01  2.154487E+02
 4.795000E+02  7.602681E+01  8.000267E+01  2.154695E+02
 4.797500E+02  7.603468E+01  8.001264E+01  2.154902E+02
 4.800000E+02  7.604256E+01  8.002260E+01  2.155110E+02
 4.802500E+02  7.605044E+01  8.003257E+01  2.155318E+02
 4.805000E+02  7.605832E+01  8.004253E+01  2.155525E+02
 4.807500E+02  7.606621E+01  8.005250E+01  2.155732E+02
 4.810000E+02  7.607409E+01  8.006247E+01  2.155940E+02
 4.812500E+02  7.608197E+01  8.007244E+01  2.156147E+02
 4.815000E+02  7.608986E+01  8.008241E+01  2.156354E+02
 4.817500E+02  7.609775E+01  8.009239E+01  2.156561E+02
 4.820000E+02  7.610563E+01  8.010236E+01  2.156768E+02
 4.822500E+02  7.611352E+01  8.011233E+01  2.156975E+02
 4.825000E+02  7.612141E+01  8.012231E+01  2.157182E+02
 4.827500E+02  7.612930E+01  8.013229E+01  2.157389E+02
 4.830000E+02  7.613720E+01  8.014226E+01  2.157595E+02
 4.832500E+02  7.614509E+01  8.015224E+01  2.157802E+02
 4.835000E+02  7.615299E+01  8.016222E+01  2.158008E+02
 4.837500E+02  7.616088E+01  8.017220E+01  2.158215E+02
 4.840000E+02  7.616878E+01  8.018219E+01  2.158421E+02
 4.842500E+02  7.617668E+01  8.019217E+01  2.158627E+02
 4.845000E+02  7.618457E+01  8.020216E+01  2.158833E+02
 4.847500E+02  7.619247E+01  8.021214E+01  2.159039E+02
 4.850000E+02  7.620038E+01  8.022213E+01  2.159245E+02
 4.852500E+02  7.620828E+01  8.023212E+01  2.159451E+02
 4.855000E+02  7.621618E+01  8.024210E+01  2.159657E+02
 4.857500E+02  7.622409E+01  8.025209E+01  2.159863E+02
 4.860000E+02  7.623199E+01  8.026209E+01  2.160068E+02
 4.862500E+02  7.623990E+01  8.027208E+01  2.160274E+02
 4.865000E+02  7.624781E+01  8.028207E+01  2.160479E+02
 4.867500E+02  7.625571E+01  8.029207E+01  2.160685E+02
 4.870000E+02  7.626362E+01  8.030206E+01  2.160890E+02
 4.872500E+02  7.627154E+01  8.031206E+01  2.161095E+02
 4.875000E+02  7.627945E+01  8.032206E+01  2.161300E+02
 4.877500E+02  7.628736E+01  8.033205E+01  2.161505E+02
 4.880000E+02  7.629528E+01  8.034205E+01  2.161710E+02
 4.882500E+02  7.630319E+01  8.035205E+01  2.161915E+02
 4.885000E+02  7.631111E+01  8.036206E+01  2.162120E+02
 4.887500E+02  7.631903E+01  8.037206E+01  2.162325E+02
 4.890000E+02  7.632695E+01  8.038206E+01  2.162529E+02
 4.892500E+02  7.633487E+01  8.039207E+01  2.162734E+02
 4.895000E+02  7.634279E+01  8.040208E+01  2.162938E+02
 4.897500E+02  7.635071E+01  8.041208E+01  2.163143E+02
 4.900000E+02  7.635863E+01  8.042209E+01  2.163347E+02
 4.902500E+02  7.636656E+01  8.043210E+01  2.163551E+02
 4.905000E+02  7.637448E+01  8.044211E+01  2.163756E+02
 4.907500E+02  7.638241E+01  8.045213E+01  2.163960E+02
 4.910000E+02  7.639034E+01  8.046214E+01  2.164164E+02
 4.912500E+02  7.639827E+01  8.047215E+01  2.164368E+02
 4.915000E+02  7.640620E+01  8.048217E+01  2.164571E+02
 4.917500E+02  7.641413E+01  8.049218E+01  2.164775E+02
 4.920000E+02  7.642206E+01  8.050220E+01  2.164979E+02
 4.922500E+02  7.642999E+01  8.051222E+01  2.165182E+02
 4.925000E+02  7.643793E+01  8.052224E+01  2.165386E+02
 4.927500E+02  7.644586E+01  8.053226E+01  2.165589E+02
 4.930000E+02  7.645380E+01  8.054228E+01  2.165793E+02
 4.932500E+02  7.646174E+01  8.055231E+01  2.165996E+02
 4.935000E+02  7.646967E+01  8.056233E+01  2.166199E+02
 4.937500E+02  7.647761E+01  8.057235E+01  2.166402E+02
 4.940000E+02  7.648556E+01  8.058238E+01  2.166605E+02
 4.942500E+02  7.649350E+01  8.059241E+01  2.166808E+02
 4.945000E+02  7.650144E+01  8.060244E+01  2.167011E+02
 4.947500E+02  7.650939E+01  8.061247E+01  2.167214E+02
 4.950000E+02  7.651733E+01  8.062250E+01  2.167416E+02
 4.952500E+02  7.652528E+01  8.063253E+01  2.167619E+02
 4.955000E+02  7.653323E+01  8.064256E+01  2.167821E+02
 4.957500E+02  7.654117E+01  8.065260E+01  2.168024E+02
 4.960000E+02  7.654912E+01  8.066263E+01  2.168226E+02
 4.962500E+02  7.655707E+01  8.067267E+01  2.168429E+02
 4.965000E+02  7.656503E+01  8.068270E+01  2.168631E+02
 4.967500E+02  7.657298E+01  8.069274E+01  2.168833E+02
 4.970000E+02  7.658093E+01  8.070278E+01  2.169035E+02
 4.972500E+02  7.658889E+01  8.071282E+01  2.169237E+02
 4.975000E+02  7.659685E+01  8.072286E+01  2.169439E+02
 4.977500E+02  7.660480E+01  8.073291E+01  2.169641E+02
 4.980000E+02  7.661276E+01  8.074295E+01  2.169842E+02
 4.982500E+02  7.662072E+01  8.075300E+01  2.170044E+02
 4.985000E+02  7.662868E+01  8.076304E+01  2.170246E+02
 4.987500E+02  7.663665E+01  8.077309E+01  2.170447E+02
 4.990000E+02  7.664461E+01  8.078314E+01  2.170649E+02
 4.992500E+02  7.665257E+01  8.079319E+01  2.170850E+02
 4.995000E+02  7.666054E+01  8.080324E+01  2.171051E+02
 4.997500E+02  7.666851E+01  8.081329E+01  2.171252E+02
 5.000000E+02  7.667647E+01  8.082334E+01  2.171453E+02
