#         T/K        V/dm^3  V(excl)/dm^3    alpha/K^-1        status
 2.500000E+02  2.080166E-02  2.036318E-02  1.049060E-04                                 112
 2.502500E+02  2.080220E-02  2.036318E-02  1.049183E-04                                 112
 2.505000E+02  2.080275E-02  2.036318E-02  1.049414E-04                                 112
 2.507500E+02  2.080329E-02  2.036318E-02  1.049602E-04                                 112
 2.510000E+02  2.080384E-02  2.036318E-02  1.049790E-04                                 112
 2.512500E+02  2.080439E-02  2.036318E-02  1.049978E-04                                 112
 2.515000E+02  2.080493E-02  2.036318E-02  1.050166E-04                                 112
 2.517500E+02  2.080548E-02  2.036318E-02  1.050354E-04                                 112
 2.520000E+02  2.080602E-02  2.036318E-02  1.050542E-04                                 112
 2.522500E+02  2.080657E-02  2.036318E-02  1.050730E-04                                 112
 2.525000E+02  2.080712E-02  2.036318E-02  1.050918E-04                                 112
 2.527500E+02  2.080766E-02  2.036318E-02  1.051107E-04                                 112
 2.530000E+02  2.080821E-02  2.036318E-02  1.051296E-04                                 112
 2.532500E+02  2.080876E-02  2.036318E-02  1.051484E-04                                 112
 2.535000E+02  2.080930E-02  2.036318E-02  1.051673E-04                                 112
 2.537500E+02  2.080985E-02  2.036318E-02  1.051863E-04                                 112
 2.540000E+02  2.081040E-02  2.036318E-02  1.052052E-04                                 112
 2.542500E+02  2.081095E-02  2.036318E-02  1.052242E-04                                 112
 2.545000E+02  2.081149E-02  2.036318E-02  1.052432E-04                                 112
 2.547500E+02  2.081204E-02  2.036318E-02  1.052623E-04                                 112
 2.550000E+02  2.081259E-02  2.036318E-02  1.052814E-04                                 112
 2.552500E+02  2.081314E-02  2.036318E-02  1.053005E-04                                 112
 2.555000E+02  2.081369E-02  2.036318E-02  1.053197E-04                                 112
 2.557500E+02  2.081423E-02  2.036318E-02  1.053389E-04                                 112
 2.560000E+02  2.081478E-02  2.036318E-02  1.053582E-04                                 112
 2.562500E+02  2.081533E-02  2.036318E-02  1.053775E-04                                 112
 2.565000E+02  2.081588E-02  2.036318E-02  1.053968E-04                                 112
 2.567500E+02  2.081643E-02  2.036318E-02  1.054163E-04                                 112
 2.570000E+02  2.081698E-02  2.036318E-02  1.054357E-04                                 112
 2.572500E+02  2.081752E-02  2.036318E-02  1.054553E-04                                 112
 2.575000E+02  2.081807E-02  2.036318E-02  1.054749E-04                                 112
 2.577500E+02  2.081862E-02  2.036318E-02  1.054945E-04                                 112
 2.580000E+02  2.081917E-02  2.036318E-02  1.055143E-04                                 112
 2.582500E+02  2.081972E-02  2.036318E-02  1.055341E-04                                 112
 2.585000E+02  2.082027E-02  2.036318E-02  1.055540E-04                                 112
 2.587500E+02  2.082082E-02  2.036318E-02  1.055739E-04                                 112
 2.590000E+02  2.082137E-02  2.036318E-02  1.055940E-04                                 112
 2.592500E+02  2.082192E-02  2.036318E-02  1.056141E-04                                 112
 2.595000E+02  2.082247E-02  2.036318E-02  1.056343E-04                                 112
 2.597500E+02  2.082302E-02  2.036318E-02  1.056545E-04                                 112
 2.600000E+02  2.082357E-02  2.036318E-02  1.056749E-04                                 112
 2.602500E+02  2.082412E-02  2.036318E-02  1.056954E-04                                 112
 2.605000E+02  2.082467E-02  2.036318E-02  1.057159E-04                                 112
 2.607500E+02  2.082522E-02  2.036318E-02  1.057366E-04                                 112
 2.610000E+02  2.082577E-02  2.036318E-02  1.057573E-04                                 112
 2.612500E+02  2.082632E-02  2.036318E-02  1.057782E-04                                 112
 2.615000E+02  2.082687E-02  2.036318E-02  1.057991E-04                                 112
 2.617500E+02  2.082742E-02  2.036318E-02  1.058202E-04                                 112
 2.620000E+02  2.082797E-02  2.036318E-02  1.058414E-04                                 112
 2.622500E+02  2.082852E-02  2.036318E-02  1.058626E-04                                 112
 2.625000E+02  2.082908E-02  2.036318E-02  1.058840E-04                                 112
 2.627500E+02  2.082963E-02  2.036318E-02  1.059056E-04                                 112
 2.630000E+02  2.083018E-02  2.036318E-02  1.059272E-04                                 112
 2.632500E+02  2.083073E-02  2.036318E-02  1.059489E-04                                 112
 2.635000E+02  2.083128E-02  2.036318E-02  1.059708E-04                                 112
 2.637500E+02  2.083183E-02  2.036318E-02  1.059928E-04                                 112
 2.640000E+02  2.083239E-02  2.036318E-02  1.060150E-04                                 112
 2.642500E+02  2.083294E-02  2.036318E-02  1.060372E-04                                 112
 2.645000E+02  2.083349E-02  2.036318E-02  1.060596E-04                                 112
 2.647500E+02  2.083404E-02  2.036318E-02  1.060822E-04                                 112
 2.650000E+02  2.083460E-02  2.036318E-02  1.061049E-04                                 112
 2.652500E+02  2.083515E-02  2.036318E-02  1.061277E-04                                 112
 2.655000E+02  2.083570E-02  2.036318E-02  1.061507E-04                                 112
 2.657500E+02  2.083625E-02  2.036318E-02  1.061738E-04                                 112
 2.660000E+02  2.083681E-02  2.036318E-02  1.061970E-04                                 112
 2.662500E+02  2.083736E-02  2.036318E-02  1.062205E-04                                 112
 2.665000E+02  2.083791E-02  2.036318E-02  1.062440E-04                                 112
 2.667500E+02  2.083847E-02  2.036318E-02  1.062678E-04                                 112
 2.670000E+02  2.083902E-02  2.036318E-02  1.062917E-04                                 112
 2.672500E+02  2.083958E-02  2.036318E-02  1.063157E-04                                 112
 2.675000E+02  2.084013E-02  2.036318E-02  1.063400E-04                                 112
 2.677500E+02  2.084068E-02  2.036318E-02  1.063644E-04                                 112
 2.680000E+02  2.084124E-02  2.036318E-02  1.063889E-04                                 112
 2.682500E+02  2.084179E-02  2.036318E-02  1.064137E-04                                 112
 2.685000E+02  2.084235E-02  2.036318E-02  1.064386E-04                                 112
 2.687500E+02  2.084290E-02  2.036318E-02  1.064637E-04                                 112
 2.690000E+02  2.084346E-02  2.036318E-02  1.064890E-04                                 112
 2.692500E+02  2.084401E-02  2.036318E-02  1.065144E-04                                 112
 2.695000E+02  2.084457E-02  2.036318E-02  1.065401E-04                                 112
 2.697500E+02  2.084512E-02  2.036318E-02  1.065659E-04                                 112
 2.700000E+02  2.084568E-02  2.036318E-02  1.065920E-04                                 112
 2.702500E+02  2.084623E-02  2.036318E-02  1.066182E-04                                 112
 2.705000E+02  2.084679E-02  2.036318E-02  1.066446E-04                                 112
 2.707500E+02  2.084734E-02  2.036318E-02  1.066712E-04                                 112
 2.710000E+02  2.084790E-02  2.036318E-02  1.066981E-04                                 112
 2.712500E+02  2.084846E-02  2.036318E-02  1.067251E-04                                 112
 2.715000E+02  2.084901E-02  2.036318E-02  1.067523E-04                                 112
 2.717500E+02  2.084957E-02  2.036318E-02  1.067798E-04                                 112
 2.720000E+02  2.085013E-02  2.036318E-02  1.068075E-04                                 112
 2.722500E+02  2.085068E-02  2.036318E-02  1.068353E-04                                 112
 2.725000E+02  2.085124E-02  2.036318E-02  1.068634E-04                                 112
 2.727500E+02  2.085180E-02  2.036318E-02  1.068918E-04                                 112
 2.730000E+02  2.085235E-02  2.036318E-02  1.069203E-04                                 112
 2.732500E+02  2.085291E-02  2.036318E-02  1.069491E-04                                 112
 2.735000E+02  2.085347E-02  2.036318E-02  1.069781E-04                                 112
 2.737500E+02  2.085403E-02  2.036318E-02  1.070073E-04                                 112
 2.740000E+02  2.085459E-02  2.036318E-02  1.070368E-04                                 112
 2.742500E+02  2.085514E-02  2.036318E-02  1.070665E-04                                 112
 2.745000E+02  2.085570E-02  2.036318E-02  1.070964E-04                                 112
 2.747500E+02  2.085626E-02  2.036318E-02  1.071266E-04                                 112
 2.750000E+02  2.085682E-02  2.036318E-02  1.071570E-04                                 112
 2.752500E+02  2.085738E-02  2.036318E-02  1.071877E-04                                 112
 2.755000E+02  2.085794E-02  2.036318E-02  1.072186E-04                                 112
 2.757500E+02  2.085850E-02  2.036318E-02  1.072498E-04                                 112
 2.760000E+02  2.085906E-02  2.036318E-02  1.072812E-04                                 112
 2.762500E+02  2.085961E-02  2.036318E-02  1.073129E-04                                 112
 2.765000E+02  2.086017E-02  2.036318E-02  1.073448E-04                                 112
 2.767500E+02  2.086073E-02  2.036318E-02  1.073771E-04                                 112
 2.770000E+02  2.086129E-02  2.036318E-02  1.074095E-04                                 112
 2.772500E+02  2.086185E-02  2.036318E-02  1.074423E-04                                 112
 2.775000E+02  2.086242E-02  2.036318E-02  1.074753E-04                                 112
 2.777500E+02  2.086298E-02  2.036318E-02  1.075086E-04                                 112
 2.780000E+02  2.086354E-02  2.036318E-02  1.075421E-04                                 112
 2.782500E+02  2.086410E-02  2.036318E-02  1.075760E-04                                 112
 2.785000E+02  2.086466E-02  2.036318E-02  1.076101E-04                                 112
 2.787500E+02  2.086522E-02  2.036318E-02  1.076445E-04                                 112
 2.790000E+02  2.086578E-02  2.036318E-02  1.076792E-04                                 112
 2.792500E+02  2.086634E-02  2.036318E-02  1.077142E-04                                 112
 2.795000E+02  2.086691E-02  2.036318E-02  1.077494E-04                                 112
 2.797500E+02  2.086747E-02  2.036318E-02  1.077850E-04                                 112
 2.800000E+02  2.086803E-02  2.036318E-02  1.078209E-04                                 112
 2.802500E+02  2.086859E-02  2.036318E-02  1.078570E-04                                 112
 2.805000E+02  2.086916E-02  2.036318E-02  1.078935E-04                                 112
 2.807500E+02  2.086972E-02  2.036318E-02  1.079303E-04                                 112
 2.810000E+02  2.087028E-02  2.036318E-02  1.079673E-04                                 112
 2.812500E+02  2.087085E-02  2.036318E-02  1.080047E-04                                 112
 2.815000E+02  2.087141E-02  2.036318E-02  1.080424E-04                                 112
 2.817500E+02  2.087197E-02  2.036318E-02  1.080804E-04                                 112
 2.820000E+02  2.087254E-02  2.036318E-02  1.081188E-04                                 112
 2.822500E+02  2.087310E-02  2.036318E-02  1.081574E-04                                 112
 2.825000E+02  2.087367E-02  2.036318E-02  1.081964E-04                                 112
 2.827500E+02  2.087423E-02  2.036318E-02  1.082357E-04                                 112
 2.830000E+02  2.087480E-02  2.036318E-02  1.082753E-04                                 112
 2.832500E+02  2.087536E-02  2.036318E-02  1.083153E-04                                 112
 2.835000E+02  2.087593E-02  2.036318E-02  1.083555E-04                                 112
 2.837500E+02  2.087649E-02  2.036318E-02  1.083962E-04                                 112
 2.840000E+02  2.087706E-02  2.036318E-02  1.084371E-04                                 112
 2.842500E+02  2.087762E-02  2.036318E-02  1.084784E-04                                 112
 2.845000E+02  2.087819E-02  2.036318E-02  1.085201E-04                                 112
 2.847500E+02  2.087876E-02  2.036318E-02  1.085621E-04                                 112
 2.850000E+02  2.087932E-02  2.036318E-02  1.086044E-04                                 112
 2.852500E+02  2.087989E-02  2.036318E-02  1.086471E-04                                 112
 2.855000E+02  2.088046E-02  2.036318E-02  1.086902E-04                                 112
 2.857500E+02  2.088102E-02  2.036318E-02  1.087336E-04                                 112
 2.860000E+02  2.088159E-02  2.036318E-02  1.087774E-04                                 112
 2.862500E+02  2.088216E-02  2.036318E-02  1.088215E-04                                 112
 2.865000E+02  2.088273E-02  2.036318E-02  1.088660E-04                                 112
 2.867500E+02  2.088330E-02  2.036318E-02  1.089109E-04                                 112
 2.870000E+02  2.088387E-02  2.036318E-02  1.089561E-04                                 112
 2.872500E+02  2.088443E-02  2.036318E-02  1.090017E-04                                 112
 2.875000E+02  2.088500E-02  2.036318E-02  1.090477E-04                                 112
 2.877500E+02  2.088557E-02  2.036318E-02  1.090941E-04                                 112
 2.880000E+02  2.088614E-02  2.036318E-02  1.091408E-04                                 112
 2.882500E+02  2.088671E-02  2.036318E-02  1.091880E-04                                 112
 2.885000E+02  2.088728E-02  2.036318E-02  1.092355E-04                                 112
 2.887500E+02  2.088785E-02  2.036318E-02  1.092834E-04                                 112
 2.890000E+02  2.088843E-02  2.036318E-02  1.093317E-04                                 112
 2.892500E+02  2.088900E-02  2.036318E-02  1.093804E-04                                 112
 2.895000E+02  2.088957E-02  2.036318E-02  1.094295E-04                                 112
 2.897500E+02  2.089014E-02  2.036318E-02  1.094790E-04                                 112
 2.900000E+02  2.089071E-02  2.036318E-02  1.095289E-04                                 112
 2.902500E+02  2.089128E-02  2.036318E-02  1.095792E-04                                 112
 2.905000E+02  2.089186E-02  2.036318E-02  1.096299E-04                                 112
 2.907500E+02  2.089243E-02  2.036318E-02  1.096810E-04                                 112
 2.910000E+02  2.089300E-02  2.036318E-02  1.097326E-04                                 112
 2.912500E+02  2.089357E-02  2.036318E-02  1.097845E-04                                 112
 2.915000E+02  2.089415E-02  2.036318E-02  1.098369E-04                                 112
 2.917500E+02  2.089472E-02  2.036318E-02  1.098897E-04                                 112
 2.920000E+02  2.089530E-02  2.036318E-02  1.099429E-04                                 112
 2.922500E+02  2.089587E-02  2.036318E-02  1.099966E-04                                 112
 2.925000E+02  2.089645E-02  2.036318E-02  1.100506E-04                                 112
 2.927500E+02  2.089702E-02  2.036318E-02  1.101051E-04                                 112
 2.930000E+02  2.089760E-02  2.036318E-02  1.101601E-04                                 112
 2.932500E+02  2.089817E-02  2.036318E-02  1.102155E-04                                 112
 2.935000E+02  2.089875E-02  2.036318E-02  1.102713E-04                                 112
 2.937500E+02  2.089932E-02  2.036318E-02  1.103276E-04                                 112
 2.940000E+02  2.089990E-02  2.036318E-02  1.103843E-04                                 112
 2.942500E+02  2.090048E-02  2.036318E-02  1.104415E-04                                 112
 2.945000E+02  2.090105E-02  2.036318E-02  1.104991E-04                                 112
 2.947500E+02  2.090163E-02  2.036318E-02  1.105572E-04                                 112
 2.950000E+02  2.090221E-02  2.036318E-02  1.106157E-04                                 112
 2.952500E+02  2.090279E-02  2.036318E-02  1.106747E-04                                 112
 2.955000E+02  2.090337E-02  2.036318E-02  1.107342E-04                                 112
 2.957500E+02  2.090395E-02  2.036318E-02  1.107941E-04                                 112
 2.960000E+02  2.090452E-02  2.036318E-02  1.108545E-04                                 112
 2.962500E+02  2.090510E-02  2.036318E-02  1.109154E-04                                 112
 2.965000E+02  2.090568E-02  2.036318E-02  1.109767E-04                                 112
 2.967500E+02  2.090626E-02  2.036318E-02  1.110385E-04                                 112
 2.970000E+02  2.090684E-02  2.036318E-02  1.111008E-04                                 112
 2.972500E+02  2.090743E-02  2.036318E-02  1.111636E-04                                 112
 2.975000E+02  2.090801E-02  2.036318E-02  1.112269E-04                                 112
 2.977500E+02  2.090859E-02  2.036318E-02  1.112906E-04                                 112
 2.980000E+02  2.090917E-02  2.036318E-02  1.113549E-04                                 112
 2.982500E+02  2.090975E-02  2.036318E-02  1.114197E-04                                 112
 2.985000E+02  2.091034E-02  2.036318E-02  1.114849E-04                                 112
 2.987500E+02  2.091092E-02  2.036318E-02  1.115506E-04                                 112
 2.990000E+02  2.091150E-02  2.036318E-02  1.116169E-04                                 112
 2.992500E+02  2.091209E-02  2.036318E-02  1.116837E-04                                 112
 2.995000E+02  2.091267E-02  2.036318E-02  1.117509E-04                                 112
 2.997500E+02  2.091325E-02  2.036318E-02  1.118187E-04                                 112
 3.000000E+02  2.091384E-02  2.036318E-02  1.118870E-04                                 112
 3.002500E+02  2.091442E-02  2.036318E-02  1.119558E-04                                 112
 3.005000E+02  2.091501E-02  2.036318E-02  1.120251E-04                                 112
 3.007500E+02  2.091560E-02  2.036318E-02  1.120950E-04                                 112
 3.010000E+02  2.091618E-02  2.036318E-02  1.121654E-04                                 112
 3.012500E+02  2.091677E-02  2.036318E-02  1.122363E-04                                 112
 3.015000E+02  2.091736E-02  2.036318E-02  1.123078E-04                                 112
 3.017500E+02  2.091794E-02  2.036318E-02  1.123797E-04                                 112
 3.020000E+02  2.091853E-02  2.036318E-02  1.124523E-04                                 112
 3.022500E+02  2.091912E-02  2.036318E-02  1.125253E-04                                 112
 3.025000E+02  2.091971E-02  2.036318E-02  1.125989E-04                                 112
 3.027500E+02  2.092030E-02  2.036318E-02  1.126731E-04                                 112
 3.030000E+02  2.092089E-02  2.036318E-02  1.127478E-04                                 112
 3.032500E+02  2.092148E-02  2.036318E-02  1.128231E-04                                 112
 3.035000E+02  2.092207E-02  2.036318E-02  1.128989E-04                                 112
 3.037500E+02  2.092266E-02  2.036318E-02  1.129753E-04                                 112
 3.040000E+02  2.092325E-02  2.036318E-02  1.130522E-04                                 112
 3.042500E+02  2.092384E-02  2.036318E-02  1.131297E-04                                 112
 3.045000E+02  2.092443E-02  2.036318E-02  1.132078E-04                                 112
 3.047500E+02  2.092502E-02  2.036318E-02  1.132864E-04                                 112
 3.050000E+02  2.092562E-02  2.036318E-02  1.133657E-04                                 112
 3.052500E+02  2.092621E-02  2.036318E-02  1.134455E-04                                 112
 3.055000E+02  2.092680E-02  2.036318E-02  1.135258E-04                                 112
 3.057500E+02  2.092740E-02  2.036318E-02  1.136068E-04                                 112
 3.060000E+02  2.092799E-02  2.036318E-02  1.136884E-04                                 112
 3.062500E+02  2.092859E-02  2.036318E-02  1.137705E-04                                 112
 3.065000E+02  2.092918E-02  2.036318E-02  1.138532E-04                                 112
 3.067500E+02  2.092978E-02  2.036318E-02  1.139366E-04                                 112
 3.070000E+02  2.093038E-02  2.036318E-02  1.140205E-04                                 112
 3.072500E+02  2.093097E-02  2.036318E-02  1.141050E-04                                 112
 3.075000E+02  2.093157E-02  2.036318E-02  1.141902E-04                                 112
 3.077500E+02  2.093217E-02  2.036318E-02  1.142759E-04                                 112
 3.080000E+02  2.093277E-02  2.036318E-02  1.143623E-04                                 112
 3.082500E+02  2.093336E-02  2.036318E-02  1.144493E-04                                 112
 3.085000E+02  2.093396E-02  2.036318E-02  1.145369E-04                                 112
 3.087500E+02  2.093456E-02  2.036318E-02  1.146251E-04                                 112
 3.090000E+02  2.093516E-02  2.036318E-02  1.147139E-04                                 112
 3.092500E+02  2.093576E-02  2.036318E-02  1.148034E-04                                 112
 3.095000E+02  2.093637E-02  2.036318E-02  1.148935E-04                                 112
 3.097500E+02  2.093697E-02  2.036318E-02  1.149843E-04                                 112
 3.100000E+02  2.093757E-02  2.036318E-02  1.150756E-04                                 112
 3.102500E+02  2.093817E-02  2.036318E-02  1.151677E-04                                 112
 3.105000E+02  2.093877E-02  2.036318E-02  1.152603E-04                                 112
 3.107500E+02  2.093938E-02  2.036318E-02  1.153536E-04                                 112
 3.110000E+02  2.093998E-02  2.036318E-02  1.154476E-04                                 112
 3.112500E+02  2.094059E-02  2.036318E-02  1.155422E-04                                 112
 3.115000E+02  2.094119E-02  2.036318E-02  1.156375E-04                                 112
 3.117500E+02  2.094180E-02  2.036318E-02  1.157334E-04                                 112
 3.120000E+02  2.094240E-02  2.036318E-02  1.158300E-04                                 112
 3.122500E+02  2.094301E-02  2.036318E-02  1.159273E-04                                 112
 3.125000E+02  2.094362E-02  2.036318E-02  1.160252E-04                                 112
 3.127500E+02  2.094423E-02  2.036318E-02  1.161238E-04                                 112
 3.130000E+02  2.094483E-02  2.036318E-02  1.162231E-04                                 112
 3.132500E+02  2.094544E-02  2.036318E-02  1.163231E-04                                 112
 3.135000E+02  2.094605E-02  2.036318E-02  1.164237E-04                                 112
 3.137500E+02  2.094666E-02  2.036318E-02  1.165251E-04                                 112
 3.140000E+02  2.094727E-02  2.036318E-02  1.166271E-04                                 112
 3.142500E+02  2.094788E-02  2.036318E-02  1.167298E-04                                 112
 3.145000E+02  2.094850E-02  2.036318E-02  1.168333E-04                                 112
 3.147500E+02  2.094911E-02  2.036318E-02  1.169374E-04                                 112
 3.150000E+02  2.094972E-02  2.036318E-02  1.170422E-04                                 112
 3.152500E+02  2.095033E-02  2.036318E-02  1.171478E-04                                 112
 3.155000E+02  2.095095E-02  2.036318E-02  1.172540E-04                                 112
 3.157500E+02  2.095156E-02  2.036318E-02  1.173610E-04                                 112
 3.160000E+02  2.095218E-02  2.036318E-02  1.174687E-04                                 112
 3.162500E+02  2.095279E-02  2.036318E-02  1.175771E-04                                 112
 3.165000E+02  2.095341E-02  2.036318E-02  1.176862E-04                                 112
 3.167500E+02  2.095403E-02  2.036318E-02  1.177961E-04                                 112
 3.170000E+02  2.095464E-02  2.036318E-02  1.179067E-04                                 112
 3.172500E+02  2.095526E-02  2.036318E-02  1.180180E-04                                 112
 3.175000E+02  2.095588E-02  2.036318E-02  1.181301E-04                                 112
 3.177500E+02  2.095650E-02  2.036318E-02  1.182429E-04                                 112
 3.180000E+02  2.095712E-02  2.036318E-02  1.183565E-04                                 112
 3.182500E+02  2.095774E-02  2.036318E-02  1.184708E-04                                 112
 3.185000E+02  2.095836E-02  2.036318E-02  1.185858E-04                                 112
 3.187500E+02  2.095898E-02  2.036318E-02  1.187017E-04                                 112
 3.190000E+02  2.095960E-02  2.036318E-02  1.188183E-04                                 112
 3.192500E+02  2.096023E-02  2.036318E-02  1.189356E-04                                 112
 3.195000E+02  2.096085E-02  2.036318E-02  1.190537E-04                                 112
 3.197500E+02  2.096147E-02  2.036318E-02  1.191747E-04                                 112
 3.200000E+02  2.096210E-02  2.036318E-02  1.192944E-04                                 112
 3.202500E+02  2.096272E-02  2.036318E-02  1.194128E-04                                 112
 3.205000E+02  2.096335E-02  2.036318E-02  1.195340E-04                                 112
 3.207500E+02  2.096398E-02  2.036318E-02  1.196561E-04                                 112
 3.210000E+02  2.096461E-02  2.036318E-02  1.197789E-04                                 112
 3.212500E+02  2.096523E-02  2.036318E-02  1.199025E-04                                 112
 3.215000E+02  2.096586E-02  2.036318E-02  1.200269E-04                                 112
 3.217500E+02  2.096649E-02  2.036318E-02  1.201521E-04                                 112
 3.220000E+02  2.096712E-02  2.036318E-02  1.202781E-04                                 112
 3.222500E+02  2.096775E-02  2.036318E-02  1.204050E-04                                 112
 3.225000E+02  2.096838E-02  2.036318E-02  1.205326E-04                                 112
 3.227500E+02  2.096902E-02  2.036318E-02  1.206611E-04                                 112
 3.230000E+02  2.096965E-02  2.036318E-02  1.207904E-04                                 112
 3.232500E+02  2.097028E-02  2.036318E-02  1.209205E-04                                 112
 3.235000E+02  2.097092E-02  2.036318E-02  1.210514E-04                                 112
 3.237500E+02  2.097155E-02  2.036318E-02  1.211832E-04                                 112
 3.240000E+02  2.097219E-02  2.036318E-02  1.213158E-04                                 112
 3.242500E+02  2.097282E-02  2.036318E-02  1.214493E-04                                 112
 3.245000E+02  2.097346E-02  2.036318E-02  1.215836E-04                                 112
 3.247500E+02  2.097410E-02  2.036318E-02  1.217187E-04                                 112
 3.250000E+02  2.097474E-02  2.036318E-02  1.218547E-04                                 112
 3.252500E+02  2.097538E-02  2.036318E-02  1.219916E-04                                 112
 3.255000E+02  2.097602E-02  2.036318E-02  1.221293E-04                                 112
 3.257500E+02  2.097666E-02  2.036318E-02  1.222679E-04                                 112
 3.260000E+02  2.097730E-02  2.036318E-02  1.224073E-04                                 112
 3.262500E+02  2.097794E-02  2.036318E-02  1.225477E-04                                 112
 3.265000E+02  2.097858E-02  2.036318E-02  1.226889E-04                                 112
 3.267500E+02  2.097923E-02  2.036318E-02  1.228310E-04                                 112
 3.270000E+02  2.097987E-02  2.036318E-02  1.229740E-04                                 112
 3.272500E+02  2.098052E-02  2.036318E-02  1.231178E-04                                 112
 3.275000E+02  2.098116E-02  2.036318E-02  1.232626E-04                                 112
 3.277500E+02  2.098181E-02  2.036318E-02  1.234083E-04                                 112
 3.280000E+02  2.098246E-02  2.036318E-02  1.235548E-04                                 112
 3.282500E+02  2.098311E-02  2.036318E-02  1.237023E-04                                 112
 3.285000E+02  2.098376E-02  2.036318E-02  1.238507E-04                                 112
 3.287500E+02  2.098441E-02  2.036318E-02  1.240000E-04                                 112
 3.290000E+02  2.098506E-02  2.036318E-02  1.241502E-04                                 112
 3.292500E+02  2.098571E-02  2.036318E-02  1.243014E-04                                 112
 3.295000E+02  2.098636E-02  2.036318E-02  1.244534E-04                                 112
 3.297500E+02  2.098702E-02  2.036318E-02  1.246064E-04                                 112
 3.300000E+02  2.098767E-02  2.036318E-02  1.247604E-04                                 112
 3.302500E+02  2.098833E-02  2.036318E-02  1.249153E-04                                 112
 3.305000E+02  2.098898E-02  2.036318E-02  1.250711E-04                                 112
 3.307500E+02  2.098964E-02  2.036318E-02  1.252279E-04                                 112
 3.310000E+02  2.099030E-02  2.036318E-02  1.253856E-04                                 112
 3.312500E+02  2.099095E-02  2.036318E-02  1.255443E-04                                 112
 3.315000E+02  2.099161E-02  2.036318E-02  1.257040E-04                                 112
 3.317500E+02  2.099227E-02  2.036318E-02  1.258646E-04                                 112
 3.320000E+02  2.099293E-02  2.036318E-02  1.260262E-04                                 112
 3.322500E+02  2.099360E-02  2.036318E-02  1.261888E-04                                 112
 3.325000E+02  2.099426E-02  2.036318E-02  1.263523E-04                                 112
 3.327500E+02  2.099492E-02  2.036318E-02  1.265169E-04                                 112
 3.330000E+02  2.099559E-02  2.036318E-02  1.266824E-04                                 112
 3.332500E+02  2.099625E-02  2.036318E-02  1.268489E-04                                 112
 3.335000E+02  2.099692E-02  2.036318E-02  1.270165E-04                                 112
 3.337500E+02  2.099759E-02  2.036318E-02  1.271850E-04                                 112
 3.340000E+02  2.099825E-02  2.036318E-02  1.273546E-04                                 112
 3.342500E+02  2.099892E-02  2.036318E-02  1.275251E-04                                 112
 3.345000E+02  2.099959E-02  2.036318E-02  1.276967E-04                                 112
 3.347500E+02  2.100026E-02  2.036318E-02  1.278693E-04                                 112
 3.350000E+02  2.100094E-02  2.036318E-02  1.280429E-04                                 112
 3.352500E+02  2.100161E-02  2.036318E-02  1.282176E-04                                 112
 3.355000E+02  2.100228E-02  2.036318E-02  1.283933E-04                                 112
 3.357500E+02  2.100296E-02  2.036318E-02  1.285700E-04                                 112
 3.360000E+02  2.100363E-02  2.036318E-02  1.287478E-04                                 112
 3.362500E+02  2.100431E-02  2.036318E-02  1.289266E-04                                 112
 3.365000E+02  2.100499E-02  2.036318E-02  1.291065E-04                                 112
 3.367500E+02  2.100566E-02  2.036318E-02  1.292875E-04                                 112
 3.370000E+02  2.100634E-02  2.036318E-02  1.294695E-04                                 112
 3.372500E+02  2.100702E-02  2.036318E-02  1.296526E-04                                 112
 3.375000E+02  2.100771E-02  2.036318E-02  1.298368E-04                                 112
 3.377500E+02  2.100839E-02  2.036318E-02  1.300220E-04                                 112
 3.380000E+02  2.100907E-02  2.036318E-02  1.302084E-04                                 112
 3.382500E+02  2.100976E-02  2.036318E-02  1.303958E-04                                 112
 3.385000E+02  2.101044E-02  2.036318E-02  1.305843E-04                                 112
 3.387500E+02  2.101113E-02  2.036318E-02  1.307740E-04                                 112
 3.390000E+02  2.101181E-02  2.036318E-02  1.309647E-04                                 112
 3.392500E+02  2.101250E-02  2.036318E-02  1.311565E-04                                 112
 3.395000E+02  2.101319E-02  2.036318E-02  1.313495E-04                                 112
 3.397500E+02  2.101388E-02  2.036318E-02  1.315436E-04                                 112
 3.400000E+02  2.101457E-02  2.036318E-02  1.317388E-04                                 112
 3.402500E+02  2.101527E-02  2.036318E-02  1.319352E-04                                 112
 3.405000E+02  2.101596E-02  2.036318E-02  1.321326E-04                                 112
 3.407500E+02  2.101666E-02  2.036318E-02  1.323313E-04                                 112
 3.410000E+02  2.101735E-02  2.036318E-02  1.325310E-04                                 112
 3.412500E+02  2.101805E-02  2.036318E-02  1.327320E-04                                 112
 3.415000E+02  2.101875E-02  2.036318E-02  1.329340E-04                                 112
 3.417500E+02  2.101945E-02  2.036318E-02  1.331373E-04                                 112
 3.420000E+02  2.102015E-02  2.036318E-02  1.333417E-04                                 112
 3.422500E+02  2.102085E-02  2.036318E-02  1.335473E-04                                 112
 3.425000E+02  2.102155E-02  2.036318E-02  1.337541E-04                                 112
 3.427500E+02  2.102225E-02  2.036318E-02  1.339620E-04                                 112
 3.430000E+02  2.102296E-02  2.036318E-02  1.341712E-04                                 112
 3.432500E+02  2.102366E-02  2.036318E-02  1.343815E-04                                 112
 3.435000E+02  2.102437E-02  2.036318E-02  1.345931E-04                                 112
 3.437500E+02  2.102508E-02  2.036318E-02  1.348058E-04                                 112
 3.440000E+02  2.102579E-02  2.036318E-02  1.350198E-04                                 112
 3.442500E+02  2.102650E-02  2.036318E-02  1.352352E-04                                 112
 3.445000E+02  2.102721E-02  2.036318E-02  1.354516E-04                                 112
 3.447500E+02  2.102792E-02  2.036318E-02  1.356690E-04                                 112
 3.450000E+02  2.102864E-02  2.036318E-02  1.358879E-04                                 112
 3.452500E+02  2.102935E-02  2.036318E-02  1.361080E-04                                 112
 3.455000E+02  2.103007E-02  2.036318E-02  1.363293E-04                                 112
 3.457500E+02  2.103078E-02  2.036318E-02  1.365520E-04                                 112
 3.460000E+02  2.103150E-02  2.036318E-02  1.367758E-04                                 112
 3.462500E+02  2.103222E-02  2.036318E-02  1.370010E-04                                 112
 3.465000E+02  2.103294E-02  2.036318E-02  1.372274E-04                                 112
 3.467500E+02  2.103367E-02  2.036318E-02  1.374550E-04                                 112
 3.470000E+02  2.103439E-02  2.036318E-02  1.376840E-04                                 112
 3.472500E+02  2.103511E-02  2.036318E-02  1.379139E-04                                 112
 3.475000E+02  2.103584E-02  2.036318E-02  1.381455E-04                                 112
 3.477500E+02  2.103657E-02  2.036318E-02  1.383786E-04                                 112
 3.480000E+02  2.103729E-02  2.036318E-02  1.386128E-04                                 112
 3.482500E+02  2.103802E-02  2.036318E-02  1.388482E-04                                 112
 3.485000E+02  2.103876E-02  2.036318E-02  1.390850E-04                                 112
 3.487500E+02  2.103949E-02  2.036318E-02  1.393231E-04                                 112
 3.490000E+02  2.104022E-02  2.036318E-02  1.395625E-04                                 112
 3.492500E+02  2.104096E-02  2.036318E-02  1.398033E-04                                 112
 3.495000E+02  2.104169E-02  2.036318E-02  1.400454E-04                                 112
 3.497500E+02  2.104243E-02  2.036318E-02  1.402888E-04                                 112
 3.500000E+02  2.104317E-02  2.036318E-02  1.405336E-04                                 112
 3.502500E+02  2.104391E-02  2.036318E-02  1.407798E-04                                 112
 3.505000E+02  2.104465E-02  2.036318E-02  1.410273E-04                                 112
 3.507500E+02  2.104539E-02  2.036318E-02  1.412762E-04                                 112
 3.510000E+02  2.104614E-02  2.036318E-02  1.415265E-04                                 112
 3.512500E+02  2.104688E-02  2.036318E-02  1.417782E-04                                 112
 3.515000E+02  2.104763E-02  2.036318E-02  1.420313E-04                                 112
 3.517500E+02  2.104838E-02  2.036318E-02  1.422857E-04                                 112
 3.520000E+02  2.104913E-02  2.036318E-02  1.425416E-04                                 112
 3.522500E+02  2.104988E-02  2.036318E-02  1.427989E-04                                 112
 3.525000E+02  2.105063E-02  2.036318E-02  1.430575E-04                                 112
 3.527500E+02  2.105138E-02  2.036318E-02  1.433177E-04                                 112
 3.530000E+02  2.105214E-02  2.036318E-02  1.435792E-04                                 112
 3.532500E+02  2.105289E-02  2.036318E-02  1.438422E-04                                 112
 3.535000E+02  2.105365E-02  2.036318E-02  1.441066E-04                                 112
 3.537500E+02  2.105441E-02  2.036318E-02  1.443725E-04                                 112
 3.540000E+02  2.105517E-02  2.036318E-02  1.446398E-04                                 112
 3.542500E+02  2.105593E-02  2.036318E-02  1.449087E-04                                 112
 3.545000E+02  2.105670E-02  2.036318E-02  1.451789E-04                                 112
 3.547500E+02  2.105746E-02  2.036318E-02  1.454507E-04                                 112
 3.550000E+02  2.105823E-02  2.036318E-02  1.457239E-04                                 112
 3.552500E+02  2.105900E-02  2.036318E-02  1.459987E-04                                 112
 3.555000E+02  2.105977E-02  2.036318E-02  1.462749E-04                                 112
 3.557500E+02  2.106054E-02  2.036318E-02  1.465526E-04                                 112
 3.560000E+02  2.106131E-02  2.036318E-02  1.468319E-04                                 112
 3.562500E+02  2.106208E-02  2.036318E-02  1.471126E-04                                 112
 3.565000E+02  2.106286E-02  2.036318E-02  1.473949E-04                                 112
 3.567500E+02  2.106363E-02  2.036318E-02  1.476787E-04                                 112
 3.570000E+02  2.106441E-02  2.036318E-02  1.479641E-04                                 112
 3.572500E+02  2.106519E-02  2.036318E-02  1.482510E-04                                 112
 3.575000E+02  2.106597E-02  2.036318E-02  1.485395E-04                                 112
 3.577500E+02  2.106676E-02  2.036318E-02  1.488295E-04                                 112
 3.580000E+02  2.106754E-02  2.036318E-02  1.491211E-04                                 112
 3.582500E+02  2.106833E-02  2.036318E-02  1.494143E-04                                 112
 3.585000E+02  2.106912E-02  2.036318E-02  1.497090E-04                                 112
 3.587500E+02  2.106991E-02  2.036318E-02  1.500054E-04                                 112
 3.590000E+02  2.107070E-02  2.036318E-02  1.503033E-04                                 112
 3.592500E+02  2.107149E-02  2.036318E-02  1.506029E-04                                 112
 3.595000E+02  2.107228E-02  2.036318E-02  1.509041E-04                                 112
 3.597500E+02  2.107308E-02  2.036318E-02  1.512069E-04                                 112
 3.600000E+02  2.107388E-02  2.036318E-02  1.515113E-04                                 112
 3.602500E+02  2.107468E-02  2.036318E-02  1.518173E-04                                 112
 3.605000E+02  2.107548E-02  2.036318E-02  1.521250E-04                                 112
 3.607500E+02  2.107628E-02  2.036318E-02  1.524344E-04                                 112
 3.610000E+02  2.107708E-02  2.036318E-02  1.527454E-04                                 112
 3.612500E+02  2.107789E-02  2.036318E-02  1.530581E-04                                 112
 3.615000E+02  2.107870E-02  2.036318E-02  1.533724E-04                                 112
 3.617500E+02  2.107950E-02  2.036318E-02  1.536885E-04                                 112
 3.620000E+02  2.108032E-02  2.036318E-02  1.540062E-04                                 112
 3.622500E+02  2.108113E-02  2.036318E-02  1.543256E-04                                 112
 3.625000E+02  2.108194E-02  2.036318E-02  1.546467E-04                                 112
 3.627500E+02  2.108276E-02  2.036318E-02  1.549696E-04                                 112
 3.630000E+02  2.108358E-02  2.036318E-02  1.552942E-04                                 112
 3.632500E+02  2.108439E-02  2.036318E-02  1.556205E-04                                 112
 3.635000E+02  2.108522E-02  2.036318E-02  1.559485E-04                                 112
 3.637500E+02  2.108604E-02  2.036318E-02  1.562783E-04                                 112
 3.640000E+02  2.108686E-02  2.036318E-02  1.566098E-04                                 112
 3.642500E+02  2.108769E-02  2.036318E-02  1.569431E-04                                 112
 3.645000E+02  2.108852E-02  2.036318E-02  1.572782E-04                                 112
 3.647500E+02  2.108935E-02  2.036318E-02  1.576150E-04                                 112
 3.650000E+02  2.109018E-02  2.036318E-02  1.579537E-04                                 112
 3.652500E+02  2.109101E-02  2.036318E-02  1.582941E-04                                 112
 3.655000E+02  2.109185E-02  2.036318E-02  1.586363E-04                                 112
 3.657500E+02  2.109269E-02  2.036318E-02  1.589804E-04                                 112
 3.660000E+02  2.109353E-02  2.036318E-02  1.593262E-04                                 112
 3.662500E+02  2.109437E-02  2.036318E-02  1.596740E-04                                 112
 3.665000E+02  2.109521E-02  2.036318E-02  1.600235E-04                                 112
 3.667500E+02  2.109606E-02  2.036318E-02  1.603749E-04                                 112
 3.670000E+02  2.109690E-02  2.036318E-02  1.607281E-04                                 112
 3.672500E+02  2.109775E-02  2.036318E-02  1.610832E-04                                 112
 3.675000E+02  2.109860E-02  2.036318E-02  1.614402E-04                                 112
 3.677500E+02  2.109945E-02  2.036318E-02  1.617991E-04                                 112
 3.680000E+02  2.110031E-02  2.036318E-02  1.621598E-04                                 112
 3.682500E+02  2.110116E-02  2.036318E-02  1.625225E-04                                 112
 3.685000E+02  2.110202E-02  2.036318E-02  1.628870E-04                                 112
 3.687500E+02  2.110288E-02  2.036318E-02  1.632535E-04                                 112
 3.690000E+02  2.110375E-02  2.036318E-02  1.636219E-04                                 112
 3.692500E+02  2.110461E-02  2.036318E-02  1.639923E-04                                 112
 3.695000E+02  2.110548E-02  2.036318E-02  1.643646E-04                                 112
 3.697500E+02  2.110634E-02  2.036318E-02  1.647388E-04                                 112
 3.700000E+02  2.110721E-02  2.036318E-02  1.651150E-04                                 112
 3.702500E+02  2.110809E-02  2.036318E-02  1.654932E-04                                 112
 3.705000E+02  2.110896E-02  2.036318E-02  1.658733E-04                                 112
 3.707500E+02  2.110984E-02  2.036318E-02  1.662555E-04                                 112
 3.710000E+02  2.111072E-02  2.036318E-02  1.666397E-04                                 112
 3.712500E+02  2.111160E-02  2.036318E-02  1.670258E-04                                 112
 3.715000E+02  2.111248E-02  2.036318E-02  1.674140E-04                                 112
 3.717500E+02  2.111336E-02  2.036318E-02  1.678042E-04                                 112
 3.720000E+02  2.111425E-02  2.036318E-02  1.681965E-04                                 112
 3.722500E+02  2.111514E-02  2.036318E-02  1.685908E-04                                 112
 3.725000E+02  2.111603E-02  2.036318E-02  1.689871E-04                                 112
 3.727500E+02  2.111692E-02  2.036318E-02  1.693855E-04                                 112
 3.730000E+02  2.111782E-02  2.036318E-02  1.697860E-04                                 112
 3.732500E+02  2.111872E-02  2.036318E-02  1.701886E-04                                 112
 3.735000E+02  2.111962E-02  2.036318E-02  1.705933E-04                                 112
 3.737500E+02  2.112052E-02  2.036318E-02  1.710001E-04                                 112
 3.740000E+02  2.112142E-02  2.036318E-02  1.714090E-04                                 112
 3.742500E+02  2.112233E-02  2.036318E-02  1.718201E-04                                 112
 3.745000E+02  2.112324E-02  2.036318E-02  1.722332E-04                                 112
 3.747500E+02  2.112415E-02  2.036318E-02  1.726486E-04                                 112
 3.750000E+02  2.112506E-02  2.036318E-02  1.730661E-04                                 112
 3.752500E+02  2.112598E-02  2.036318E-02  1.734857E-04                                 112
 3.755000E+02  2.112689E-02  2.036318E-02  1.739075E-04                                 112
 3.757500E+02  2.112781E-02  2.036318E-02  1.743316E-04                                 112
 3.760000E+02  2.112873E-02  2.036318E-02  1.747578E-04                                 112
 3.762500E+02  2.112966E-02  2.036318E-02  1.751862E-04                                 112
 3.765000E+02  2.113058E-02  2.036318E-02  1.756168E-04                                 112
 3.767500E+02  2.113151E-02  2.036318E-02  1.760497E-04                                 112
 3.770000E+02  2.113245E-02  2.036318E-02  1.764848E-04                                 112
 3.772500E+02  2.113338E-02  2.036318E-02  1.769222E-04                                 112
 3.775000E+02  2.113431E-02  2.036318E-02  1.773619E-04                                 112
 3.777500E+02  2.113525E-02  2.036318E-02  1.778038E-04                                 112
 3.780000E+02  2.113619E-02  2.036318E-02  1.782480E-04                                 112
 3.782500E+02  2.113714E-02  2.036318E-02  1.786944E-04                                 112
 3.785000E+02  2.113808E-02  2.036318E-02  1.791432E-04                                 112
 3.787500E+02  2.113903E-02  2.036318E-02  1.795944E-04                                 112
 3.790000E+02  2.113998E-02  2.036318E-02  1.800478E-04                                 112
 3.792500E+02  2.114093E-02  2.036318E-02  1.805036E-04                                 112
 3.795000E+02  2.114189E-02  2.036318E-02  1.809617E-04                                 112
 3.797500E+02  2.114285E-02  2.036318E-02  1.814222E-04                                 112
 3.800000E+02  2.114381E-02  2.036318E-02  1.818851E-04                                 112
 3.802500E+02  2.114477E-02  2.036318E-02  1.823503E-04                                 112
 3.805000E+02  2.114573E-02  2.036318E-02  1.828180E-04                                 112
 3.807500E+02  2.114670E-02  2.036318E-02  1.832880E-04                                 112
 3.810000E+02  2.114767E-02  2.036318E-02  1.837605E-04                                 112
 3.812500E+02  2.114864E-02  2.036318E-02  1.842354E-04                                 112
 3.815000E+02  2.114962E-02  2.036318E-02  1.847128E-04                                 112
 3.817500E+02  2.115060E-02  2.036318E-02  1.851926E-04                                 112
 3.820000E+02  2.115158E-02  2.036318E-02  1.856749E-04                                 112
 3.822500E+02  2.115256E-02  2.036318E-02  1.861596E-04                                 112
 3.825000E+02  2.115355E-02  2.036318E-02  1.866469E-04                                 112
 3.827500E+02  2.115454E-02  2.036318E-02  1.871366E-04                                 112
 3.830000E+02  2.115553E-02  2.036318E-02  1.876289E-04                                 112
 3.832500E+02  2.115652E-02  2.036318E-02  1.881236E-04                                 112
 3.835000E+02  2.115752E-02  2.036318E-02  1.886210E-04                                 112
 3.837500E+02  2.115852E-02  2.036318E-02  1.891208E-04                                 112
 3.840000E+02  2.115952E-02  2.036318E-02  1.896233E-04                                 112
 3.842500E+02  2.116052E-02  2.036318E-02  1.901283E-04                                 112
 3.845000E+02  2.116153E-02  2.036318E-02  1.906359E-04                                 112
 3.847500E+02  2.116254E-02  2.036318E-02  1.911461E-04                                 112
 3.850000E+02  2.116355E-02  2.036318E-02  1.916589E-04                                 112
 3.852500E+02  2.116457E-02  2.036318E-02  1.921743E-04                                 112
 3.855000E+02  2.116559E-02  2.036318E-02  1.926924E-04                                 112
 3.857500E+02  2.116661E-02  2.036318E-02  1.932131E-04                                 112
 3.860000E+02  2.116763E-02  2.036318E-02  1.937365E-04                                 112
 3.862500E+02  2.116866E-02  2.036318E-02  1.942625E-04                                 112
 3.865000E+02  2.116969E-02  2.036318E-02  1.947913E-04                                 112
 3.867500E+02  2.117072E-02  2.036318E-02  1.953228E-04                                 112
 3.870000E+02  2.117175E-02  2.036318E-02  1.958569E-04                                 112
 3.872500E+02  2.117279E-02  2.036318E-02  1.963938E-04                                 112
 3.875000E+02  2.117383E-02  2.036318E-02  1.969335E-04                                 112
 3.877500E+02  2.117488E-02  2.036318E-02  2.991760E+03                                 112
 3.880000E+02  3.169625E+01  2.036318E-02  1.999966E+00                                 111
 3.882500E+02  3.171689E+01  2.036318E-02  2.603054E-03                                 111
 3.885000E+02  3.173753E+01  2.036318E-02  2.601330E-03                                 111
 3.887500E+02  3.175817E+01  2.036318E-02  2.599608E-03                                 111
 3.890000E+02  3.177881E+01  2.036318E-02  2.597888E-03                                 111
 3.892500E+02  3.179945E+01  2.036318E-02  2.596171E-03                                 111
 3.895000E+02  3.182009E+01  2.036318E-02  2.594456E-03                                 111
 3.897500E+02  3.184073E+01  2.036318E-02  2.592743E-03                                 111
 3.900000E+02  3.186136E+01  2.036318E-02  2.591033E-03                                 111
 3.902500E+02  3.188200E+01  2.036318E-02  2.589325E-03                                 111
 3.905000E+02  3.190264E+01  2.036318E-02  2.587620E-03                                 111
 3.907500E+02  3.192328E+01  2.036318E-02  2.585917E-03                                 111
 3.910000E+02  3.194392E+01  2.036318E-02  2.584216E-03                                 111
 3.912500E+02  3.196455E+01  2.036318E-02  2.582517E-03                                 111
 3.915000E+02  3.198519E+01  2.036318E-02  2.580821E-03                                 111
 3.917500E+02  3.200583E+01  2.036318E-02  2.579127E-03                                 111
 3.920000E+02  3.202646E+01  2.036318E-02  2.577436E-03                                 111
 3.922500E+02  3.204710E+01  2.036318E-02  2.575746E-03                                 111
 3.925000E+02  3.206774E+01  2.036318E-02  2.574059E-03                                 111
 3.927500E+02  3.208837E+01  2.036318E-02  2.572375E-03                                 111
 3.930000E+02  3.210901E+01  2.036318E-02  2.570692E-03                                 111
 3.932500E+02  3.212964E+01  2.036318E-02  2.569012E-03                                 111
 3.935000E+02  3.215028E+01  2.036318E-02  2.567334E-03                                 111
 3.937500E+02  3.217091E+01  2.036318E-02  2.565659E-03                                 111
 3.940000E+02  3.219155E+01  2.036318E-02  2.563985E-03                                 111
 3.942500E+02  3.221218E+01  2.036318E-02  2.562314E-03                                 111
 3.945000E+02  3.223282E+01  2.036318E-02  2.560645E-03                                 111
 3.947500E+02  3.225345E+01  2.036318E-02  2.558979E-03                                 111
 3.950000E+02  3.227409E+01  2.036318E-02  2.557315E-03                                 111
 3.952500E+02  3.229472E+01  2.036318E-02  2.555652E-03                                 111
 3.955000E+02  3.231535E+01  2.036318E-02  2.553993E-03                                 111
 3.957500E+02  3.233599E+01  2.036318E-02  2.552335E-03                                 111
 3.960000E+02  3.235662E+01  2.036318E-02  2.550680E-03                                 111
 3.962500E+02  3.237725E+01  2.036318E-02  2.549026E-03                                 111
 3.965000E+02  3.239788E+01  2.036318E-02  2.547376E-03                                 111
 3.967500E+02  3.241852E+01  2.036318E-02  2.545727E-03                                 111
 3.970000E+02  3.243915E+01  2.036318E-02  2.544080E-03                                 111
 3.972500E+02  3.245978E+01  2.036318E-02  2.542436E-03                                 111
 3.975000E+02  3.248041E+01  2.036318E-02  2.540794E-03                                 111
 3.977500E+02  3.250104E+01  2.036318E-02  2.539154E-03                                 111
 3.980000E+02  3.252167E+01  2.036318E-02  2.537516E-03                                 111
 3.982500E+02  3.254231E+01  2.036318E-02  2.535880E-03                                 111
 3.985000E+02  3.256294E+01  2.036318E-02  2.534247E-03                                 111
 3.987500E+02  3.258357E+01  2.036318E-02  2.532616E-03                                 111
 3.990000E+02  3.260420E+01  2.036318E-02  2.530987E-03                                 111
 3.992500E+02  3.262483E+01  2.036318E-02  2.529360E-03                                 111
 3.995000E+02  3.264546E+01  2.036318E-02  2.527735E-03                                 111
 3.997500E+02  3.266609E+01  2.036318E-02  2.526113E-03                                 111
 4.000000E+02  3.268672E+01  2.036318E-02  2.524492E-03                                 111
 4.002500E+02  3.270735E+01  2.036318E-02  2.522874E-03                                 111
 4.005000E+02  3.272797E+01  2.036318E-02  2.521258E-03                                 111
 4.007500E+02  3.274860E+01  2.036318E-02  2.519644E-03                                 111
 4.010000E+02  3.276923E+01  2.036318E-02  2.518032E-03                                 111
 4.012500E+02  3.278986E+01  2.036318E-02  2.516422E-03                                 111
 4.015000E+02  3.281049E+01  2.036318E-02  2.514815E-03                                 111
 4.017500E+02  3.283112E+01  2.036318E-02  2.513209E-03                                 111
 4.020000E+02  3.285174E+01  2.036318E-02  2.511606E-03                                 111
 4.022500E+02  3.287237E+01  2.036318E-02  2.510004E-03                                 111
 4.025000E+02  3.289300E+01  2.036318E-02  2.508405E-03                                 111
 4.027500E+02  3.291363E+01  2.036318E-02  2.506808E-03                                 111
 4.030000E+02  3.293425E+01  2.036318E-02  2.505213E-03                                 111
 4.032500E+02  3.295488E+01  2.036318E-02  2.503620E-03                                 111
 4.035000E+02  3.297551E+01  2.036318E-02  2.502029E-03                                 111
 4.037500E+02  3.299613E+01  2.036318E-02  2.500441E-03                                 111
 4.040000E+02  3.301676E+01  2.036318E-02  2.498854E-03                                 111
 4.042500E+02  3.303738E+01  2.036318E-02  2.497270E-03                                 111
 4.045000E+02  3.305801E+01  2.036318E-02  2.495687E-03                                 111
 4.047500E+02  3.307864E+01  2.036318E-02  2.494107E-03                                 111
 4.050000E+02  3.309926E+01  2.036318E-02  2.492528E-03                                 111
 4.052500E+02  3.311989E+01  2.036318E-02  2.490952E-03                                 111
 4.055000E+02  3.314051E+01  2.036318E-02  2.489378E-03                                 111
 4.057500E+02  3.316114E+01  2.036318E-02  2.487806E-03                                 111
 4.060000E+02  3.318176E+01  2.036318E-02  2.486235E-03                                 111
 4.062500E+02  3.320238E+01  2.036318E-02  2.484667E-03                                 111
 4.065000E+02  3.322301E+01  2.036318E-02  2.483101E-03                                 111
 4.067500E+02  3.324363E+01  2.036318E-02  2.481537E-03                                 111
 4.070000E+02  3.326426E+01  2.036318E-02  2.479975E-03                                 111
 4.072500E+02  3.328488E+01  2.036318E-02  2.478415E-03                                 111
 4.075000E+02  3.330550E+01  2.036318E-02  2.476857E-03                                 111
 4.077500E+02  3.332613E+01  2.036318E-02  2.475301E-03                                 111
 4.080000E+02  3.334675E+01  2.036318E-02  2.473747E-03                                 111
 4.082500E+02  3.336737E+01  2.036318E-02  2.472195E-03                                 111
 4.085000E+02  3.338799E+01  2.036318E-02  2.470645E-03                                 111
 4.087500E+02  3.340862E+01  2.036318E-02  2.469097E-03                                 111
 4.090000E+02  3.342924E+01  2.036318E-02  2.467551E-03                                 111
 4.092500E+02  3.344986E+01  2.036318E-02  2.466007E-03                                 111
 4.095000E+02  3.347048E+01  2.036318E-02  2.464465E-03                                 111
 4.097500E+02  3.349110E+01  2.036318E-02  2.462925E-03                                 111
 4.100000E+02  3.351173E+01  2.036318E-02  2.461387E-03                                 111
 4.102500E+02  3.353235E+01  2.036318E-02  2.459851E-03                                 111
 4.105000E+02  3.355297E+01  2.036318E-02  2.458317E-03                                 111
 4.107500E+02  3.357359E+01  2.036318E-02  2.456785E-03                                 111
 4.110000E+02  3.359421E+01  2.036318E-02  2.455255E-03                                 111
 4.112500E+02  3.361483E+01  2.036318E-02  2.453727E-03                                 111
 4.115000E+02  3.363545E+01  2.036318E-02  2.452201E-03                                 111
 4.117500E+02  3.365607E+01  2.036318E-02  2.450676E-03                                 111
 4.120000E+02  3.367669E+01  2.036318E-02  2.449154E-03                                 111
 4.122500E+02  3.369731E+01  2.036318E-02  2.447634E-03                                 111
 4.125000E+02  3.371793E+01  2.036318E-02  2.446115E-03                                 111
 4.127500E+02  3.373855E+01  2.036318E-02  2.444599E-03                                 111
 4.130000E+02  3.375917E+01  2.036318E-02  2.443084E-03                                 111
 4.132500E+02  3.377979E+01  2.036318E-02  2.441571E-03                                 111
 4.135000E+02  3.380041E+01  2.036318E-02  2.440061E-03                                 111
 4.137500E+02  3.382103E+01  2.036318E-02  2.438552E-03                                 111
 4.140000E+02  3.384164E+01  2.036318E-02  2.437045E-03                                 111
 4.142500E+02  3.386226E+01  2.036318E-02  2.435540E-03                                 111
 4.145000E+02  3.388288E+01  2.036318E-02  2.434037E-03                                 111
 4.147500E+02  3.390350E+01  2.036318E-02  2.432536E-03                                 111
 4.150000E+02  3.392412E+01  2.036318E-02  2.431036E-03                                 111
 4.152500E+02  3.394473E+01  2.036318E-02  2.429539E-03                                 111
 4.155000E+02  3.396535E+01  2.036318E-02  2.428044E-03                                 111
 4.157500E+02  3.398597E+01  2.036318E-02  2.426550E-03                                 111
 4.160000E+02  3.400659E+01  2.036318E-02  2.425058E-03                                 111
 4.162500E+02  3.402720E+01  2.036318E-02  2.423568E-03                                 111
 4.165000E+02  3.404782E+01  2.036318E-02  2.422080E-03                                 111
 4.167500E+02  3.406844E+01  2.036318E-02  2.420594E-03                                 111
 4.170000E+02  3.408905E+01  2.036318E-02  2.419110E-03                                 111
 4.172500E+02  3.410967E+01  2.036318E-02  2.417628E-03                                 111
 4.175000E+02  3.413028E+01  2.036318E-02  2.416147E-03                                 111
 4.177500E+02  3.415090E+01  2.036318E-02  2.414669E-03                                 111
 4.180000E+02  3.417152E+01  2.036318E-02  2.413192E-03                                 111
 4.182500E+02  3.419213E+01  2.036318E-02  2.411717E-03                                 111
 4.185000E+02  3.421275E+01  2.036318E-02  2.410244E-03                                 111
 4.187500E+02  3.423336E+01  2.036318E-02  2.408773E-03                                 111
 4.190000E+02  3.425398E+01  2.036318E-02  2.407303E-03                                 111
 4.192500E+02  3.427459E+01  2.036318E-02  2.405836E-03                                 111
 4.195000E+02  3.429521E+01  2.036318E-02  2.404370E-03                                 111
 4.197500E+02  3.431582E+01  2.036318E-02  2.402906E-03                                 111
 4.200000E+02  3.433644E+01  2.036318E-02  2.401444E-03                                 111
 4.202500E+02  3.435705E+01  2.036318E-02  2.399984E-03                                 111
 4.205000E+02  3.437766E+01  2.036318E-02  2.398525E-03                                 111
 4.207500E+02  3.439828E+01  2.036318E-02  2.397069E-03                                 111
 4.210000E+02  3.441889E+01  2.036318E-02  2.395614E-03                                 111
 4.212500E+02  3.443950E+01  2.036318E-02  2.394161E-03                                 111
 4.215000E+02  3.446012E+01  2.036318E-02  2.392710E-03                                 111
 4.217500E+02  3.448073E+01  2.036318E-02  2.391260E-03                                 111
 4.220000E+02  3.450134E+01  2.036318E-02  2.389813E-03                                 111
 4.222500E+02  3.452196E+01  2.036318E-02  2.388367E-03                                 111
 4.225000E+02  3.454257E+01  2.036318E-02  2.386923E-03                                 111
 4.227500E+02  3.456318E+01  2.036318E-02  2.385481E-03                                 111
 4.230000E+02  3.458379E+01  2.036318E-02  2.384040E-03                                 111
 4.232500E+02  3.460441E+01  2.036318E-02  2.382601E-03                                 111
 4.235000E+02  3.462502E+01  2.036318E-02  2.381165E-03                                 111
 4.237500E+02  3.464563E+01  2.036318E-02  2.379729E-03                                 111
 4.240000E+02  3.466624E+01  2.036318E-02  2.378296E-03                                 111
 4.242500E+02  3.468685E+01  2.036318E-02  2.376864E-03                                 111
 4.245000E+02  3.470747E+01  2.036318E-02  2.375435E-03                                 111
 4.247500E+02  3.472808E+01  2.036318E-02  2.374007E-03                                 111
 4.250000E+02  3.474869E+01  2.036318E-02  2.372580E-03                                 111
 4.252500E+02  3.476930E+01  2.036318E-02  2.371156E-03                                 111
 4.255000E+02  3.478991E+01  2.036318E-02  2.369733E-03                                 111
 4.257500E+02  3.481052E+01  2.036318E-02  2.368312E-03                                 111
 4.260000E+02  3.483113E+01  2.036318E-02  2.366893E-03                                 111
 4.262500E+02  3.485174E+01  2.036318E-02  2.365475E-03                                 111
 4.265000E+02  3.487235E+01  2.036318E-02  2.364059E-03                                 111
 4.267500E+02  3.489296E+01  2.036318E-02  2.362645E-03                                 111
 4.270000E+02  3.491357E+01  2.036318E-02  2.361233E-03                                 111
 4.272500E+02  3.493418E+01  2.036318E-02  2.359822E-03                                 111
 4.275000E+02  3.495479E+01  2.036318E-02  2.358413E-03                                 111
 4.277500E+02  3.497540E+01  2.036318E-02  2.357006E-03                                 111
 4.280000E+02  3.499601E+01  2.036318E-02  2.355600E-03                                 111
 4.282500E+02  3.501662E+01  2.036318E-02  2.354197E-03                                 111
 4.285000E+02  3.503723E+01  2.036318E-02  2.352795E-03                                 111
 4.287500E+02  3.505784E+01  2.036318E-02  2.351394E-03                                 111
 4.290000E+02  3.507844E+01  2.036318E-02  2.349996E-03                                 111
 4.292500E+02  3.509905E+01  2.036318E-02  2.348599E-03                                 111
 4.295000E+02  3.511966E+01  2.036318E-02  2.347203E-03                                 111
 4.297500E+02  3.514027E+01  2.036318E-02  2.345810E-03                                 111
 4.300000E+02  3.516088E+01  2.036318E-02  2.344418E-03                                 111
 4.302500E+02  3.518148E+01  2.036318E-02  2.343028E-03                                 111
 4.305000E+02  3.520209E+01  2.036318E-02  2.341639E-03                                 111
 4.307500E+02  3.522270E+01  2.036318E-02  2.340252E-03                                 111
 4.310000E+02  3.524331E+01  2.036318E-02  2.338867E-03                                 111
 4.312500E+02  3.526391E+01  2.036318E-02  2.337484E-03                                 111
 4.315000E+02  3.528452E+01  2.036318E-02  2.336102E-03                                 111
 4.317500E+02  3.530513E+01  2.036318E-02  2.334722E-03                                 111
 4.320000E+02  3.532574E+01  2.036318E-02  2.333343E-03                                 111
 4.322500E+02  3.534634E+01  2.036318E-02  2.331966E-03                                 111
 4.325000E+02  3.536695E+01  2.036318E-02  2.330591E-03                                 111
 4.327500E+02  3.538756E+01  2.036318E-02  2.329218E-03                                 111
 4.330000E+02  3.540816E+01  2.036318E-02  2.327846E-03                                 111
 4.332500E+02  3.542877E+01  2.036318E-02  2.326476E-03                                 111
 4.335000E+02  3.544937E+01  2.036318E-02  2.325107E-03                                 111
 4.337500E+02  3.546998E+01  2.036318E-02  2.323740E-03                                 111
 4.340000E+02  3.549059E+01  2.036318E-02  2.322375E-03                                 111
 4.342500E+02  3.551119E+01  2.036318E-02  2.321011E-03                                 111
 4.345000E+02  3.553180E+01  2.036318E-02  2.319649E-03                                 111
 4.347500E+02  3.555240E+01  2.036318E-02  2.318289E-03                                 111
 4.350000E+02  3.557301E+01  2.036318E-02  2.316930E-03                                 111
 4.352500E+02  3.559361E+01  2.036318E-02  2.315573E-03                                 111
 4.355000E+02  3.561422E+01  2.036318E-02  2.314218E-03                                 111
 4.357500E+02  3.563482E+01  2.036318E-02  2.312864E-03                                 111
 4.360000E+02  3.565543E+01  2.036318E-02  2.311511E-03                                 111
 4.362500E+02  3.567603E+01  2.036318E-02  2.310161E-03                                 111
 4.365000E+02  3.569663E+01  2.036318E-02  2.308812E-03                                 111
 4.367500E+02  3.571724E+01  2.036318E-02  2.307464E-03                                 111
 4.370000E+02  3.573784E+01  2.036318E-02  2.306118E-03                                 111
 4.372500E+02  3.575845E+01  2.036318E-02  2.304774E-03                                 111
 4.375000E+02  3.577905E+01  2.036318E-02  2.303432E-03                                 111
 4.377500E+02  3.579965E+01  2.036318E-02  2.302090E-03                                 111
 4.380000E+02  3.582026E+01  2.036318E-02  2.300751E-03                                 111
 4.382500E+02  3.584086E+01  2.036318E-02  2.299413E-03                                 111
 4.385000E+02  3.586146E+01  2.036318E-02  2.298077E-03                                 111
 4.387500E+02  3.588207E+01  2.036318E-02  2.296742E-03                                 111
 4.390000E+02  3.590267E+01  2.036318E-02  2.295409E-03                                 111
 4.392500E+02  3.592327E+01  2.036318E-02  2.294078E-03                                 111
 4.395000E+02  3.594387E+01  2.036318E-02  2.292748E-03                                 111
 4.397500E+02  3.596448E+01  2.036318E-02  2.291419E-03                                 111
 4.400000E+02  3.598508E+01  2.036318E-02  2.290092E-03                                 111
 4.402500E+02  3.600568E+01  2.036318E-02  2.288767E-03                                 111
 4.405000E+02  3.602628E+01  2.036318E-02  2.287443E-03                                 111
 4.407500E+02  3.604689E+01  2.036318E-02  2.286121E-03                                 111
 4.410000E+02  3.606749E+01  2.036318E-02  2.284801E-03                                 111
 4.412500E+02  3.608809E+01  2.036318E-02  2.283482E-03                                 111
 4.415000E+02  3.610869E+01  2.036318E-02  2.282164E-03                                 111
 4.417500E+02  3.612929E+01  2.036318E-02  2.280848E-03                                 111
 4.420000E+02  3.614989E+01  2.036318E-02  2.279534E-03                                 111
 4.422500E+02  3.617049E+01  2.036318E-02  2.278221E-03                                 111
 4.425000E+02  3.619110E+01  2.036318E-02  2.276910E-03                                 111
 4.427500E+02  3.621170E+01  2.036318E-02  2.275600E-03                                 111
 4.430000E+02  3.623230E+01  2.036318E-02  2.274292E-03                                 111
 4.432500E+02  3.625290E+01  2.036318E-02  2.272985E-03                                 111
 4.435000E+02  3.627350E+01  2.036318E-02  2.271680E-03                                 111
 4.437500E+02  3.629410E+01  2.036318E-02  2.270376E-03                                 111
 4.440000E+02  3.631470E+01  2.036318E-02  2.269074E-03                                 111
 4.442500E+02  3.633530E+01  2.036318E-02  2.267773E-03                                 111
 4.445000E+02  3.635590E+01  2.036318E-02  2.266474E-03                                 111
 4.447500E+02  3.637650E+01  2.036318E-02  2.265177E-03                                 111
 4.450000E+02  3.639710E+01  2.036318E-02  2.263881E-03                                 111
 4.452500E+02  3.641770E+01  2.036318E-02  2.262586E-03                                 111
 4.455000E+02  3.643830E+01  2.036318E-02  2.261293E-03                                 111
 4.457500E+02  3.645890E+01  2.036318E-02  2.260002E-03                                 111
 4.460000E+02  3.647950E+01  2.036318E-02  2.258712E-03                                 111
 4.462500E+02  3.650010E+01  2.036318E-02  2.257423E-03                                 111
 4.465000E+02  3.652069E+01  2.036318E-02  2.256136E-03                                 111
 4.467500E+02  3.654129E+01  2.036318E-02  2.254850E-03                                 111
 4.470000E+02  3.656189E+01  2.036318E-02  2.253566E-03                                 111
 4.472500E+02  3.658249E+01  2.036318E-02  2.252284E-03                                 111
 4.475000E+02  3.660309E+01  2.036318E-02  2.251003E-03                                 111
 4.477500E+02  3.662369E+01  2.036318E-02  2.249723E-03                                 111
 4.480000E+02  3.664429E+01  2.036318E-02  2.248445E-03                                 111
 4.482500E+02  3.666488E+01  2.036318E-02  2.247168E-03                                 111
 4.485000E+02  3.668548E+01  2.036318E-02  2.245893E-03                                 111
 4.487500E+02  3.670608E+01  2.036318E-02  2.244619E-03                                 111
 4.490000E+02  3.672668E+01  2.036318E-02  2.243347E-03                                 111
 4.492500E+02  3.674728E+01  2.036318E-02  2.242076E-03                                 111
 4.495000E+02  3.676787E+01  2.036318E-02  2.240807E-03                                 111
 4.497500E+02  3.678847E+01  2.036318E-02  2.239539E-03                                 111
 4.500000E+02  3.680907E+01  2.036318E-02  2.238273E-03                                 111
 4.502500E+02  3.682966E+01  2.036318E-02  2.237008E-03                                 111
 4.505000E+02  3.685026E+01  2.036318E-02  2.235744E-03                                 111
 4.507500E+02  3.687086E+01  2.036318E-02  2.234482E-03                                 111
 4.510000E+02  3.689146E+01  2.036318E-02  2.233222E-03                                 111
 4.512500E+02  3.691205E+01  2.036318E-02  2.231963E-03                                 111
 4.515000E+02  3.693265E+01  2.036318E-02  2.230705E-03                                 111
 4.517500E+02  3.695324E+01  2.036318E-02  2.229449E-03                                 111
 4.520000E+02  3.697384E+01  2.036318E-02  2.228194E-03                                 111
 4.522500E+02  3.699444E+01  2.036318E-02  2.226941E-03                                 111
 4.525000E+02  3.701503E+01  2.036318E-02  2.225689E-03                                 111
 4.527500E+02  3.703563E+01  2.036318E-02  2.224438E-03                                 111
 4.530000E+02  3.705623E+01  2.036318E-02  2.223189E-03                                 111
 4.532500E+02  3.707682E+01  2.036318E-02  2.221941E-03                                 111
 4.535000E+02  3.709742E+01  2.036318E-02  2.220695E-03                                 111
 4.537500E+02  3.711801E+01  2.036318E-02  2.219450E-03                                 111
 4.540000E+02  3.713861E+01  2.036318E-02  2.218207E-03                                 111
 4.542500E+02  3.715920E+01  2.036318E-02  2.216965E-03                                 111
 4.545000E+02  3.717980E+01  2.036318E-02  2.215724E-03                                 111
 4.547500E+02  3.720039E+01  2.036318E-02  2.214485E-03                                 111
 4.550000E+02  3.722099E+01  2.036318E-02  2.213248E-03                                 111
 4.552500E+02  3.724158E+01  2.036318E-02  2.212011E-03                                 111
 4.555000E+02  3.726218E+01  2.036318E-02  2.210776E-03                                 111
 4.557500E+02  3.728277E+01  2.036318E-02  2.209543E-03                                 111
 4.560000E+02  3.730337E+01  2.036318E-02  2.208311E-03                                 111
 4.562500E+02  3.732396E+01  2.036318E-02  2.207080E-03                                 111
 4.565000E+02  3.734455E+01  2.036318E-02  2.205851E-03                                 111
 4.567500E+02  3.736515E+01  2.036318E-02  2.204623E-03                                 111
 4.570000E+02  3.738574E+01  2.036318E-02  2.203396E-03                                 111
 4.572500E+02  3.740634E+01  2.036318E-02  2.202171E-03                                 111
 4.575000E+02  3.742693E+01  2.036318E-02  2.200947E-03                                 111
 4.577500E+02  3.744752E+01  2.036318E-02  2.199725E-03                                 111
 4.580000E+02  3.746812E+01  2.036318E-02  2.198504E-03                                 111
 4.582500E+02  3.748871E+01  2.036318E-02  2.197284E-03                                 111
 4.585000E+02  3.750930E+01  2.036318E-02  2.196066E-03                                 111
 4.587500E+02  3.752990E+01  2.036318E-02  2.194849E-03                                 111
 4.590000E+02  3.755049E+01  2.036318E-02  2.193633E-03                                 111
 4.592500E+02  3.757108E+01  2.036318E-02  2.192419E-03                                 111
 4.595000E+02  3.759168E+01  2.036318E-02  2.191206E-03                                 111
 4.597500E+02  3.761227E+01  2.036318E-02  2.189995E-03                                 111
 4.600000E+02  3.763286E+01  2.036318E-02  2.188785E-03                                 111
 4.602500E+02  3.765345E+01  2.036318E-02  2.187576E-03                                 111
 4.605000E+02  3.767405E+01  2.036318E-02  2.186368E-03                                 111
 4.607500E+02  3.769464E+01  2.036318E-02  2.185162E-03                                 111
 4.610000E+02  3.771523E+01  2.036318E-02  2.183958E-03                                 111
 4.612500E+02  3.773582E+01  2.036318E-02  2.182754E-03                                 111
 4.615000E+02  3.775641E+01  2.036318E-02  2.181552E-03                                 111
 4.617500E+02  3.777701E+01  2.036318E-02  2.180352E-03                                 111
 4.620000E+02  3.779760E+01  2.036318E-02  2.179152E-03                                 111
 4.622500E+02  3.781819E+01  2.036318E-02  2.177954E-03                                 111
 4.625000E+02  3.783878E+01  2.036318E-02  2.176758E-03                                 111
 4.627500E+02  3.785937E+01  2.036318E-02  2.175563E-03                                 111
 4.630000E+02  3.787996E+01  2.036318E-02  2.174369E-03                                 111
 4.632500E+02  3.790055E+01  2.036318E-02  2.173176E-03                                 111
 4.635000E+02  3.792115E+01  2.036318E-02  2.171985E-03                                 111
 4.637500E+02  3.794174E+01  2.036318E-02  2.170795E-03                                 111
 4.640000E+02  3.796233E+01  2.036318E-02  2.169606E-03                                 111
 4.642500E+02  3.798292E+01  2.036318E-02  2.168419E-03                                 111
 4.645000E+02  3.800351E+01  2.036318E-02  2.167233E-03                                 111
 4.647500E+02  3.802410E+01  2.036318E-02  2.166048E-03                                 111
 4.650000E+02  3.804469E+01  2.036318E-02  2.164864E-03                                 111
 4.652500E+02  3.806528E+01  2.036318E-02  2.163682E-03                                 111
 4.655000E+02  3.808587E+01  2.036318E-02  2.162502E-03                                 111
 4.657500E+02  3.810646E+01  2.036318E-02  2.161322E-03                                 111
 4.660000E+02  3.812705E+01  2.036318E-02  2.160144E-03                                 111
 4.662500E+02  3.814764E+01  2.036318E-02  2.158967E-03                                 111
 4.665000E+02  3.816823E+01  2.036318E-02  2.157792E-03                                 111
 4.667500E+02  3.818882E+01  2.036318E-02  2.156617E-03                                 111
 4.670000E+02  3.820941E+01  2.036318E-02  2.155444E-03                                 111
 4.672500E+02  3.823000E+01  2.036318E-02  2.154273E-03                                 111
 4.675000E+02  3.825059E+01  2.036318E-02  2.153102E-03                                 111
 4.677500E+02  3.827118E+01  2.036318E-02  2.151933E-03                                 111
 4.680000E+02  3.829177E+01  2.036318E-02  2.150765E-03                                 111
 4.682500E+02  3.831236E+01  2.036318E-02  2.149599E-03                                 111
 4.685000E+02  3.833295E+01  2.036318E-02  2.148434E-03                                 111
 4.687500E+02  3.835353E+01  2.036318E-02  2.147270E-03                                 111
 4.690000E+02  3.837412E+01  2.036318E-02  2.146107E-03                                 111
 4.692500E+02  3.839471E+01  2.036318E-02  2.144946E-03                                 111
 4.695000E+02  3.841530E+01  2.036318E-02  2.143786E-03                                 111
 4.697500E+02  3.843589E+01  2.036318E-02  2.142627E-03                                 111
 4.700000E+02  3.845648E+01  2.036318E-02  2.141469E-03                                 111
 4.702500E+02  3.847707E+01  2.036318E-02  2.140313E-03                                 111
 4.705000E+02  3.849765E+01  2.036318E-02  2.139158E-03                                 111
 4.707500E+02  3.851824E+01  2.036318E-02  2.138004E-03                                 111
 4.710000E+02  3.853883E+01  2.036318E-02  2.136851E-03                                 111
 4.712500E+02  3.855942E+01  2.036318E-02  2.135700E-03                                 111
 4.715000E+02  3.858001E+01  2.036318E-02  2.134550E-03                                 111
 4.717500E+02  3.860059E+01  2.036318E-02  2.133401E-03                                 111
 4.720000E+02  3.862118E+01  2.036318E-02  2.132254E-03                                 111
 4.722500E+02  3.864177E+01  2.036318E-02  2.131108E-03                                 111
 4.725000E+02  3.866236E+01  2.036318E-02  2.129963E-03                                 111
 4.727500E+02  3.868294E+01  2.036318E-02  2.128819E-03                                 111
 4.730000E+02  3.870353E+01  2.036318E-02  2.127676E-03                                 111
 4.732500E+02  3.872412E+01  2.036318E-02  2.126535E-03                                 111
 4.735000E+02  3.874470E+01  2.036318E-02  2.125395E-03                                 111
 4.737500E+02  3.876529E+01  2.036318E-02  2.124256E-03                                 111
 4.740000E+02  3.878588E+01  2.036318E-02  2.123119E-03                                 111
 4.742500E+02  3.880646E+01  2.036318E-02  2.121982E-03                                 111
 4.745000E+02  3.882705E+01  2.036318E-02  2.120847E-03                                 111
 4.747500E+02  3.884764E+01  2.036318E-02  2.119713E-03                                 111
 4.750000E+02  3.886822E+01  2.036318E-02  2.118581E-03                                 111
 4.752500E+02  3.888881E+01  2.036318E-02  2.117449E-03                                 111
 4.755000E+02  3.890940E+01  2.036318E-02  2.116319E-03                                 111
 4.757500E+02  3.892998E+01  2.036318E-02  2.115190E-03                                 111
 4.760000E+02  3.895057E+01  2.036318E-02  2.114063E-03                                 111
 4.762500E+02  3.897116E+01  2.036318E-02  2.112936E-03                                 111
 4.765000E+02  3.899174E+01  2.036318E-02  2.111811E-03                                 111
 4.767500E+02  3.901233E+01  2.036318E-02  2.110687E-03                                 111
 4.770000E+02  3.903291E+01  2.036318E-02  2.109564E-03                                 111
 4.772500E+02  3.905350E+01  2.036318E-02  2.108442E-03                                 111
 4.775000E+02  3.907408E+01  2.036318E-02  2.107322E-03                                 111
 4.777500E+02  3.909467E+01  2.036318E-02  2.106202E-03                                 111
 4.780000E+02  3.911525E+01  2.036318E-02  2.105084E-03                                 111
 4.782500E+02  3.913584E+01  2.036318E-02  2.103967E-03                                 111
 4.785000E+02  3.915642E+01  2.036318E-02  2.102852E-03                                 111
 4.787500E+02  3.917701E+01  2.036318E-02  2.101737E-03                                 111
 4.790000E+02  3.919759E+01  2.036318E-02  2.100624E-03                                 111
 4.792500E+02  3.921818E+01  2.036318E-02  2.099512E-03                                 111
 4.795000E+02  3.923876E+01  2.036318E-02  2.098401E-03                                 111
 4.797500E+02  3.925935E+01  2.036318E-02  2.097291E-03                                 111
 4.800000E+02  3.927993E+01  2.036318E-02  2.096183E-03                                 111
 4.802500E+02  3.930052E+01  2.036318E-02  2.095076E-03                                 111
 4.805000E+02  3.932110E+01  2.036318E-02  2.093970E-03                                 111
 4.807500E+02  3.934169E+01  2.036318E-02  2.092865E-03                                 111
 4.810000E+02  3.936227E+01  2.036318E-02  2.091761E-03                                 111
 4.812500E+02  3.938285E+01  2.036318E-02  2.090658E-03                                 111
 4.815000E+02  3.940344E+01  2.036318E-02  2.089557E-03                                 111
 4.817500E+02  3.942402E+01  2.036318E-02  2.088457E-03                                 111
 4.820000E+02  3.944461E+01  2.036318E-02  2.087358E-03                                 111
 4.822500E+02  3.946519E+01  2.036318E-02  2.086260E-03                                 111
 4.825000E+02  3.948577E+01  2.036318E-02  2.085163E-03                                 111
 4.827500E+02  3.950636E+01  2.036318E-02  2.084067E-03                                 111
 4.830000E+02  3.952694E+01  2.036318E-02  2.082973E-03                                 111
 4.832500E+02  3.954752E+01  2.036318E-02  2.081880E-03                                 111
 4.835000E+02  3.956811E+01  2.036318E-02  2.080788E-03                                 111
 4.837500E+02  3.958869E+01  2.036318E-02  2.079697E-03                                 111
 4.840000E+02  3.960927E+01  2.036318E-02  2.078607E-03                                 111
 4.842500E+02  3.962986E+01  2.036318E-02  2.077518E-03                                 111
 4.845000E+02  3.965044E+01  2.036318E-02  2.076431E-03                                 111
 4.847500E+02  3.967102E+01  2.036318E-02  2.075345E-03                                 111
 4.850000E+02  3.969160E+01  2.036318E-02  2.074260E-03                                 111
 4.852500E+02  3.971219E+01  2.036318E-02  2.073176E-03                                 111
 4.855000E+02  3.973277E+01  2.036318E-02  2.072093E-03                                 111
 4.857500E+02  3.975335E+01  2.036318E-02  2.071011E-03                                 111
 4.860000E+02  3.977393E+01  2.036318E-02  2.069931E-03                                 111
 4.862500E+02  3.979452E+01  2.036318E-02  2.068851E-03                                 111
 4.865000E+02  3.981510E+01  2.036318E-02  2.067773E-03                                 111
 4.867500E+02  3.983568E+01  2.036318E-02  2.066696E-03                                 111
 4.870000E+02  3.985626E+01  2.036318E-02  2.065620E-03                                 111
 4.872500E+02  3.987684E+01  2.036318E-02  2.064545E-03                                 111
 4.875000E+02  3.989743E+01  2.036318E-02  2.063471E-03                                 111
 4.877500E+02  3.991801E+01  2.036318E-02  2.062399E-03                                 111
 4.880000E+02  3.993859E+01  2.036318E-02  2.061327E-03                                 111
 4.882500E+02  3.995917E+01  2.036318E-02  2.060257E-03                                 111
 4.885000E+02  3.997975E+01  2.036318E-02  2.059187E-03                                 111
 4.887500E+02  4.000033E+01  2.036318E-02  2.058119E-03                                 111
 4.890000E+02  4.002092E+01  2.036318E-02  2.057052E-03                                 111
 4.892500E+02  4.004150E+01  2.036318E-02  2.055987E-03                                 111
 4.895000E+02  4.006208E+01  2.036318E-02  2.054922E-03                                 111
 4.897500E+02  4.008266E+01  2.036318E-02  2.053858E-03                                 111
 4.900000E+02  4.010324E+01  2.036318E-02  2.052796E-03                                 111
 4.902500E+02  4.012382E+01  2.036318E-02  2.051734E-03                                 111
 4.905000E+02  4.014440E+01  2.036318E-02  2.050674E-03                                 111
 4.907500E+02  4.016498E+01  2.036318E-02  2.049615E-03                                 111
 4.910000E+02  4.018556E+01  2.036318E-02  2.048557E-03                                 111
 4.912500E+02  4.020614E+01  2.036318E-02  2.047500E-03                                 111
 4.915000E+02  4.022672E+01  2.036318E-02  2.046444E-03                                 111
 4.917500E+02  4.024730E+01  2.036318E-02  2.045389E-03                                 111
 4.920000E+02  4.026789E+01  2.036318E-02  2.044335E-03                                 111
 4.922500E+02  4.028847E+01  2.036318E-02  2.043283E-03                                 111
 4.925000E+02  4.030905E+01  2.036318E-02  2.042231E-03                                 111
 4.927500E+02  4.032963E+01  2.036318E-02  2.041181E-03                                 111
 4.930000E+02  4.035021E+01  2.036318E-02  2.040132E-03                                 111
 4.932500E+02  4.037079E+01  2.036318E-02  2.039083E-03                                 111
 4.935000E+02  4.039137E+01  2.036318E-02  2.038036E-03                                 111
 4.937500E+02  4.041194E+01  2.036318E-02  2.036990E-03                                 111
 4.940000E+02  4.043252E+01  2.036318E-02  2.035945E-03                                 111
 4.942500E+02  4.045310E+01  2.036318E-02  2.034901E-03                                 111
 4.945000E+02  4.047368E+01  2.036318E-02  2.033859E-03                                 111
 4.947500E+02  4.049426E+01  2.036318E-02  2.032817E-03                                 111
 4.950000E+02  4.051484E+01  2.036318E-02  2.031776E-03                                 111
 4.952500E+02  4.053542E+01  2.036318E-02  2.030737E-03                                 111
 4.955000E+02  4.055600E+01  2.036318E-02  2.029698E-03                                 111
 4.957500E+02  4.057658E+01  2.036318E-02  2.028661E-03                                 111
 4.960000E+02  4.059716E+01  2.036318E-02  2.027625E-03                                 111
 4.962500E+02  4.061774E+01  2.036318E-02  2.026589E-03                                 111
 4.965000E+02  4.063832E+01  2.036318E-02  2.025555E-03                                 111
 4.967500E+02  4.065890E+01  2.036318E-02  2.024522E-03                                 111
 4.970000E+02  4.067947E+01  2.036318E-02  2.023490E-03                                 111
 4.972500E+02  4.070005E+01  2.036318E-02  2.022459E-03                                 111
 4.975000E+02  4.072063E+01  2.036318E-02  2.021429E-03                                 111
 4.977500E+02  4.074121E+01  2.036318E-02  2.020400E-03                                 111
 4.980000E+02  4.076179E+01  2.036318E-02  2.019372E-03                                 111
 4.982500E+02  4.078237E+01  2.036318E-02  2.018346E-03                                 111
 4.985000E+02  4.080294E+01  2.036318E-02  2.017320E-03                                 111
 4.987500E+02  4.082352E+01  2.036318E-02  2.016295E-03                                 111
 4.990000E+02  4.084410E+01  2.036318E-02  2.015272E-03                                 111
 4.992500E+02  4.086468E+01  2.036318E-02  2.014249E-03                                 111
 4.995000E+02  4.088526E+01  2.036318E-02  2.013228E-03                                 111
 4.997500E+02  4.090583E+01  2.036318E-02  2.012207E-03                                 111
 5.000000E+02  4.092641E+01  2.036318E-02  2.011192E-03                                 111
